,word,corpus,iliad,odyssey
0,μῆνιν,12,9,3
1,ἄειδε,10,3,7
2,θεά,134,74,60
3,Πηληϊάδεω,10,8,2
4,Ἀχιλῆος,32,28,4
5,οὐλομένην,3,2,1
6,ἥ,352,223,129
7,μυρί,6,2,4
8,Ἀχαιοῖς,10,10,0
9,ἄλγε,22,11,11
10,ἔθηκε,38,30,8
11,πολλάς,14,11,3
12,δ,6511,3717,2794
13,ἰφθίμους,3,2,1
14,ψυχάς,11,3,8
15,Ἄϊδι,7,7,0
16,προΐαψεν,1,1,0
17,ἡρώων,16,7,9
18,αὐτούς,41,24,17
19,δέ,4455,2748,1707
20,ἑλώρια,1,1,0
21,τεῦχε,5,2,3
22,κύνεσσιν,3,3,0
23,οἰωνοῖσί,1,1,0
24,τε,2650,1508,1142
25,πᾶσι,69,35,34
26,Διός,255,171,84
27,ἐτελείετο,2,1,1
28,βουλή,19,8,11
29,ἐξ,276,156,120
30,οὗ,45,24,21
31,δή,965,478,487
32,τά,306,148,158
33,πρῶτα,63,36,27
34,διαστήτην,2,2,0
35,ἐρίσαντε,1,1,0
36,Ἀτρεΐδης,77,66,11
37,ἄναξ,93,72,21
38,ἀνδρῶν,336,197,139
39,καί,5282,2849,2433
40,δῖος,188,91,97
41,Ἀχιλλεύς,173,171,2
42,τίς,201,86,115
43,τ,1103,614,489
44,ἄρ,640,367,273
45,σφωε,4,3,1
46,θεῶν,181,112,69
47,ἔριδι,7,7,0
48,ξυνέηκε,5,5,0
49,μάχεσθαι,105,97,8
50,Λητοῦς,3,3,0
51,υἱός,216,140,76
52,ὅ,910,750,160
53,γάρ,1400,765,635
54,βασιλῆϊ,12,7,5
55,χολωθείς,7,6,1
56,νοῦσον,2,1,1
57,ἀνά,138,71,67
58,στρατόν,47,46,1
59,ὄρσε,2,2,0
60,κακήν,10,7,3
61,ὀλέκοντο,1,1,0
62,λαοί,47,35,12
63,οὕνεκα,23,11,12
64,τόν,999,586,413
65,Χρύσην,6,6,0
66,ἠτίμασεν,1,1,0
67,ἀρητῆρα,1,1,0
68,ἦλθε,100,58,42
69,θοάς,17,16,1
70,ἐπί,841,452,389
71,νῆας,180,158,22
72,Ἀχαιῶν,375,320,55
73,λυσόμενός,2,2,0
74,θύγατρα,7,3,4
75,φέρων,56,25,31
76,ἀπερείσι,11,11,0
77,ἄποινα,26,26,0
78,στέμματ,2,2,0
79,ἔχων,89,58,31
80,ἐν,1417,797,620
81,χερσίν,121,71,50
82,ἑκηβόλου,2,2,0
83,Ἀπόλλωνος,17,12,5
84,χρυσέῳ,9,5,4
85,σκήπτρῳ,8,8,0
86,λίσσετο,3,2,1
87,πάντας,127,69,58
88,Ἀχαιούς,123,101,22
89,Ἀτρεΐδα,3,3,0
90,μάλιστα,90,50,40
91,δύω,92,63,29
92,κοσμήτορε,3,3,0
93,λαῶν,106,73,33
94,Ἀτρεΐδαι,3,3,0
95,ἄλλοι,176,109,67
96,ἐϋκνήμιδες,17,17,0
97,Ἀχαιοί,200,162,38
98,ὑμῖν,37,16,21
99,μέν,1880,1063,817
100,θεοί,200,96,104
101,δοῖεν,10,4,6
102,Ὀλύμπια,13,10,3
103,δώματ,52,16,36
104,ἔχοντες,53,32,21
105,ἐκπέρσαι,3,3,0
106,Πριάμοιο,69,63,6
107,πόλιν,94,54,40
108,εὖ,147,85,62
109,οἴκαδ,45,15,30
110,ἱκέσθαι,56,11,45
111,παῖδα,33,18,15
112,ἐμοί,169,71,98
113,λύσαιτε,1,1,0
114,φίλην,54,31,23
115,δέχεσθαι,3,2,1
116,ἁζόμενοι,2,1,1
117,υἱόν,170,135,35
118,ἑκηβόλον,1,1,0
119,Ἀπόλλωνα,10,10,0
120,ἔνθ,177,93,84
121,πάντες,214,110,104
122,ἐπευφήμησαν,2,2,0
123,αἰδεῖσθαί,2,2,0
124,θ,219,121,98
125,ἱερῆα,3,3,0
126,ἀγλαά,33,17,16
127,δέχθαι,2,2,0
128,ἀλλ,935,494,441
129,οὐκ,375,201,174
130,Ἀτρεΐδῃ,14,11,3
131,Ἀγαμέμνονι,31,25,6
132,ἥνδανε,11,4,7
133,θυμῷ,230,117,113
134,ἀλλά,494,281,213
135,κακῶς,21,8,13
136,ἀφίει,7,6,1
137,κρατερόν,27,24,3
138,μῦθον,157,92,65
139,ἔτελλε,4,4,0
140,μή,520,305,215
141,σε,277,124,153
142,γέρον,40,21,19
143,κοίλῃσιν,1,1,0
144,ἐγώ,528,215,313
145,παρά,254,151,103
146,νηυσί,96,75,21
147,κιχείω,6,6,0
148,ἤ,451,247,204
149,νῦν,589,340,249
150,δηθύνοντ,1,1,0
151,ὕστερον,15,11,4
152,αὖτις,128,86,42
153,ἰόντα,16,12,4
154,νύ,117,65,52
155,τοι,774,325,449
156,οὐ,538,284,254
157,χραίσμῃ,3,3,0
158,σκῆπτρον,23,14,9
159,στέμμα,1,1,0
160,θεοῖο,16,8,8
161,τήν,318,149,169
162,λύσω,4,4,0
163,πρίν,195,112,83
164,μιν,644,337,307
165,γῆρας,17,9,8
166,ἔπεισιν,3,2,1
167,ἡμετέρῳ,7,2,5
168,ἐνί,541,230,311
169,οἴκῳ,55,5,50
170,Ἄργεϊ,6,4,2
171,τηλόθι,9,7,2
172,πάτρης,16,10,6
173,ἱστόν,39,8,31
174,ἐποιχομένην,1,1,0
175,ἐμόν,104,48,56
176,λέχος,20,9,11
177,ἀντιόωσαν,1,1,0
178,ἴθι,22,18,4
179,μ,287,117,170
180,ἐρέθιζε,2,2,0
181,σαώτερος,1,1,0
182,ὥς,1438,810,628
183,κε,302,179,123
184,νέηαι,1,1,0
185,ἔφατ,181,94,87
186,ἔδεισεν,8,7,1
187,γέρων,93,63,30
188,ἐπείθετο,6,4,2
189,μύθῳ,35,18,17
190,βῆ,139,86,53
191,ἀκέων,13,5,8
192,θῖνα,18,3,15
193,πολυφλοίσβοιο,8,6,2
194,θαλάσσης,87,31,56
195,πολλά,278,132,146
196,ἔπειτ,103,54,49
197,ἀπάνευθε,35,27,8
198,κιών,27,10,17
199,ἠρᾶθ,2,2,0
200,γεραιός,13,12,1
201,Ἀπόλλωνι,8,7,1
202,ἄνακτι,26,16,10
203,ἠΰκομος,3,3,0
204,τέκε,39,25,14
205,Λητώ,9,6,3
206,κλῦθί,7,4,3
207,μευ,65,25,40
208,ἀργυρότοξ,2,2,0
209,ὅς,602,375,227
210,ἀμφιβέβηκας,2,2,0
211,Κίλλάν,1,1,0
212,ζαθέην,4,4,0
213,Τενέδοιό,2,2,0
214,ἶφι,17,13,4
215,ἀνάσσεις,10,8,2
216,Σμινθεῦ,1,1,0
217,εἴ,270,147,123
218,ποτέ,41,23,18
219,χαρίεντ,1,1,0
220,νηόν,7,6,1
221,ἔρεψα,2,1,1
222,εἰ,399,236,163
223,κατά,579,319,260
224,πίονα,26,9,17
225,μηρί,11,4,7
226,ἔκηα,2,2,0
227,ταύρων,5,3,2
228,ἠδ,205,119,86
229,αἰγῶν,21,6,15
230,τό,296,190,106
231,μοι,745,312,433
232,κρήηνον,2,2,0
233,ἐέλδωρ,10,6,4
234,τίσειαν,1,1,0
235,Δαναοί,25,23,2
236,ἐμά,15,4,11
237,δάκρυα,22,10,12
238,σοῖσι,8,3,5
239,βέλεσσιν,3,3,0
240,εὐχόμενος,31,25,6
241,τοῦ,228,134,94
242,ἔκλυε,14,10,4
243,Φοῖβος,40,38,2
244,Ἀπόλλων,112,97,15
245,κατ,148,93,55
246,Οὐλύμποιο,24,22,2
247,καρήνων,8,6,2
248,χωόμενος,17,12,5
249,κῆρ,75,43,32
250,τόξ,2,2,0
251,ὤμοισιν,24,18,6
252,ἀμφηρεφέα,1,1,0
253,φαρέτρην,7,3,4
254,ἔκλαγξαν,1,1,0
255,ὀϊστοί,9,5,4
256,ἐπ,395,222,173
257,ὤμων,31,28,3
258,χωομένοιο,4,4,0
259,αὐτοῦ,172,75,97
260,κινηθέντος,1,1,0
261,ἤϊε,9,9,0
262,νυκτί,20,10,10
263,ἐοικώς,27,19,8
264,ἕζετ,17,3,14
265,νεῶν,42,40,2
266,μετά,244,152,92
267,ἰόν,7,5,2
268,ἕηκε,1,1,0
269,δεινή,14,6,8
270,κλαγγή,5,3,2
271,γένετ,28,24,4
272,ἀργυρέοιο,8,2,6
273,βιοῖο,3,2,1
274,οὐρῆας,1,1,0
275,πρῶτον,87,50,37
276,ἐπῴχετο,9,6,3
277,κύνας,23,18,5
278,ἀργούς,1,1,0
279,αὐτάρ,770,361,409
280,αὐτοῖσι,7,5,2
281,βέλος,44,37,7
282,ἐχεπευκές,2,2,0
283,ἐφιείς,1,1,0
284,βάλλ,3,2,1
285,αἰεί,163,84,79
286,πυραί,1,1,0
287,νεκύων,20,9,11
288,καίοντο,2,2,0
289,θαμειαί,4,4,0
290,ἐννῆμαρ,12,7,5
291,ᾤχετο,16,9,7
292,κῆλα,3,3,0
293,τῇ,126,73,53
294,δεκάτῃ,8,3,5
295,ἀγορήν,33,17,16
296,καλέσσατο,3,3,0
297,λαόν,78,70,8
298,τῷ,332,180,152
299,φρεσί,134,66,68
300,θῆκε,38,13,25
301,λευκώλενος,30,24,6
302,Ἥρη,99,96,3
303,κήδετο,4,1,3
304,Δαναῶν,71,63,8
305,ὅτι,42,25,17
306,ῥα,212,147,65
307,θνήσκοντας,1,1,0
308,ὁρᾶτο,3,3,0
309,οἵ,768,582,186
310,ἐπεί,745,367,378
311,οὖν,85,48,37
312,ἤγερθεν,5,2,3
313,ὁμηγερέες,9,6,3
314,γένοντο,13,10,3
315,τοῖσι,142,80,62
316,ἀνιστάμενος,3,3,0
317,μετέφη,14,5,9
318,πόδας,85,64,21
319,ὠκύς,39,38,1
320,Ἀτρεΐδη,49,36,13
321,ἄμμε,13,9,4
322,παλιμπλαγχθέντας,1,1,0
323,ὀΐω,57,32,25
324,ἄψ,110,74,36
325,ἀπονοστήσειν,6,4,2
326,κεν,403,229,174
327,θάνατόν,13,6,7
328,γε,627,333,294
329,φύγοιμεν,5,1,4
330,ὁμοῦ,21,10,11
331,πόλεμός,3,3,0
332,δαμᾷ,1,1,0
333,λοιμός,1,1,0
334,ἄγε,166,74,92
335,τινα,53,29,24
336,μάντιν,3,1,2
337,ἐρείομεν,1,1,0
338,ὀνειροπόλον,1,1,0
339,ὄναρ,4,2,2
340,ἐκ,557,334,223
341,ἐστιν,64,32,32
342,κ,239,129,110
343,εἴποι,11,5,6
344,τι,408,208,200
345,τόσσον,36,18,18
346,ἐχώσατο,3,2,1
347,εἴτ,3,3,0
348,γ,411,219,192
349,εὐχωλῆς,2,2,0
350,ἐπιμέμφεται,2,2,0
351,ἑκατόμβης,4,2,2
352,αἴ,158,95,63
353,κέν,102,49,53
354,πως,72,41,31
355,ἀρνῶν,13,10,3
356,κνίσης,7,3,4
357,τελείων,2,2,0
358,βούλεται,5,3,2
359,ἀντιάσας,1,1,0
360,ἡμῖν,69,26,43
361,ἀπό,318,225,93
362,λοιγόν,20,20,0
363,ἀμῦναι,9,7,2
364,ἤτοι,105,105,0
365,εἰπών,118,77,41
366,ἕζετο,32,18,14
367,ἀνέστη,21,11,10
368,Κάλχας,4,4,0
369,Θεστορίδης,1,1,0
370,οἰωνοπόλων,2,2,0
371,ὄχ,20,11,9
372,ἄριστος,42,24,18
373,ᾔδη,20,11,9
374,ἐόντα,99,54,45
375,ἐσσόμενα,1,1,0
376,πρό,74,63,11
377,νήεσσ,2,1,1
378,ἡγήσατ,3,3,0
379,Ἴλιον,85,69,16
380,εἴσω,52,30,22
381,ἥν,101,49,52
382,διά,168,116,52
383,μαντοσύνην,1,1,0
384,οἱ,1130,497,633
385,πόρε,24,13,11
386,σφιν,103,53,50
387,ἐύ,29,4,25
388,φρονέων,36,25,11
389,ἀγορήσατο,24,9,15
390,μετέειπεν,21,12,9
391,ὦ,179,77,102
392,Ἀχιλεῦ,13,12,1
393,κέλεαί,1,1,0
394,με,293,146,147
395,Διΐ,17,17,0
396,φίλε,20,11,9
397,μυθήσασθαι,18,9,9
398,ἑκατηβελέταο,1,1,0
399,ἄνακτος,71,38,33
400,τοί,171,82,89
401,ἐγών,150,59,91
402,ἐρέω,64,25,39
403,σύ,373,209,164
404,σύνθεο,9,2,7
405,ὄμοσσον,4,4,0
406,ἦ,616,292,324
407,πρόφρων,23,11,12
408,ἔπεσιν,6,5,1
409,ἀρήξειν,2,2,0
410,ὀΐομαι,20,9,11
411,ἄνδρα,83,51,32
412,χολωσέμεν,1,1,0
413,μέγα,306,196,110
414,πάντων,100,51,49
415,Ἀργείων,70,57,13
416,κρατέει,4,4,0
417,πείθονται,1,1,0
418,κρείσσων,14,10,4
419,βασιλεύς,14,7,7
420,ὅτε,390,232,158
421,χώσεται,1,1,0
422,ἀνδρί,44,22,22
423,χέρηϊ,1,1,0
424,περ,494,303,191
425,χόλον,24,19,5
426,αὐτῆμαρ,3,2,1
427,καταπέψῃ,1,1,0
428,μετόπισθεν,6,4,2
429,ἔχει,50,22,28
430,κότον,6,4,2
431,ὄφρα,197,94,103
432,τελέσσῃ,3,1,2
433,στήθεσσιν,56,40,16
434,ἑοῖσι,2,1,1
435,φράσαι,4,1,3
436,σαώσεις,1,1,0
437,ἀπαμειβόμενος,110,39,71
438,προσέφη,213,117,96
439,θαρσήσας,4,2,2
440,μάλα,330,175,155
441,εἰπέ,44,9,35
442,θεοπρόπιον,1,1,0
443,οἶσθα,14,8,6
444,μά,4,3,1
445,φίλον,193,101,92
446,ᾧ,92,46,46
447,Κάλχαν,1,1,0
448,Δαναοῖσι,39,38,1
449,θεοπροπίας,2,2,0
450,ἀναφαίνεις,1,1,0
451,οὔ,475,260,215
452,τις,490,239,251
453,ἐμεῦ,26,16,10
454,ζῶντος,1,1,0
455,χθονί,34,22,12
456,δερκομένοιο,2,1,1
457,σοί,167,101,66
458,κοίλῃς,11,7,4
459,βαρείας,2,2,0
460,χεῖρας,117,61,56
461,ἐποίσει,2,1,1
462,συμπάντων,2,2,0
463,οὐδ,482,307,175
464,ἤν,31,17,14
465,Ἀγαμέμνονα,17,16,1
466,εἴπῃς,4,2,2
467,πολλόν,58,36,22
468,εὔχεται,17,8,9
469,εἶναι,137,61,76
470,τότε,170,75,95
471,θάρσησε,1,1,0
472,ηὔδα,88,32,56
473,μάντις,8,2,6
474,ἀμύμων,19,10,9
475,ἕνεκ,19,9,10
476,ἀρητῆρος,1,1,0
477,ὅν,214,134,80
478,ἠτίμησ,1,1,0
479,Ἀγαμέμνων,101,98,3
480,ἀπέλυσε,3,2,1
481,ἀπεδέξατ,1,1,0
482,τοὔνεκ,6,2,4
483,ἔδωκεν,26,13,13
484,ἑκηβόλος,2,2,0
485,ἔτι,220,116,104
486,δώσει,15,7,8
487,Δαναοῖσιν,16,14,2
488,ἀεικέα,32,13,19
489,ἀπώσει,1,1,0
490,πατρί,62,41,21
491,φίλῳ,29,19,10
492,δόμεναι,23,14,9
493,ἑλικώπιδα,1,1,0
494,κούρην,21,12,9
495,ἀπριάτην,2,1,1
496,ἀνάποινον,1,1,0
497,ἄγειν,11,7,4
498,ἱερήν,8,7,1
499,ἑκατόμβην,13,12,1
500,ἐς,574,264,310
501,ἱλασσάμενοι,1,1,0
502,πεπίθοιμεν,1,1,0
503,ἥρως,50,30,20
504,εὐρύ,39,27,12
505,κρείων,55,51,4
506,ἀχνύμενος,7,3,4
507,μένεος,8,7,1
508,φρένες,22,12,10
509,ἀμφιμέλαιναι,2,1,1
510,πίμπλαντ,2,1,1
511,ὄσσε,57,44,13
512,πυρί,56,39,17
513,λαμπετόωντι,2,1,1
514,ἐΐκτην,3,3,0
515,Κάλχαντα,1,1,0
516,πρώτιστα,10,4,6
517,κάκ,27,13,14
518,ὀσσόμενος,2,1,1
519,προσέειπε,128,53,75
520,μάντι,1,1,0
521,κακῶν,19,7,12
522,πώ,42,24,18
523,κρήγυον,1,1,0
524,εἶπας,3,2,1
525,ἐστί,93,43,50
526,φίλα,34,16,18
527,μαντεύεσθαι,3,1,2
528,ἐσθλόν,59,31,28
529,οὔτέ,31,31,0
530,τί,219,123,96
531,πω,82,40,42
532,ἔπος,158,72,86
533,οὔτ,134,62,72
534,ἐτέλεσσας,2,2,0
535,θεοπροπέων,3,2,1
536,ἀγορεύεις,36,15,21
537,ὡς,539,308,231
538,τοῦδ,8,2,6
539,ἕνεκά,1,1,0
540,ἄλγεα,44,15,29
541,τεύχει,1,1,0
542,οὕνεκ,26,20,6
543,κούρης,13,9,4
544,Χρυσηΐδος,1,1,0
545,ἀγλά,2,2,0
546,ἔθελον,9,5,4
547,δέξασθαι,1,1,0
548,πολύ,107,67,40
549,βούλομαι,3,2,1
550,αὐτήν,37,16,21
551,οἴκοι,7,2,5
552,ἔχειν,9,3,6
553,Κλυταιμνήστρης,1,1,0
554,προβέβουλα,1,1,0
555,κουριδίης,3,2,1
556,ἀλόχου,8,2,6
557,ἑθέν,1,1,0
558,ἐστι,53,34,19
559,χερείων,3,1,2
560,δέμας,42,13,29
561,οὐδέ,621,344,277
562,φυήν,10,4,6
563,φρένας,61,38,23
564,ἔργα,127,59,68
565,ὧς,29,28,1
566,ἐθέλω,22,10,12
567,πάλιν,57,39,18
568,ἄμεινον,11,6,5
569,βούλομ,3,1,2
570,σῶν,7,5,2
571,ἔμμεναι,81,40,41
572,ἀπολέσθαι,17,13,4
573,γέρας,39,29,10
574,αὐτίχ,3,1,2
575,ἑτοιμάσατ,1,1,0
576,οἶος,66,44,22
577,ἀγέραστος,1,1,0
578,ἔω,2,1,1
579,ἔοικε,23,9,14
580,λεύσσετε,1,1,0
581,ἔρχεται,12,7,5
582,ἄλλῃ,19,7,12
583,ἠμείβετ,72,48,24
584,ἔπειτα,349,186,163
585,ποδάρκης,21,21,0
586,κύδιστε,18,16,2
587,φιλοκτεανώτατε,1,1,0
588,πῶς,43,21,22
589,δώσουσι,4,4,0
590,μεγάθυμοι,9,8,1
591,που,120,50,70
592,ἴδμεν,23,13,10
593,ξυνήϊα,2,2,0
594,κείμενα,2,1,1
595,πολίων,9,8,1
596,ἐξεπράθομεν,1,1,0
597,δέδασται,3,2,1
598,λαούς,14,11,3
599,ἐπέοικε,5,4,1
600,παλίλλογα,1,1,0
601,ταῦτ,21,12,9
602,ἐπαγείρειν,1,1,0
603,τήνδε,7,1,6
604,θεῷ,18,9,9
605,πρόες,3,3,0
606,τριπλῇ,1,1,0
607,τετραπλῇ,1,1,0
608,ἀποτείσομεν,1,1,0
609,κέ,113,49,64
610,ποθι,19,8,11
611,Ζεύς,253,165,88
612,δῷσι,3,1,2
613,Τροίην,27,22,5
614,εὐτείχεον,6,6,0
615,ἐξαλαπάξαι,6,5,1
616,οὕτως,34,17,17
617,ἀγαθός,59,49,10
618,ἐών,104,55,49
619,θεοείκελ,2,2,0
620,Ἀχιλλεῦ,22,16,6
621,κλέπτε,1,1,0
622,νόῳ,11,4,7
623,παρελεύσεαι,1,1,0
624,πείσεις,7,6,1
625,ἐθέλεις,35,19,16
626,ὄφρ,137,64,73
627,αὐτός,324,178,146
628,ἔχῃς,2,1,1
629,ἔμ,35,17,18
630,αὔτως,57,36,21
631,ἧσθαι,9,4,5
632,δευόμενον,3,2,1
633,κέλεαι,9,4,5
634,τήνδ,5,2,3
635,ἀποδοῦναι,3,3,0
636,ἄρσαντες,1,1,0
637,θυμόν,290,189,101
638,ὅπως,55,17,38
639,ἀντάξιον,2,2,0
640,ἔσται,57,35,22
641,δώωσιν,1,1,0
642,ἕλωμαι,5,5,0
643,τεόν,19,10,9
644,Αἴαντος,25,24,1
645,ἰών,88,38,50
646,Ὀδυσῆος,64,5,59
647,ἄξω,4,3,1
648,ἑλών,52,29,23
649,κεχολώσεται,4,2,2
650,ἵκωμαι,9,7,2
651,ταῦτα,95,47,48
652,μεταφρασόμεσθα,1,1,0
653,νῆα,112,13,99
654,μέλαιναν,49,21,28
655,ἐρύσσομεν,7,4,3
656,εἰς,279,121,158
657,ἅλα,49,28,21
658,δῖαν,38,15,23
659,ἐρέτας,4,2,2
660,ἐπιτηδές,2,1,1
661,ἀγείρομεν,2,1,1
662,θείομεν,3,3,0
663,ἄν,311,180,131
664,Χρυσηΐδα,4,4,0
665,καλλιπάρῃον,8,8,0
666,βήσομεν,1,1,0
667,εἷς,10,6,4
668,ἀρχός,9,8,1
669,ἀνήρ,191,99,92
670,βουληφόρος,3,3,0
671,ἔστω,21,12,9
672,Αἴας,98,95,3
673,Ἰδομενεύς,38,37,1
674,Ὀδυσσεύς,309,53,256
675,ἠέ,190,103,87
676,Πηλεΐδη,6,6,0
677,ἐκπαγλότατ,3,3,0
678,ἥμιν,2,2,0
679,ἑκάεργον,2,2,0
680,ἱλάσσεαι,1,1,0
681,ἱερά,14,6,8
682,ῥέξας,7,3,4
683,ὑπόδρα,26,17,9
684,ἰδών,119,81,38
685,ὤ,79,44,35
686,ἀναιδείην,2,2,0
687,ἐπιειμένε,1,1,0
688,κερδαλεόφρον,2,2,0
689,πείθηται,1,1,0
690,ὁδόν,43,6,37
691,ἐλθέμεναι,8,5,3
692,ἀνδράσιν,31,12,19
693,Τρώων,214,196,18
694,ἤλυθον,19,11,8
695,αἰχμητάων,10,8,2
696,δεῦρο,40,19,21
697,μαχησόμενος,2,2,0
698,αἴτιοί,3,2,1
699,εἰσιν,22,7,15
700,πώποτ,1,1,0
701,ἐμάς,7,5,2
702,βοῦς,30,14,16
703,ἤλασαν,4,4,0
704,ἵππους,194,175,19
705,ποτ,103,55,48
706,Φθίῃ,1,1,0
707,ἐριβώλακι,5,5,0
708,βωτιανείρῃ,1,1,0
709,καρπόν,11,7,4
710,ἐδηλήσαντ,5,1,4
711,μεταξύ,1,1,0
712,οὔρεά,1,1,0
713,σκιόεντα,15,4,11
714,θάλασσά,1,1,0
715,ἠχήεσσα,1,1,0
716,μέγ,64,43,21
717,ἀναιδές,1,1,0
718,ἅμ,117,57,60
719,ἑσπόμεθ,1,1,0
720,χαίρῃς,2,1,1
721,τιμήν,14,9,5
722,ἀρνύμενοι,1,1,0
723,Μενελάῳ,18,14,4
724,κυνῶπα,1,1,0
725,πρός,238,109,129
726,τῶν,264,177,87
727,μετατρέπῃ,1,1,0
728,ἀλεγίζεις,1,1,0
729,ἀφαιρήσεσθαι,2,2,0
730,ἀπειλεῖς,1,1,0
731,ἔπι,80,63,17
732,μόγησα,6,2,4
733,δόσαν,19,11,8
734,υἷες,52,39,13
735,ποτε,77,39,38
736,ἶσον,20,16,4
737,ἔχω,9,4,5
738,ὁππότ,17,9,8
739,ἐκπέρσωσ,1,1,0
740,ναιόμενον,4,4,0
741,πτολίεθρον,28,20,8
742,πλεῖον,5,3,2
743,πολυάϊκος,2,2,0
744,πολέμοιο,101,97,4
745,χεῖρες,12,8,4
746,ἐμαί,2,1,1
747,διέπουσ,1,1,0
748,ἀτάρ,131,79,52
749,δασμός,1,1,0
750,ἵκηται,25,9,16
751,μεῖζον,14,4,10
752,ὀλίγον,20,13,7
753,ἔρχομ,1,1,0
754,κάμω,1,1,0
755,πολεμίζων,2,2,0
756,εἶμι,20,15,5
757,Φθίην,8,7,1
758,φέρτερόν,3,1,2
759,ἴμεν,57,23,34
760,σύν,214,128,86
761,κορωνίσιν,11,9,2
762,σ,162,71,91
763,ἐνθάδ,75,28,47
764,ἄτιμος,1,1,0
765,ἄφενος,3,2,1
766,πλοῦτον,2,2,0
767,ἀφύξειν,1,1,0
768,φεῦγε,2,1,1
769,μάλ,173,94,79
770,θυμός,222,121,101
771,ἐπέσσυται,3,3,0
772,ἔγωγε,32,32,0
773,λίσσομαι,6,2,4
774,εἵνεκ,13,8,5
775,ἐμεῖο,51,38,13
776,μένειν,14,8,6
777,πάρ,108,62,46
778,ἔμοιγε,8,8,0
779,τιμήσουσι,3,3,0
780,μητίετα,19,16,3
781,ἔχθιστος,4,4,0
782,μοί,31,24,7
783,ἐσσι,50,27,23
784,διοτρεφέων,6,5,1
785,βασιλήων,9,5,4
786,ἔρις,10,7,3
787,φίλη,34,12,22
788,πόλεμοί,2,2,0
789,μάχαι,4,3,1
790,καρτερός,14,8,6
791,θεός,131,58,73
792,σῇς,2,2,0
793,σοῖς,6,4,2
794,ἑτάροισι,30,14,16
795,Μυρμιδόνεσσιν,6,5,1
796,ἄνασσε,7,3,4
797,σέθεν,26,15,11
798,ἀλεγίζω,3,3,0
799,ὄθομαι,1,1,0
800,κοτέοντος,1,1,0
801,ἀπειλήσω,2,2,0
802,ὧδε,93,50,43
803,ἀφαιρεῖται,2,1,1
804,νηΐ,52,27,25
805,ἐμῇ,11,5,6
806,ἐμοῖς,12,2,10
807,πέμψω,11,1,10
808,ἄγω,4,1,3
809,Βρισηΐδα,5,5,0
810,κλισίην,31,27,4
811,σόν,34,15,19
812,ἐΰ,34,23,11
813,εἰδῇς,9,4,5
814,ὅσσον,43,26,17
815,φέρτερός,8,7,1
816,εἰμι,27,18,9
817,στυγέῃ,1,1,0
818,ἄλλος,112,52,60
819,φάσθαι,11,5,6
820,ὁμοιωθήμεναι,2,1,1
821,ἄντην,20,11,9
822,φάτο,163,83,80
823,Πηλεΐωνι,8,7,1
824,ἄχος,45,32,13
825,ἦτορ,95,48,47
826,λασίοισι,1,1,0
827,διάνδιχα,4,4,0
828,μερμήριξεν,6,3,3
829,φάσγανον,14,8,6
830,ὀξύ,52,32,20
831,ἐρυσσάμενος,19,11,8
832,μηροῦ,16,7,9
833,τούς,189,123,66
834,ἀναστήσειεν,1,1,0
835,Ἀτρεΐδην,16,12,4
836,ἐναρίζοι,1,1,0
837,ἦε,28,13,15
838,παύσειεν,1,1,0
839,ἐρητύσειέ,1,1,0
840,ἧος,22,1,21
841,ταῦθ,10,7,3
842,ὥρμαινε,9,4,5
843,φρένα,46,28,18
844,ἕλκετο,5,4,1
845,κολεοῖο,2,2,0
846,ξίφος,42,23,19
847,Ἀθήνη,196,88,108
848,οὐρανόθεν,20,12,8
849,ἧκε,37,23,14
850,ἄμφω,61,43,18
851,ὁμῶς,28,16,12
852,φιλέουσά,4,4,0
853,κηδομένη,6,5,1
854,στῆ,78,53,25
855,ὄπιθεν,18,13,5
856,ξανθῆς,1,1,0
857,κόμης,1,1,0
858,ἕλε,41,30,11
859,Πηλεΐωνα,25,23,2
860,οἴῳ,11,3,8
861,φαινομένη,2,2,0
862,ἄλλων,94,51,43
863,θάμβησεν,3,2,1
864,Ἀχιλεύς,35,35,0
865,ἐτράπετ,9,7,2
866,αὐτίκα,108,60,48
867,ἔγνω,27,15,12
868,Παλλάδ,4,2,2
869,Ἀθηναίην,14,11,3
870,δεινώ,1,1,0
871,φάανθεν,1,1,0
872,φωνήσας,83,42,41
873,ἔπεα,128,65,63
874,πτερόεντα,118,59,59
875,προσηύδα,163,89,74
876,τίπτ,9,5,4
877,αὖτ,132,73,59
878,αἰγιόχοιο,50,35,15
879,τέκος,38,29,9
880,εἰλήλουθας,10,4,6
881,ἵνα,130,60,70
882,ὕβριν,12,1,11
883,ἴδῃ,9,7,2
884,Ἀγαμέμνονος,22,15,7
885,Ἀτρεΐδαο,26,17,9
886,ἔκ,77,34,43
887,τελέεσθαι,9,2,7
888,ᾗς,4,4,0
889,ὑπεροπλίῃσι,1,1,0
890,τάχ,26,15,11
891,ὀλέσσῃ,3,2,1
892,αὖτε,192,98,94
893,γλαυκῶπις,80,29,51
894,ἦλθον,44,16,28
895,παύσουσα,1,1,0
896,μένος,159,117,42
897,πίθηαι,4,3,1
898,λῆγ,3,3,0
899,ἔριδος,17,15,2
900,μηδέ,57,26,31
901,ἕλκεο,1,1,0
902,χειρί,85,55,30
903,ὀνείδισον,1,1,0
904,ἔσεταί,3,1,2
905,ἐξερέω,11,7,4
906,τετελεσμένον,21,10,11
907,τρίς,47,31,16
908,τόσσα,17,10,7
909,παρέσσεται,4,4,0
910,δῶρα,85,45,40
911,ὕβριος,1,1,0
912,εἵνεκα,47,24,23
913,τῆσδε,2,2,0
914,ἴσχεο,8,2,6
915,πείθεο,2,2,0
916,χρή,55,28,27
917,σφωΐτερόν,1,1,0
918,εἰρύσσασθαι,1,1,0
919,κεχολωμένον,3,2,1
920,θεοῖς,30,18,12
921,ἐπιπείθηται,1,1,0
922,ἔκλυον,11,7,4
923,ἀργυρέῃ,3,1,2
924,κώπῃ,1,1,0
925,σχέθε,5,3,2
926,χεῖρα,26,18,8
927,βαρεῖαν,4,4,0
928,κουλεόν,4,4,0
929,ὦσε,15,14,1
930,ἀπίθησε,22,20,2
931,Ἀθηναίης,15,12,3
932,Οὔλυμπον,11,11,0
933,βεβήκει,27,9,18
934,δαίμονας,1,1,0
935,ἄλλους,55,35,20
936,Πηλεΐδης,24,24,0
937,ἐξαῦτις,11,5,6
938,ἀταρτηροῖς,1,1,0
939,ἐπέεσσιν,52,26,26
940,λῆγε,2,2,0
941,χόλοιο,5,4,1
942,οἰνοβαρές,1,1,0
943,κυνός,3,3,0
944,ὄμματ,2,2,0
945,κραδίην,15,11,4
946,ἐλάφοιο,6,5,1
947,πόλεμον,69,61,8
948,ἅμα,140,93,47
949,λαῷ,2,2,0
950,θωρηχθῆναι,3,2,1
951,οὔτε,126,44,82
952,λόχον,12,6,6
953,ἰέναι,62,38,24
954,ἀριστήεσσιν,5,4,1
955,τέτληκας,2,2,0
956,κήρ,4,2,2
957,εἴδεται,6,5,1
958,λώϊόν,1,1,0
959,εὐρύν,43,22,21
960,δῶρ,11,9,2
961,ἀποαιρεῖσθαι,1,1,0
962,ἀντίον,96,32,64
963,εἴπῃ,12,6,6
964,δημοβόρος,1,1,0
965,οὐτιδανοῖσιν,1,1,0
966,ὕστατα,7,2,5
967,λωβήσαιο,2,2,0
968,μέγαν,74,35,39
969,ὅρκον,26,10,16
970,ὀμοῦμαι,4,3,1
971,ναί,11,7,4
972,τόδε,103,30,73
973,φύλλα,8,4,4
974,ὄζους,3,3,0
975,φύσει,1,1,0
976,τομήν,1,1,0
977,ὄρεσσι,5,4,1
978,λέλοιπεν,3,1,2
979,ἀναθηλήσει,1,1,0
980,περί,354,226,128
981,ῥά,96,70,26
982,ἑ,65,44,21
983,χαλκός,42,36,6
984,ἔλεψε,1,1,0
985,φύλλά,1,1,0
986,φλοιόν,1,1,0
987,αὖτέ,8,7,1
988,παλάμῃς,1,1,0
989,φορέουσι,5,2,3
990,δικασπόλοι,1,1,0
991,θέμιστας,7,6,1
992,εἰρύαται,4,2,2
993,μέγας,72,54,18
994,ἔσσεται,61,37,24
995,ὅρκος,3,2,1
996,Ἀχιλλῆος,29,26,3
997,ποθή,9,5,4
998,ἵξεται,2,1,1
999,υἷας,35,30,5
1000,σύμπαντας,1,1,0
1001,δυνήσεαι,3,3,0
1002,ἀχνύμενός,13,8,5
1003,χραισμεῖν,5,5,0
1004,εὖτ,15,8,7
1005,πολλοί,72,39,33
1006,ὑφ,32,23,9
1007,Ἕκτορος,51,51,0
1008,ἀνδροφόνοιο,13,13,0
1009,θνήσκοντες,1,1,0
1010,πίπτωσι,2,2,0
1011,ἔνδοθι,13,6,7
1012,ἀμύξεις,1,1,0
1013,ἄριστον,26,17,9
1014,οὐδέν,19,7,12
1015,ἔτισας,1,1,0
1016,ποτί,65,30,35
1017,βάλε,82,62,20
1018,γαίῃ,45,25,20
1019,χρυσείοις,2,2,0
1020,ἥλοισι,2,2,0
1021,πεπαρμένον,2,2,0
1022,ἑτέρωθεν,33,28,5
1023,ἐμήνιε,1,1,0
1024,Νέστωρ,59,40,19
1025,ἡδυεπής,1,1,0
1026,ἀνόρουσε,10,5,5
1027,λιγύς,5,3,2
1028,Πυλίων,9,7,2
1029,ἀγορητής,4,4,0
1030,γλώσσης,1,1,0
1031,μέλιτος,3,3,0
1032,γλυκίων,4,4,0
1033,ῥέεν,6,5,1
1034,αὐδή,2,2,0
1035,ἤδη,152,53,99
1036,δύο,42,26,16
1037,γενεαί,1,1,0
1038,μερόπων,9,7,2
1039,ἀνθρώπων,95,43,52
1040,ἐφθίαθ,1,1,0
1041,πρόσθεν,42,32,10
1042,τράφεν,4,2,2
1043,ἐγένοντο,36,20,16
1044,Πύλῳ,7,3,4
1045,ἠγαθέῃ,4,2,2
1046,τριτάτοισιν,1,1,0
1047,ἄνασσεν,4,1,3
1048,πόποι,51,29,22
1049,πένθος,30,16,14
1050,Ἀχαιΐδα,6,5,1
1051,γαῖαν,164,55,109
1052,ἱκάνει,26,13,13
1053,γηθήσαι,1,1,0
1054,Πρίαμος,36,36,0
1055,Πριάμοιό,5,5,0
1056,παῖδες,39,26,13
1057,Τρῶες,131,129,2
1058,κεχαροίατο,1,1,0
1059,σφῶϊν,14,10,4
1060,τάδε,80,30,50
1061,πάντα,255,100,155
1062,πυθοίατο,1,1,0
1063,μαρναμένοιϊν,1,1,0
1064,βουλήν,27,16,11
1065,ἐστέ,5,2,3
1066,πίθεσθ,1,1,0
1067,νεωτέρω,1,1,0
1068,ἐστόν,3,3,0
1069,ἀρείοσιν,1,1,0
1070,ὡμίλησα,1,1,0
1071,ἀθέριζον,1,1,0
1072,τοίους,2,2,0
1073,ἴδον,59,23,36
1074,ἀνέρας,17,11,6
1075,ἴδωμαι,9,6,3
1076,οἷον,45,27,18
1077,Πειρίθοόν,2,1,1
1078,Δρύαντά,1,1,0
1079,ποιμένα,29,25,4
1080,Καινέα,1,1,0
1081,Ἐξάδιόν,1,1,0
1082,ἀντίθεον,21,17,4
1083,Πολύφημον,2,1,1
1084,Θησέα,2,1,1
1085,Αἰγεΐδην,1,1,0
1086,ἐπιείκελον,3,2,1
1087,ἀθανάτοισιν,33,17,16
1088,κάρτιστοι,2,2,0
1089,κεῖνοι,3,2,1
1090,ἐπιχθονίων,9,4,5
1091,ἔσαν,64,34,30
1092,καρτίστοις,1,1,0
1093,ἐμάχοντο,12,10,2
1094,φηρσίν,1,1,0
1095,ὀρεσκῴοισι,1,1,0
1096,ἐκπάγλως,8,4,4
1097,ἀπόλεσσαν,1,1,0
1098,τοῖσιν,90,25,65
1099,μεθομίλεον,1,1,0
1100,Πύλου,13,4,9
1101,ἐλθών,74,32,42
1102,τηλόθεν,16,8,8
1103,ἀπίης,4,2,2
1104,γαίης,49,23,26
1105,καλέσαντο,1,1,0
1106,αὐτοί,96,49,47
1107,μαχόμην,2,2,0
1108,αὐτόν,116,65,51
1109,κείνοισι,2,1,1
1110,βροτοί,15,9,6
1111,ἐπιχθόνιοι,1,1,0
1112,μαχέοιτο,1,1,0
1113,βουλέων,2,2,0
1114,ξύνιεν,1,1,0
1115,πείθοντό,3,2,1
1116,πίθεσθε,2,1,1
1117,ὔμμες,6,5,1
1118,πείθεσθαι,5,4,1
1119,μήτε,17,5,12
1120,τόνδ,11,5,6
1121,ἀποαίρεο,1,1,0
1122,ἔα,24,18,6
1123,Πηλείδη,1,1,0
1124,ἔθελ,6,4,2
1125,ἐριζέμεναι,4,4,0
1126,ἀντιβίην,3,3,0
1127,ποθ,10,6,4
1128,ὁμοίης,1,1,0
1129,ἔμμορε,4,2,2
1130,τιμῆς,16,9,7
1131,σκηπτοῦχος,3,1,2
1132,κῦδος,73,65,8
1133,γείνατο,18,14,4
1134,μήτηρ,108,63,45
1135,πλεόνεσσιν,3,2,1
1136,ἀνάσσει,9,5,4
1137,παῦε,2,1,1
1138,λίσσομ,4,2,2
1139,Ἀχιλλῆϊ,11,11,0
1140,μεθέμεν,2,2,0
1141,πᾶσιν,68,30,38
1142,ἕρκος,21,12,9
1143,Ἀχαιοῖσιν,11,10,1
1144,πέλεται,10,7,3
1145,κακοῖο,2,1,1
1146,ταῦτά,25,13,12
1147,μοῖραν,48,12,36
1148,ἔειπες,42,24,18
1149,ὅδ,29,8,21
1150,ἐθέλει,13,9,4
1151,κρατέειν,1,1,0
1152,πάντεσσι,27,11,16
1153,ἀνάσσειν,4,3,1
1154,σημαίνειν,5,4,1
1155,ἅ,43,21,22
1156,τιν,70,32,38
1157,πείσεσθαι,6,4,2
1158,αἰχμητήν,10,9,1
1159,ἔθεσαν,5,2,3
1160,αἰέν,71,38,33
1161,ἐόντες,29,16,13
1162,τοὔνεκά,8,6,2
1163,προθέουσιν,1,1,0
1164,ὀνείδεα,7,4,3
1165,ὑποβλήδην,1,1,0
1166,ἠμείβετο,6,1,5
1167,δειλός,3,2,1
1168,οὐτιδανός,4,1,3
1169,καλεοίμην,2,2,0
1170,πᾶν,26,20,6
1171,ἔργον,70,29,41
1172,ὑπείξομαι,1,1,0
1173,ὅττί,19,19,0
1174,ἄλλοισιν,8,5,3
1175,ἐπιτέλλεο,1,1,0
1176,σήμαιν,1,1,0
1177,ἔγωγ,13,13,0
1178,ἄλλο,60,21,39
1179,βάλλεο,14,7,7
1180,σῇσι,17,10,7
1181,χερσί,87,52,35
1182,μαχήσομαι,4,4,0
1183,τῳ,6,3,3
1184,ἄλλῳ,26,14,12
1185,ἀφέλεσθέ,1,1,0
1186,δόντες,3,1,2
1187,θοῇ,21,9,12
1188,μελαίνῃ,39,12,27
1189,φέροις,1,1,0
1190,ἀνελών,2,2,0
1191,ἀέκοντος,5,3,2
1192,μήν,10,6,4
1193,πείρησαι,3,1,2
1194,γνώωσι,4,4,0
1195,οἵδε,17,7,10
1196,αἶψά,16,6,10
1197,αἷμα,47,35,12
1198,κελαινόν,12,6,6
1199,ἐρωήσει,2,1,1
1200,δουρί,134,129,5
1201,τώ,221,182,39
1202,ἀντιβίοισι,1,1,0
1203,μαχεσσαμένω,1,1,0
1204,ἀνστήτην,1,1,0
1205,λῦσαν,5,3,2
1206,νηυσίν,94,79,15
1207,κλισίας,19,18,1
1208,ἐΐσας,11,9,2
1209,Μενοιτιάδῃ,4,4,0
1210,οἷς,21,9,12
1211,ἑτάροισιν,34,13,21
1212,ἄρα,575,313,262
1213,θοήν,36,6,30
1214,προέρυσσεν,1,1,0
1215,ἔκρινεν,1,1,0
1216,ἐείκοσιν,7,5,2
1217,βῆσε,2,2,0
1218,εἷσεν,10,5,5
1219,ἄγων,32,16,16
1220,ἔβη,41,19,22
1221,πολύμητις,85,18,67
1222,ἀναβάντες,8,1,7
1223,ἐπέπλεον,3,1,2
1224,ὑγρά,5,1,4
1225,κέλευθα,13,4,9
1226,ἀπολυμαίνεσθαι,1,1,0
1227,ἄνωγεν,14,7,7
1228,ἀπελυμαίνοντο,1,1,0
1229,λύματα,2,2,0
1230,βάλλον,11,6,5
1231,ἕρδον,1,1,0
1232,τεληέσσας,7,2,5
1233,ἑκατόμβας,20,8,12
1234,θῖν,10,7,3
1235,ἁλός,63,32,31
1236,ἀτρυγέτοιο,10,5,5
1237,κνίση,2,1,1
1238,οὐρανόν,67,37,30
1239,ἷκεν,2,2,0
1240,ἑλισσομένη,2,2,0
1241,καπνῷ,2,1,1
1242,πένοντο,6,2,4
1243,ἐπηπείλησ,1,1,0
1244,Ἀχιλῆϊ,34,34,0
1245,Ταλθύβιόν,1,1,0
1246,Εὐρυβάτην,1,1,0
1247,κήρυκε,2,2,0
1248,ὀτρηρώ,1,1,0
1249,θεράποντε,6,4,2
1250,ἔρχεσθον,1,1,0
1251,χειρός,59,44,15
1252,ἑλόντ,2,2,0
1253,ἀγέμεν,7,6,1
1254,δώῃσιν,2,2,0
1255,πλεόνεσσι,9,3,6
1256,ῥίγιον,5,3,2
1257,προΐει,21,18,3
1258,ἀέκοντε,10,8,2
1259,βάτην,8,7,1
1260,Μυρμιδόνων,12,11,1
1261,ἱκέσθην,6,4,2
1262,εὗρον,16,8,8
1263,κλισίῃ,19,14,5
1264,ἥμενον,10,7,3
1265,γήθησεν,16,9,7
1266,ταρβήσαντε,1,1,0
1267,αἰδομένω,1,1,0
1268,βασιλῆα,20,12,8
1269,στήτην,5,4,1
1270,προσεφώνεον,3,2,1
1271,ἐρέοντο,5,3,2
1272,ᾗσιν,19,9,10
1273,φώνησέν,34,17,17
1274,χαίρετε,2,1,1
1275,κήρυκες,19,13,6
1276,ἄγγελοι,2,2,0
1277,ἠδέ,318,139,179
1278,ἆσσον,25,14,11
1279,ἴτ,1,1,0
1280,ἐπαίτιοι,1,1,0
1281,σφῶϊ,10,9,1
1282,Βρισηΐδος,2,2,0
1283,διογενές,31,16,15
1284,Πατρόκλεες,13,13,0
1285,ἔξαγε,1,1,0
1286,σφωϊν,6,5,1
1287,δός,26,14,12
1288,αὐτώ,12,11,1
1289,μάρτυροι,7,5,2
1290,ἔστων,2,1,1
1291,μακάρων,6,2,4
1292,θνητῶν,11,7,4
1293,βασιλῆος,20,12,8
1294,ἀπηνέος,1,1,0
1295,χρειώ,10,5,5
1296,γένηται,30,12,18
1297,τοῖς,62,34,28
1298,ἄλλοις,12,8,4
1299,ὀλοιῇσι,1,1,0
1300,θύει,1,1,0
1301,οἶδε,15,8,7
1302,νοῆσαι,9,6,3
1303,πρόσσω,13,12,1
1304,ὀπίσσω,53,30,23
1305,ὅππως,19,10,9
1306,σόοι,4,3,1
1307,μαχέοιντο,1,1,0
1308,Πάτροκλος,41,40,1
1309,ἐπεπείθεθ,3,3,0
1310,ἑταίρῳ,9,7,2
1311,ἄγαγε,5,5,0
1312,κλισίης,14,12,2
1313,δῶκε,51,32,19
1314,ἴτην,3,1,2
1315,ἀέκουσ,1,1,0
1316,γυνή,35,15,20
1317,κίεν,11,6,5
1318,δακρύσας,3,2,1
1319,ἑτάρων,35,13,22
1320,ἄφαρ,34,18,16
1321,νόσφι,19,11,8
1322,λιασθείς,6,5,1
1323,ἔφ,3,3,0
1324,πολιῆς,17,11,6
1325,ὁρόων,9,6,3
1326,ἀπείρονα,11,3,8
1327,πόντον,73,23,50
1328,μητρί,15,8,7
1329,φίλῃ,8,5,3
1330,ἠρήσατο,4,3,1
1331,ὀρεγνύς,2,2,0
1332,μῆτερ,13,5,8
1333,ἔτεκές,1,1,0
1334,μινυνθάδιόν,1,1,0
1335,πέρ,41,25,16
1336,ὄφελλεν,2,2,0
1337,Ὀλύμπιος,21,16,5
1338,ἐγγυαλίξαι,1,1,0
1339,ὑψιβρεμέτης,6,4,2
1340,τυτθόν,29,22,7
1341,ἔτισεν,3,3,0
1342,ἠτίμησεν,3,3,0
1343,ἀπούρας,10,9,1
1344,δάκρυ,52,25,27
1345,χέων,8,5,3
1346,πότνια,66,47,19
1347,ἡμένη,3,2,1
1348,βένθεσσιν,2,2,0
1349,γέροντι,13,5,8
1350,καρπαλίμως,42,22,20
1351,ἀνέδυ,2,1,1
1352,ἠΰτ,2,2,0
1353,ὀμίχλη,1,1,0
1354,πάροιθ,6,5,1
1355,αὐτοῖο,11,9,2
1356,καθέζετο,14,11,3
1357,χέοντος,1,1,0
1358,τέ,117,67,50
1359,κατέρεξεν,6,4,2
1360,ὀνόμαζε,22,12,10
1361,τέκνον,38,17,21
1362,κλαίεις,3,2,1
1363,ἵκετο,37,15,22
1364,ἐξαύδα,3,3,0
1365,κεῦθε,4,3,1
1366,εἴδομεν,7,5,2
1367,βαρύ,10,8,2
1368,στενάχων,11,9,2
1369,ἰδυίῃ,3,1,2
1370,πάντ,36,18,18
1371,ἀγορεύω,12,2,10
1372,ᾠχόμεθ,2,1,1
1373,Θήβην,3,2,1
1374,Ἠετίωνος,10,10,0
1375,διεπράθομέν,1,1,0
1376,ἤγομεν,2,1,1
1377,ἐνθάδε,48,26,22
1378,δάσσαντο,1,1,0
1379,σφίσιν,13,9,4
1380,ἕλον,16,14,2
1381,Χρύσης,2,2,0
1382,αὖθ,36,29,7
1383,ἱερεύς,1,1,0
1384,ἑκατηβόλου,4,3,1
1385,χαλκοχιτώνων,31,29,2
1386,ὁ,298,22,276
1387,τοῖο,25,19,6
1388,εὐξαμένου,2,1,1
1389,ἤκουσεν,1,1,0
1390,φίλος,97,53,44
1391,ἦεν,97,51,46
1392,Ἀργείοισι,21,20,1
1393,κακόν,141,71,70
1394,νυ,35,26,9
1395,θνῇσκον,1,1,0
1396,ἐπασσύτεροι,2,1,1
1397,πάντῃ,27,24,3
1398,ἄμμι,16,11,5
1399,εἰδώς,45,20,25
1400,ἀγόρευε,18,13,5
1401,ἑκάτοιο,4,4,0
1402,αὐτίκ,80,32,48
1403,πρῶτος,54,39,15
1404,κελόμην,5,1,4
1405,θεόν,33,18,15
1406,ἱλάσκεσθαι,1,1,0
1407,Ἀτρεΐωνα,3,3,0
1408,χόλος,23,22,1
1409,λάβεν,8,7,1
1410,αἶψα,96,47,49
1411,ἀναστάς,9,5,4
1412,ἠπείλησεν,4,4,0
1413,τετελεσμένος,1,1,0
1414,ἑλίκωπες,3,3,0
1415,πέμπουσιν,3,1,2
1416,ἄγουσι,4,3,1
1417,νέον,39,18,21
1418,κλισίηθεν,7,7,0
1419,ἔβαν,28,13,15
1420,ἄγοντες,12,4,8
1421,Βρισῆος,3,3,0
1422,δύνασαί,2,1,1
1423,περίσχεο,1,1,0
1424,παιδός,34,17,17
1425,ἑῆος,7,5,2
1426,ἐλθοῦσ,2,1,1
1427,Δία,11,8,3
1428,λίσαι,1,1,0
1429,ἔπει,3,3,0
1430,ὤνησας,1,1,0
1431,ἔργῳ,8,5,3
1432,πολλάκι,11,7,4
1433,σεο,2,2,0
1434,πατρός,125,48,77
1435,μεγάροισιν,71,15,56
1436,ἄκουσα,10,4,6
1437,εὐχομένης,1,1,0
1438,ὅτ,100,67,33
1439,ἔφησθα,4,2,2
1440,κελαινεφέϊ,4,3,1
1441,Κρονίωνι,16,16,0
1442,οἴη,19,5,14
1443,ὁππότε,43,21,22
1444,ξυνδῆσαι,1,1,0
1445,Ὀλύμπιοι,2,2,0
1446,ἤθελον,7,2,5
1447,Ποσειδάων,53,31,22
1448,Παλλάς,50,26,24
1449,ἐλθοῦσα,5,4,1
1450,ὑπελύσαο,1,1,0
1451,δεσμῶν,2,1,1
1452,ὦχ,2,2,0
1453,ἑκατόγχειρον,1,1,0
1454,καλέσασ,1,1,0
1455,μακρόν,52,43,9
1456,Ὄλυμπον,38,27,11
1457,Βριάρεων,1,1,0
1458,καλέουσι,7,4,3
1459,ἄνδρες,71,37,34
1460,Αἰγαίων,1,1,0
1461,βίην,17,14,3
1462,ἀμείνων,20,15,5
1463,κύδεϊ,4,4,0
1464,γαίων,4,4,0
1465,ὑπέδεισαν,1,1,0
1466,μάκαρες,19,7,12
1467,ἔτ,96,53,43
1468,ἔδησαν,8,3,5
1469,μνήσασα,1,1,0
1470,παρέζεο,1,1,0
1471,λαβέ,2,2,0
1472,γούνων,25,15,10
1473,ἐθέλῃσιν,17,11,6
1474,Τρώεσσιν,49,47,2
1475,ἀρῆξαι,1,1,0
1476,πρύμνας,1,1,0
1477,ἀμφ,102,61,41
1478,ἔλσαι,3,3,0
1479,κτεινομένους,3,2,1
1480,ἐπαύρωνται,1,1,0
1481,γνῷ,2,2,0
1482,ἄτην,8,4,4
1483,Θέτις,28,27,1
1484,χέουσα,9,9,0
1485,ἔτρεφον,3,1,2
1486,αἰνά,4,2,2
1487,τεκοῦσα,1,1,0
1488,αἴθ,13,7,6
1489,ὄφελες,5,4,1
1490,ἀδάκρυτος,1,1,0
1491,ἀπήμων,7,3,4
1492,αἶσα,16,4,12
1493,μίνυνθά,8,5,3
1494,δήν,40,13,27
1495,ὠκύμορος,2,2,0
1496,ὀϊζυρός,2,1,1
1497,ἔπλεο,2,2,0
1498,κακῇ,5,3,2
1499,αἴσῃ,12,11,1
1500,τέκον,7,6,1
1501,μεγάροισι,75,21,54
1502,τοῦτο,41,12,29
1503,ἐρέουσα,4,2,2
1504,Διί,78,62,16
1505,τερπικεραύνῳ,8,4,4
1506,εἶμ,11,8,3
1507,αὐτή,60,18,42
1508,ἀγάννιφον,2,2,0
1509,πίθηται,2,2,0
1510,παρήμενος,8,2,6
1511,ὠκυπόροισι,3,2,1
1512,μήνι,2,2,0
1513,πολέμου,25,24,1
1514,ἀποπαύεο,1,1,0
1515,πάμπαν,37,20,17
1516,Ὠκεανόν,4,3,1
1517,μετ,129,75,54
1518,ἀμύμονας,2,2,0
1519,Αἰθιοπῆας,1,1,0
1520,χθιζός,6,2,4
1521,δαῖτα,34,12,22
1522,ἕποντο,67,46,21
1523,δωδεκάτῃ,1,1,0
1524,ἐλεύσεται,15,3,12
1525,τότ,104,45,59
1526,ἔπειτά,7,4,3
1527,χαλκοβατές,6,4,2
1528,δῶ,25,9,16
1529,γουνάσομαι,1,1,0
1530,φωνήσασ,18,4,14
1531,ἀπεβήσετο,5,4,1
1532,λίπ,14,6,8
1533,χωόμενον,2,2,0
1534,ἐϋζώνοιο,3,3,0
1535,γυναικός,15,8,7
1536,βίῃ,22,15,7
1537,ἀπηύρων,6,5,1
1538,ἵκανεν,13,9,4
1539,λιμένος,13,2,11
1540,πολυβενθέος,5,1,4
1541,ἐντός,21,13,8
1542,ἵκοντο,40,18,22
1543,ἱστία,22,2,20
1544,στείλαντο,1,1,0
1545,θέσαν,20,14,6
1546,ἱστοδόκῃ,1,1,0
1547,πέλασαν,4,2,2
1548,προτόνοισιν,3,1,2
1549,ὑφέντες,1,1,0
1550,ὅρμον,4,1,3
1551,προέρεσσαν,1,1,0
1552,ἐρετμοῖς,10,1,9
1553,εὐνάς,8,4,4
1554,ἔβαλον,12,9,3
1555,πρυμνήσι,6,1,5
1556,βαῖνον,5,4,1
1557,ῥηγμῖνι,14,4,10
1558,βῆσαν,3,1,2
1559,ἑκηβόλῳ,4,4,0
1560,Χρυσηΐς,1,1,0
1561,νηός,96,23,73
1562,ποντοπόροιο,4,2,2
1563,βωμόν,6,3,3
1564,τίθει,32,17,15
1565,προσέειπεν,43,22,21
1566,Χρύση,1,1,0
1567,ἔπεμψεν,2,1,1
1568,παῖδά,7,3,4
1569,Φοίβῳ,1,1,0
1570,ῥέξαι,6,3,3
1571,ὑπέρ,68,43,25
1572,ἱλασόμεσθα,1,1,0
1573,ἄνακτα,26,18,8
1574,πολύστονα,1,1,0
1575,κήδε,27,13,14
1576,ἐφῆκεν,4,2,2
1577,δέξατο,6,4,2
1578,χαίρων,19,5,14
1579,ὦκα,69,38,31
1580,ἑξείης,23,6,17
1581,ἔστησαν,6,3,3
1582,ἐΰδμητον,3,3,0
1583,χερνίψαντο,1,1,0
1584,οὐλοχύτας,7,4,3
1585,ἀνέλοντο,3,2,1
1586,μεγάλ,18,12,6
1587,εὔχετο,12,7,5
1588,ἀνασχών,11,6,5
1589,Κίλλαν,1,1,0
1590,πάρος,102,53,49
1591,ἔκλυες,6,4,2
1592,εὐξαμένοιο,6,6,0
1593,τίμησας,2,2,0
1594,ἐμέ,104,52,52
1595,ἴψαο,2,2,0
1596,τόδ,47,24,23
1597,ἐπικρήηνον,3,3,0
1598,ἄμυνον,3,2,1
1599,ῥ,314,184,130
1600,εὔξαντο,4,2,2
1601,προβάλοντο,4,3,1
1602,αὐέρυσαν,2,2,0
1603,ἔσφαξαν,3,2,1
1604,ἔδειραν,3,2,1
1605,μηρούς,6,3,3
1606,ἐξέταμον,5,4,1
1607,κνίσῃ,5,3,2
1608,ἐκάλυψαν,4,2,2
1609,δίπτυχα,4,2,2
1610,ποιήσαντες,4,2,2
1611,αὐτῶν,47,27,20
1612,ὠμοθέτησαν,4,2,2
1613,καῖε,4,3,1
1614,σχίζῃς,2,1,1
1615,αἴθοπα,22,9,13
1616,οἶνον,76,24,52
1617,λεῖβε,4,3,1
1618,νέοι,21,6,15
1619,παρ,111,70,41
1620,ἔχον,65,50,15
1621,πεμπώβολα,2,1,1
1622,μῆρε,2,2,0
1623,κάη,2,2,0
1624,σπλάγχνα,7,3,4
1625,πάσαντο,5,2,3
1626,μίστυλλόν,8,4,4
1627,τἆλλα,5,2,3
1628,ὀβελοῖσιν,11,5,6
1629,ἔπειραν,5,2,3
1630,ὤπτησάν,4,2,2
1631,περιφραδέως,6,4,2
1632,ἐρύσαντό,5,4,1
1633,παύσαντο,6,4,2
1634,πόνου,9,6,3
1635,τετύκοντό,6,3,3
1636,δαίνυντ,13,6,7
1637,ἐδεύετο,9,7,2
1638,δαιτός,23,12,11
1639,ἐΐσης,13,10,3
1640,πόσιος,30,9,21
1641,ἐδητύος,29,10,19
1642,ἔρον,24,9,15
1643,ἕντο,22,7,15
1644,κοῦροι,32,16,16
1645,κρητῆρας,8,3,5
1646,ἐπεστέψαντο,5,2,3
1647,ποτοῖο,5,2,3
1648,νώμησαν,4,2,2
1649,ἐπαρξάμενοι,4,2,2
1650,δεπάεσσιν,10,4,6
1651,πανημέριοι,6,3,3
1652,μολπῇ,3,2,1
1653,ἱλάσκοντο,1,1,0
1654,καλόν,67,29,38
1655,ἀείδοντες,2,2,0
1656,παιήονα,2,2,0
1657,μέλποντες,1,1,0
1658,τέρπετ,2,1,1
1659,ἀκούων,11,4,7
1660,ἦμος,38,8,30
1661,ἠέλιος,34,9,25
1662,κατέδυ,12,3,9
1663,κνέφας,15,7,8
1664,κοιμήσαντο,8,3,5
1665,πρυμνήσια,7,1,6
1666,ἠριγένεια,24,2,22
1667,φάνη,28,6,22
1668,ῥοδοδάκτυλος,27,5,22
1669,Ἠώς,42,8,34
1670,ἀνάγοντο,2,1,1
1671,ἴκμενον,5,1,4
1672,οὖρον,18,4,14
1673,ἵει,13,9,4
1674,ἑκάεργος,12,11,1
1675,στήσαντ,1,1,0
1676,λευκά,15,7,8
1677,πέτασσαν,3,1,2
1678,ἄνεμος,18,8,10
1679,πρῆσεν,1,1,0
1680,μέσον,36,24,12
1681,ἱστίον,2,1,1
1682,ἀμφί,264,175,89
1683,κῦμα,64,29,35
1684,στείρῃ,2,1,1
1685,πορφύρεον,7,3,4
1686,ἴαχε,10,8,2
1687,ἰούσης,2,1,1
1688,ἔθεεν,3,1,2
1689,διαπρήσσουσα,2,1,1
1690,κέλευθον,13,8,5
1691,ἠπείροιο,9,1,8
1692,ἔρυσσαν,6,2,4
1693,ὑψοῦ,9,6,3
1694,ψαμάθοις,3,2,1
1695,ὑπό,256,178,78
1696,ἕρματα,4,3,1
1697,μακρά,36,19,17
1698,τάνυσσαν,3,3,0
1699,ἐσκίδναντο,4,3,1
1700,νέας,16,6,10
1701,μήνιε,2,2,0
1702,διογενής,13,7,6
1703,Πηλῆος,11,8,3
1704,πωλέσκετο,3,2,1
1705,κυδιάνειραν,5,5,0
1706,φθινύθεσκε,1,1,0
1707,αὖθι,56,39,17
1708,μένων,14,12,2
1709,ποθέεσκε,1,1,0
1710,ἀϋτήν,3,3,0
1711,πτόλεμόν,2,2,0
1712,δυωδεκάτη,6,4,2
1713,ἠώς,25,19,6
1714,ἴσαν,35,22,13
1715,ἦρχε,56,35,21
1716,λήθετ,6,3,3
1717,ἐφετμέων,3,2,1
1718,ἑοῦ,10,9,1
1719,ἀνεδύσετο,2,1,1
1720,ἠερίη,2,2,0
1721,ἀνέβη,1,1,0
1722,Οὔλυμπόν,2,2,0
1723,εὗρεν,11,6,5
1724,εὐρύοπα,23,16,7
1725,Κρονίδην,5,5,0
1726,ἄτερ,13,8,5
1727,ἀκροτάτῃ,5,5,0
1728,κορυφῇ,5,4,1
1729,πολυδειράδος,3,3,0
1730,λάβε,24,15,9
1731,σκαιῇ,3,3,0
1732,δεξιτερῇ,5,3,2
1733,ὑπ,140,99,41
1734,ἀνθερεῶνος,2,2,0
1735,ἑλοῦσα,14,7,7
1736,λισσομένη,7,7,0
1737,Κρονίωνα,10,8,2
1738,Ζεῦ,51,33,18
1739,πάτερ,66,29,37
1740,ὄνησα,1,1,0
1741,τίμησόν,1,1,0
1742,ὠκυμορώτατος,1,1,0
1743,ἔπλετ,2,1,1
1744,τῖσον,1,1,0
1745,Ὀλύμπιε,4,3,1
1746,τόφρα,51,24,27
1747,Τρώεσσι,82,76,6
1748,κράτος,28,21,7
1749,τίσωσιν,1,1,0
1750,ὀφέλλωσίν,1,1,0
1751,τιμῇ,3,3,0
1752,νεφεληγερέτα,30,22,8
1753,ἧστο,15,7,8
1754,ἥψατο,4,4,0
1755,ἔχετ,5,4,1
1756,ἐμπεφυυῖα,1,1,0
1757,εἴρετο,4,1,3
1758,δεύτερον,17,12,5
1759,νημερτές,12,3,9
1760,ὑπόσχεο,1,1,0
1761,κατάνευσον,1,1,0
1762,ἀπόειπ,1,1,0
1763,δέος,22,12,10
1764,εἰδέω,2,1,1
1765,ἀτιμοτάτη,1,1,0
1766,ὀχθήσας,27,18,9
1767,λοίγια,2,2,0
1768,ἔργ,12,4,8
1769,ἐχθοδοπῆσαι,1,1,0
1770,ἐφήσεις,2,1,1
1771,Ἥρῃ,9,9,0
1772,ἐρέθῃσιν,1,1,0
1773,ὀνειδείοις,5,4,1
1774,ἀθανάτοισι,56,32,24
1775,θεοῖσι,51,29,22
1776,νεικεῖ,1,1,0
1777,μέ,5,4,1
1778,φησι,9,6,3
1779,μάχῃ,17,16,1
1780,ἀρήγειν,2,2,0
1781,ἀπόστιχε,1,1,0
1782,νοήσῃ,5,5,0
1783,μελήσεται,1,1,0
1784,τελέσσω,2,2,0
1785,κεφαλῇ,23,10,13
1786,κατανεύσομαι,1,1,0
1787,πεποίθῃς,2,1,1
1788,ἐμέθεν,18,9,9
1789,μέγιστον,11,8,3
1790,τέκμωρ,9,7,2
1791,παλινάγρετον,1,1,0
1792,ἀπατηλόν,1,1,0
1793,ἀτελεύτητον,1,1,0
1794,κατανεύσω,1,1,0
1795,κυανέῃσιν,3,3,0
1796,ὀφρύσι,15,7,8
1797,νεῦσε,5,4,1
1798,Κρονίων,41,22,19
1799,ἀμβρόσιαι,1,1,0
1800,χαῖται,7,6,1
1801,ἐπερρώσαντο,1,1,0
1802,κρατός,16,8,8
1803,ἀπ,106,83,23
1804,ἀθανάτοιο,2,2,0
1805,ἐλέλιξεν,2,2,0
1806,βουλεύσαντε,2,1,1
1807,διέτμαγεν,5,4,1
1808,ἆλτο,22,19,3
1809,βαθεῖαν,7,6,1
1810,αἰγλήεντος,3,2,1
1811,Ὀλύμπου,5,4,1
1812,ἑόν,30,14,16
1813,δῶμα,100,21,79
1814,ἀνέσταν,5,3,2
1815,ἑδέων,2,2,0
1816,σφοῦ,1,1,0
1817,ἐναντίον,17,13,4
1818,ἔτλη,18,9,9
1819,μεῖναι,14,7,7
1820,ἐπερχόμενον,7,5,2
1821,ἀντίοι,4,4,0
1822,ἔσταν,16,8,8
1823,ἅπαντες,22,8,14
1824,ἔνθα,284,108,176
1825,καθέζετ,6,1,5
1826,θρόνου,19,7,12
1827,ἠγνοίησεν,4,3,1
1828,ἰδοῦσ,3,3,0
1829,συμφράσσατο,4,2,2
1830,βουλάς,22,13,9
1831,ἀργυρόπεζα,12,11,1
1832,θυγάτηρ,52,26,26
1833,ἁλίοιο,8,4,4
1834,γέροντος,28,18,10
1835,κερτομίοισι,3,1,2
1836,αὖ,169,76,93
1837,δολομῆτα,1,1,0
1838,ἐστίν,59,20,39
1839,νόσφιν,26,17,9
1840,κρυπτάδια,1,1,0
1841,φρονέοντα,2,2,0
1842,δικαζέμεν,1,1,0
1843,εἰπεῖν,17,7,10
1844,ὅττι,52,18,34
1845,νοήσῃς,1,1,0
1846,πατήρ,114,65,49
1847,ἐμούς,3,3,0
1848,ἐπιέλπεο,1,1,0
1849,μύθους,3,2,1
1850,εἰδήσειν,1,1,0
1851,χαλεποί,5,2,3
1852,ἔσοντ,1,1,0
1853,ἀλόχῳ,15,4,11
1854,ἐούσῃ,3,2,1
1855,ἐπιεικές,8,6,2
1856,ἀκουέμεν,10,4,6
1857,πρότερος,33,28,5
1858,εἴσεται,4,3,1
1859,ἐθέλωμι,3,2,1
1860,ἕκαστα,36,5,31
1861,διείρεο,2,2,0
1862,μετάλλα,3,1,2
1863,βοῶπις,17,17,0
1864,αἰνότατε,6,6,0
1865,Κρονίδη,10,7,3
1866,ποῖον,12,9,3
1867,λίην,41,13,28
1868,εἴρομαι,1,1,0
1869,μεταλλῶ,1,1,0
1870,εὔκηλος,2,1,1
1871,φράζεαι,1,1,0
1872,ἅσσ,4,2,2
1873,ἐθέλῃσθα,18,11,7
1874,αἰνῶς,31,19,12
1875,δείδοικα,7,5,2
1876,παρείπῃ,1,1,0
1877,παρέζετο,1,1,0
1878,κατανεῦσαι,2,2,0
1879,ἐτήτυμον,11,3,8
1880,Ἀχιλῆα,23,23,0
1881,τιμήσῃς,1,1,0
1882,ὀλέσῃς,1,1,0
1883,πολέας,19,16,3
1884,δαιμονίη,8,5,3
1885,ὀΐεαι,1,1,0
1886,λήθω,4,4,0
1887,πρῆξαι,3,1,2
1888,ἔμπης,38,17,21
1889,θυμοῦ,15,8,7
1890,μᾶλλον,70,39,31
1891,ἔσεαι,2,2,0
1892,οὕτω,63,33,30
1893,τοῦτ,13,1,12
1894,μέλλει,7,7,0
1895,ἀκέουσα,2,2,0
1896,κάθησο,2,2,0
1897,ἐμῷ,39,29,10
1898,ἐπιπείθεο,2,2,0
1899,χραίσμωσιν,1,1,0
1900,ὅσοι,26,16,10
1901,εἰσ,9,8,1
1902,Ὀλύμπῳ,7,6,1
1903,ἰόνθ,1,1,0
1904,ἀάπτους,11,8,3
1905,ἐφείω,1,1,0
1906,καθῆστο,2,1,1
1907,ἐπιγνάμψασα,1,1,0
1908,ὄχθησαν,2,2,0
1909,Οὐρανίωνες,7,4,3
1910,Ἥφαιστος,23,17,6
1911,κλυτοτέχνης,1,1,0
1912,ἦρχ,21,16,5
1913,ἀγορεύειν,11,3,8
1914,ἐπίηρα,2,2,0
1915,λευκωλένῳ,3,2,1
1916,τάδ,14,4,10
1917,ἀνεκτά,2,1,1
1918,σφώ,4,4,0
1919,ἕνεκα,7,7,0
1920,ἐριδαίνετον,2,2,0
1921,κολῳόν,1,1,0
1922,ἐλαύνετον,1,1,0
1923,ἐσθλῆς,3,2,1
1924,ἦδος,5,3,2
1925,χερείονα,3,2,1
1926,νικᾷ,2,1,1
1927,παράφημι,1,1,0
1928,αὐτῇ,40,21,19
1929,νοεούσῃ,1,1,0
1930,φέρειν,12,9,3
1931,νεικείῃσι,1,1,0
1932,ταράξῃ,1,1,0
1933,ἀστεροπητής,3,3,0
1934,στυφελίξαι,1,1,0
1935,φέρτατός,2,2,0
1936,ἐπέεσσι,54,23,31
1937,καθάπτεσθαι,1,1,0
1938,μαλακοῖσιν,4,2,2
1939,ἔπειθ,39,26,13
1940,ἵλαος,2,2,0
1941,ἔφη,24,8,16
1942,ἀναΐξας,9,4,5
1943,δέπας,30,18,12
1944,ἀμφικύπελλον,14,8,6
1945,τέτλαθι,3,2,1
1946,ἐμή,18,4,14
1947,ἀνάσχεο,3,3,0
1948,ἐοῦσαν,8,4,4
1949,ὀφθαλμοῖσιν,52,25,27
1950,θεινομένην,1,1,0
1951,δυνήσομαι,1,1,0
1952,ἀργαλέος,4,3,1
1953,ἀντιφέρεσθαι,3,2,1
1954,ἄλλοτ,6,6,0
1955,ἀλεξέμεναι,7,7,0
1956,μεμαῶτα,20,17,3
1957,ῥῖψε,1,1,0
1958,ποδός,17,12,5
1959,τεταγών,2,2,0
1960,βηλοῦ,2,2,0
1961,θεσπεσίοιο,5,2,3
1962,ἦμαρ,82,38,44
1963,φερόμην,8,1,7
1964,ἠελίῳ,10,5,5
1965,καταδύντι,4,3,1
1966,κάππεσον,4,4,0
1967,Λήμνῳ,3,3,0
1968,ὀλίγος,4,3,1
1969,ἐνῆεν,1,1,0
1970,ἔνθά,40,40,0
1971,Σίντιες,1,1,0
1972,κομίσαντο,1,1,0
1973,πεσόντα,12,10,2
1974,μείδησεν,12,7,5
1975,μειδήσασα,2,2,0
1976,ἐδέξατο,15,6,9
1977,κύπελλον,2,2,0
1978,ἄλλοισι,12,10,2
1979,ἐνδέξια,4,3,1
1980,οἰνοχόει,2,1,1
1981,γλυκύ,1,1,0
1982,νέκταρ,6,4,2
1983,κρητῆρος,7,4,3
1984,ἀφύσσων,2,1,1
1985,ἄσβεστος,8,7,1
1986,ἐνῶρτο,2,1,1
1987,γέλως,4,1,3
1988,μακάρεσσι,12,6,6
1989,θεοῖσιν,49,20,29
1990,Ἥφαιστον,7,5,2
1991,δώματα,49,5,44
1992,ποιπνύοντα,2,2,0
1993,πρόπαν,10,3,7
1994,ἠέλιον,17,6,11
1995,καταδύντα,12,3,9
1996,φόρμιγγος,3,1,2
1997,περικαλλέος,5,1,4
1998,ἔχ,15,14,1
1999,Μουσάων,1,1,0
2000,αἵ,118,85,33
2001,ἄειδον,1,1,0
2002,ἀμειβόμεναι,2,1,1
2003,ὀπί,5,1,4
2004,καλῇ,18,5,13
2005,λαμπρόν,7,7,0
2006,φάος,34,15,19
2007,ἠελίοιο,27,10,17
2008,κακκείοντες,6,2,4
2009,οἶκον,70,20,50
2010,ἕκαστος,66,44,22
2011,ἧχι,9,5,4
2012,ἑκάστῳ,35,16,19
2013,περικλυτός,14,7,7
2014,ἀμφιγυήεις,11,8,3
2015,ποίησεν,2,2,0
2016,ἰδυίῃσι,5,4,1
2017,πραπίδεσσι,4,2,2
2018,ἤϊ,2,2,0
2019,κοιμᾶθ,2,1,1
2020,γλυκύς,15,5,10
2021,ὕπνος,43,17,26
2022,ἱκάνοι,4,2,2
2023,καθεῦδ,1,1,0
2024,ἀναβάς,7,5,2
2025,χρυσόθρονος,11,3,8
2026,ἀνέρες,41,25,16
2027,ἱπποκορυσταί,3,3,0
2028,εὗδον,9,5,4
2029,παννύχιοι,9,9,0
2030,ἔχε,56,38,18
2031,νήδυμος,11,7,4
2032,μερμήριζε,4,2,2
2033,τιμήσῃ,1,1,0
2034,ὀλέσῃ,1,1,0
2035,ἥδε,26,12,14
2036,ἀρίστη,20,8,12
2037,φαίνετο,20,10,10
2038,πέμψαι,4,1,3
2039,οὖλον,5,4,1
2040,ὄνειρον,7,2,5
2041,βάσκ,6,6,0
2042,οὖλε,1,1,0
2043,ὄνειρε,1,1,0
2044,ἀτρεκέως,32,8,24
2045,ἀγορευέμεν,3,3,0
2046,ἐπιτέλλω,4,2,2
2047,θωρῆξαί,3,3,0
2048,κέλευε,13,9,4
2049,κάρη,71,53,18
2050,κομόωντας,12,9,3
2051,πανσυδίῃ,5,5,0
2052,ἕλοι,5,3,2
2053,εὐρυάγυιαν,9,7,2
2054,ἀμφίς,41,27,14
2055,ἀθάνατοι,31,14,17
2056,φράζονται,4,3,1
2057,ἐπέγναμψεν,3,3,0
2058,ἅπαντας,12,5,7
2059,ἐφῆπται,7,6,1
2060,ὄνειρος,5,3,2
2061,ἄκουσε,15,8,7
2062,ἵκανε,23,16,7
2063,κίχανεν,2,2,0
2064,εὕδοντ,5,2,3
2065,ἀμβρόσιος,2,2,0
2066,κέχυθ,1,1,0
2067,κεφαλῆς,44,27,17
2068,Νηληΐῳ,1,1,0
2069,υἷι,7,4,3
2070,Νέστορι,8,5,3
2071,γερόντων,7,5,2
2072,τῖ,2,2,0
2073,ἐεισάμενος,5,5,0
2074,προσεφώνεε,19,7,12
2075,θεῖος,10,1,9
2076,εὕδεις,5,4,1
2077,Ἀτρέος,15,12,3
2078,υἱέ,29,24,5
2079,δαΐφρονος,28,18,10
2080,ἱπποδάμοιο,22,20,2
2081,παννύχιον,2,2,0
2082,εὕδειν,10,3,7
2083,βουληφόρον,4,4,0
2084,ἐπιτετράφαται,2,2,0
2085,μέμηλε,3,2,1
2086,ξύνες,3,3,0
2087,ἄγγελός,5,4,1
2088,σεῦ,21,18,3
2089,ἄνευθεν,14,13,1
2090,κήδεται,5,5,0
2091,ἐλεαίρει,5,4,1
2092,κέλευσε,13,10,3
2093,ἕλοις,4,3,1
2094,σῇσιν,14,7,7
2095,λήθη,1,1,0
2096,αἱρείτω,2,2,0
2097,μελίφρων,1,1,0
2098,ἀνήῃ,1,1,0
2099,φρονέοντ,3,3,0
2100,ἔμελλον,19,11,8
2101,φῆ,10,3,7
2102,αἱρήσειν,2,2,0
2103,Πριάμου,8,6,2
2104,ἤματι,46,37,9
2105,κείνῳ,15,8,7
2106,νήπιος,26,14,12
2107,μήδετο,12,6,6
2108,θήσειν,6,3,3
2109,ἔμελλεν,15,7,8
2110,ἄλγεά,2,1,1
2111,στοναχάς,4,3,1
2112,Τρωσί,35,34,1
2113,κρατεράς,8,8,0
2114,ὑσμίνας,7,7,0
2115,ἔγρετο,6,4,2
2116,ὕπνου,17,8,9
2117,θείη,7,2,5
2118,ἀμφέχυτ,1,1,0
2119,ὀμφή,1,1,0
2120,ὀρθωθείς,4,4,0
2121,μαλακόν,6,3,3
2122,ἔνδυνε,3,3,0
2123,χιτῶνα,30,13,17
2124,νηγάτεον,1,1,0
2125,βάλλετο,5,2,3
2126,φᾶρος,20,3,17
2127,ποσσί,23,14,9
2128,λιπαροῖσιν,7,4,3
2129,ἐδήσατο,12,5,7
2130,καλά,117,58,59
2131,πέδιλα,16,5,11
2132,βάλετο,5,5,0
2133,ἀργυρόηλον,13,8,5
2134,εἵλετο,38,24,14
2135,πατρώϊον,5,5,0
2136,ἄφθιτον,5,5,0
2137,προσεβήσετο,4,2,2
2138,Ζηνί,9,6,3
2139,φόως,17,14,3
2140,κηρύκεσσι,6,4,2
2141,λιγυφθόγγοισι,5,4,1
2142,κηρύσσειν,3,2,1
2143,ἐκήρυσσον,3,2,1
2144,ἠγείροντο,3,2,1
2145,μεγαθύμων,14,13,1
2146,ἷζε,11,4,7
2147,Νεστορέῃ,1,1,0
2148,Πυλοιγενέος,1,1,0
2149,συγκαλέσας,2,2,0
2150,πυκινήν,6,5,1
2151,ἀρτύνετο,2,2,0
2152,κλῦτε,4,2,2
2153,φίλοι,79,43,36
2154,θεῖός,2,1,1
2155,ἐνύπνιον,2,1,1
2156,ἦλθεν,48,14,34
2157,ἀμβροσίην,13,8,5
2158,νύκτα,31,21,10
2159,δίῳ,19,18,1
2160,εἶδός,10,1,9
2161,μέγεθός,8,3,5
2162,ἄγχιστα,5,3,2
2163,ἐῴκει,12,5,7
2164,ἔειπεν,51,29,22
2165,φρεσίν,73,32,41
2166,ᾤχετ,13,9,4
2167,ἀποπτάμενος,1,1,0
2168,ἀνῆκεν,11,7,4
2169,ἄγετ,17,10,7
2170,θωρήξομεν,2,2,0
2171,πειρήσομαι,8,4,4
2172,θέμις,21,12,9
2173,φεύγειν,5,4,1
2174,πολυκλήϊσι,6,5,1
2175,κελεύσω,2,2,0
2176,ὑμεῖς,35,19,16
2177,ἄλλοθεν,21,4,17
2178,ἐρητύειν,1,1,0
2179,Πύλοιο,1,1,0
2180,ἦν,78,46,32
2181,ἠμαθόεντος,7,4,3
2182,ἡγήτορες,27,17,10
2183,μέδοντες,23,14,9
2184,ἔνισπε,3,2,1
2185,ψεῦδός,2,2,0
2186,φαῖμεν,2,2,0
2187,νοσφιζοίμεθα,2,2,0
2188,ἴδεν,24,13,11
2189,βουλῆς,4,3,1
2190,ἐξῆρχε,7,7,0
2191,νέεσθαι,56,22,34
2192,ἐπανέστησαν,1,1,0
2193,ποιμένι,28,19,9
2194,σκηπτοῦχοι,3,1,2
2195,βασιλῆες,16,11,5
2196,ἐπεσσεύοντο,5,4,1
2197,ἠΰτε,31,27,4
2198,ἔθνεα,9,6,3
2199,εἶσι,13,9,4
2200,μελισσάων,1,1,0
2201,ἁδινάων,3,2,1
2202,πέτρης,17,9,8
2203,γλαφυρῆς,13,1,12
2204,ἐρχομενάων,1,1,0
2205,βοτρυδόν,1,1,0
2206,πέτονται,3,3,0
2207,ἄνθεσιν,1,1,0
2208,εἰαρινοῖσιν,1,1,0
2209,ἅλις,29,16,13
2210,πεποτήαται,1,1,0
2211,ἄπο,50,29,21
2212,κλισιάων,9,9,0
2213,ἠϊόνος,4,4,0
2214,προπάροιθε,40,27,13
2215,βαθείης,14,11,3
2216,ἐστιχόωντο,9,9,0
2217,ἰλαδόν,1,1,0
2218,σφισιν,20,11,9
2219,ὄσσα,1,1,0
2220,δεδήει,3,3,0
2221,ὀτρύνουσ,2,2,0
2222,ἄγγελος,20,14,6
2223,ἀγέροντο,5,2,3
2224,τετρήχει,1,1,0
2225,ἀγορή,8,6,2
2226,στεναχίζετο,4,3,1
2227,γαῖα,30,19,11
2228,ἱζόντων,1,1,0
2229,ὅμαδος,5,5,0
2230,ἐννέα,16,9,7
2231,σφεας,19,11,8
2232,βοόωντες,1,1,0
2233,ἐρήτυον,4,2,2
2234,ἀϋτῆς,10,10,0
2235,σχοίατ,1,1,0
2236,ἀκούσειαν,2,2,0
2237,σπουδῇ,9,5,4
2238,λαός,27,24,3
2239,ἐρήτυθεν,2,2,0
2240,καθ,41,31,10
2241,ἕδρας,4,2,2
2242,παυσάμενοι,1,1,0
2243,κλαγγῆς,1,1,0
2244,ἔστη,26,21,5
2245,κάμε,11,10,1
2246,τεύχων,5,5,0
2247,διακτόρῳ,1,1,0
2248,ἀργεϊφόντῃ,2,1,1
2249,Ἑρμείας,17,9,8
2250,δῶκεν,24,17,7
2251,Πέλοπι,1,1,0
2252,πληξίππῳ,1,1,0
2253,Πέλοψ,1,1,0
2254,δῶκ,4,2,2
2255,Ἀτρέϊ,1,1,0
2256,Ἀτρεύς,1,1,0
2257,θνῄσκων,2,2,0
2258,ἔλιπεν,1,1,0
2259,πολύαρνι,1,1,0
2260,Θυέστῃ,1,1,0
2261,Θυέστ,1,1,0
2262,λεῖπε,6,4,2
2263,φορῆναι,4,3,1
2264,πολλῇσιν,1,1,0
2265,νήσοισι,2,1,1
2266,παντί,6,3,3
2267,ἐρεισάμενος,4,4,0
2268,ἔπε,6,3,3
2269,μετηύδα,23,11,12
2270,ἥρωες,7,6,1
2271,θεράποντες,19,14,5
2272,Ἄρηος,34,33,1
2273,Κρονίδης,26,24,2
2274,ἄτῃ,3,3,0
2275,ἐνέδησε,2,2,0
2276,βαρείῃ,5,4,1
2277,σχέτλιος,11,8,3
2278,ὑπέσχετο,10,7,3
2279,κατένευσεν,3,2,1
2280,ἐκπέρσαντ,4,4,0
2281,ἀπονέεσθαι,13,8,5
2282,ἀπάτην,2,2,0
2283,βουλεύσατο,2,2,0
2284,κελεύει,21,9,12
2285,δυσκλέα,2,2,0
2286,Ἄργος,21,12,9
2287,πολύν,34,18,16
2288,ὤλεσα,4,3,1
2289,ὑπερμενέϊ,7,7,0
2290,πολλάων,2,2,0
2291,κατέλυσε,2,2,0
2292,κάρηνα,15,9,6
2293,λύσει,2,2,0
2294,αἰσχρόν,2,2,0
2295,ἐσσομένοισι,9,5,4
2296,πυθέσθαι,18,7,11
2297,μάψ,9,7,2
2298,τοιόνδε,4,2,2
2299,τοσόνδε,1,1,0
2300,ἄπρηκτον,2,1,1
2301,πολεμίζειν,27,27,0
2302,ἀνδράσι,36,21,15
2303,παυροτέροισι,1,1,0
2304,τέλος,29,22,7
2305,πέφανται,4,4,0
2306,ἐθέλοιμεν,2,2,0
2307,Τρῶές,11,9,2
2308,ὅρκια,27,24,3
2309,πιστά,15,13,2
2310,ταμόντες,5,3,2
2311,ἀριθμηθήμεναι,1,1,0
2312,Τρῶας,69,69,0
2313,λέξασθαι,2,2,0
2314,ἐφέστιοι,1,1,0
2315,ὅσσοι,39,21,18
2316,ἔασιν,22,11,11
2317,ἡμεῖς,81,37,44
2318,δεκάδας,1,1,0
2319,διακοσμηθεῖμεν,1,1,0
2320,ἕκαστοι,9,6,3
2321,ἑλοίμεθα,3,1,2
2322,οἰνοχοεύειν,2,2,0
2323,πολλαί,14,7,7
2324,δεκάδες,1,1,0
2325,δευοίατο,2,2,0
2326,οἰνοχόοιο,1,1,0
2327,φημι,37,24,13
2328,πλέας,1,1,0
2329,ναίουσι,9,5,4
2330,πτόλιν,18,10,8
2331,ἐπίκουροι,16,16,0
2332,πολλέων,3,2,1
2333,ἐγχέσπαλοι,1,1,0
2334,πλάζουσι,1,1,0
2335,εἰῶσ,1,1,0
2336,ἐθέλοντα,15,9,6
2337,Ἰλίου,23,22,1
2338,βεβάασι,1,1,0
2339,μεγάλου,9,2,7
2340,ἐνιαυτοί,1,1,0
2341,δοῦρα,20,10,10
2342,σέσηπε,1,1,0
2343,σπάρτα,1,1,0
2344,λέλυνται,4,2,2
2345,ἡμέτεραί,1,1,0
2346,ἄλοχοι,9,7,2
2347,νήπια,15,11,4
2348,τέκνα,38,25,13
2349,εἵατ,5,4,1
2350,μεγάροις,32,5,27
2351,ποτιδέγμεναι,1,1,0
2352,ἀκράαντον,2,1,1
2353,δεῦρ,31,12,19
2354,ἱκόμεσθα,8,2,6
2355,ἄγεθ,16,10,6
2356,εἴπω,48,20,28
2357,πειθώμεθα,15,12,3
2358,φεύγωμεν,4,3,1
2359,πατρίδα,82,21,61
2360,αἱρήσομεν,3,3,0
2361,ὄρινε,13,10,3
2362,πληθύν,11,11,0
2363,ἐπάκουσαν,1,1,0
2364,κινήθη,2,2,0
2365,φή,2,2,0
2366,κύματα,11,4,7
2367,πόντου,5,1,4
2368,Ἰκαρίοιο,15,1,14
2369,Εὖρός,4,2,2
2370,Νότος,10,4,6
2371,ὤρορ,1,1,0
2372,ἐπαΐξας,8,8,0
2373,νεφελάων,1,1,0
2374,κινήσῃ,4,4,0
2375,Ζέφυρος,7,3,4
2376,βαθύ,3,2,1
2377,λήϊον,2,2,0
2378,λάβρος,2,2,0
2379,ἐπαιγίζων,1,1,0
2380,ἠμύει,1,1,0
2381,ἀσταχύεσσιν,1,1,0
2382,πᾶσ,4,2,2
2383,ἀλαλητῷ,7,6,1
2384,ἔπ,6,2,4
2385,ἐσσεύοντο,8,6,2
2386,ποδῶν,23,16,7
2387,ὑπένερθε,9,6,3
2388,κονίη,4,3,1
2389,ἵστατ,6,6,0
2390,ἀειρομένη,2,2,0
2391,ἀλλήλοισι,25,19,6
2392,κέλευον,2,2,0
2393,ἅπτεσθαι,3,1,2
2394,νηῶν,83,68,15
2395,ἑλκέμεν,6,6,0
2396,οὐρούς,1,1,0
2397,ἐξεκάθαιρον,1,1,0
2398,ἀϋτή,11,9,2
2399,οἴκαδε,24,6,18
2400,ἱεμένων,5,4,1
2401,ᾕρεον,4,3,1
2402,Ἀργείοισιν,40,34,6
2403,ὑπέρμορα,1,1,0
2404,νόστος,6,2,4
2405,ἐτύχθη,17,10,7
2406,Ἀτρυτώνη,7,5,2
2407,Ἀργεῖοι,46,38,8
2408,φεύξονται,1,1,0
2409,εὐρέα,17,7,10
2410,νῶτα,20,8,12
2411,κάδ,56,33,23
2412,εὐχωλήν,3,3,0
2413,Πριάμῳ,15,15,0
2414,λίποιεν,2,2,0
2415,Ἀργείην,9,8,1
2416,Ἑλένην,19,17,2
2417,ἧς,32,15,17
2418,Τροίῃ,30,19,11
2419,ἀπόλοντο,5,2,3
2420,φίλης,11,7,4
2421,πατρίδος,22,8,14
2422,αἴης,19,7,12
2423,ἀγανοῖς,9,4,5
2424,ἐρήτυε,3,2,1
2425,φῶτα,15,8,7
2426,ἕκαστον,27,18,9
2427,ἀμφιελίσσας,9,5,4
2428,ἀΐξασα,8,7,1
2429,Ὀδυσῆα,59,9,50
2430,μῆτιν,26,16,10
2431,ἀτάλαντον,7,7,0
2432,ἑσταότ,15,13,2
2433,ἐϋσσέλμοιο,4,3,1
2434,μελαίνης,8,4,4
2435,ἅπτετ,1,1,0
2436,ἀγχοῦ,28,19,9
2437,ἱσταμένη,14,12,2
2438,Λαερτιάδη,22,8,14
2439,πολυμήχαν,22,7,15
2440,Ὀδυσσεῦ,30,7,23
2441,φεύξεσθ,2,2,0
2442,νήεσσι,27,18,9
2443,πεσόντες,1,1,0
2444,λίποιτε,1,1,0
2445,μηδ,53,26,27
2446,ἐρώει,2,2,0
2447,φάθ,16,8,8
2448,θεᾶς,12,9,3
2449,ὄπα,12,8,4
2450,φωνησάσης,3,2,1
2451,θέειν,11,7,4
2452,χλαῖναν,19,2,17
2453,κόμισσε,3,1,2
2454,κῆρυξ,35,11,24
2455,Εὐρυβάτης,3,2,1
2456,Ἰθακήσιος,3,1,2
2457,ὀπήδει,2,1,1
2458,Ἀτρεΐδεω,7,5,2
2459,ἀντίος,24,21,3
2460,δέξατό,1,1,0
2461,ἔξοχον,14,10,4
2462,κιχείη,3,2,1
2463,ἐρητύσασκε,2,2,0
2464,παραστάς,26,17,9
2465,δαιμόνι,9,6,3
2466,δειδίσσεσθαι,1,1,0
2467,ἵδρυε,1,1,0
2468,σάφα,21,9,12
2469,οἶσθ,4,3,1
2470,οἷος,30,13,17
2471,νόος,40,22,18
2472,Ἀτρεΐωνος,1,1,0
2473,πειρᾶται,1,1,0
2474,τάχα,65,33,32
2475,ἴψεται,1,1,0
2476,βουλῇ,18,10,8
2477,ἀκούσαμεν,2,1,1
2478,ἔειπε,39,18,21
2479,χολωσάμενος,6,4,2
2480,ῥέξῃ,2,1,1
2481,τιμή,4,4,0
2482,φιλεῖ,5,5,0
2483,δήμου,8,5,3
2484,ἴδοι,8,6,2
2485,βοόωντά,1,1,0
2486,ἐφεύροι,5,4,1
2487,ἐλάσασκεν,1,1,0
2488,ὁμοκλήσασκέ,1,1,0
2489,ἀτρέμας,8,6,2
2490,ἧσο,5,3,2
2491,ἄκουε,1,1,0
2492,σέο,21,18,3
2493,φέρτεροί,8,4,4
2494,εἰσι,28,16,12
2495,ἀπτόλεμος,1,1,0
2496,ἄναλκις,2,2,0
2497,πολέμῳ,20,15,5
2498,ἐναρίθμιος,1,1,0
2499,βασιλεύσομεν,1,1,0
2500,ἀγαθόν,28,20,8
2501,πολυκοιρανίη,1,1,0
2502,κοίρανος,2,1,1
2503,Κρόνου,15,14,1
2504,πάϊς,78,51,27
2505,ἀγκυλομήτεω,8,7,1
2506,σκῆπτρόν,2,2,0
2507,ἵνά,3,3,0
2508,σφισι,19,12,7
2509,βουλεύῃσι,1,1,0
2510,κοιρανέων,2,2,0
2511,δίεπε,1,1,0
2512,ἠχῇ,10,8,2
2513,αἰγιαλῷ,2,2,0
2514,μεγάλῳ,24,21,3
2515,βρέμεται,2,2,0
2516,σμαραγεῖ,2,2,0
2517,πόντος,7,3,4
2518,ἕζοντο,6,1,5
2519,Θερσίτης,2,2,0
2520,μοῦνος,14,8,6
2521,ἀμετροεπής,1,1,0
2522,ἐκολῴα,1,1,0
2523,ἄκοσμά,1,1,0
2524,κόσμον,15,9,6
2525,βασιλεῦσιν,5,4,1
2526,εἴσαιτο,1,1,0
2527,γελοίϊον,1,1,0
2528,αἴσχιστος,1,1,0
2529,φολκός,1,1,0
2530,ἔην,73,37,36
2531,χωλός,2,1,1
2532,ἕτερον,11,7,4
2533,πόδα,7,4,3
2534,ὤμω,4,4,0
2535,κυρτώ,1,1,0
2536,στῆθος,30,24,6
2537,συνοχωκότε,1,1,0
2538,ὕπερθε,14,11,3
2539,φοξός,1,1,0
2540,κεφαλήν,35,15,20
2541,ψεδνή,1,1,0
2542,ἐπενήνοθε,2,2,0
2543,λάχνη,2,2,0
2544,μάλιστ,9,6,3
2545,Ὀδυσῆϊ,22,6,16
2546,νεικείεσκε,2,2,0
2547,ὀξέα,12,9,3
2548,κεκλήγων,6,6,0
2549,λέγ,1,1,0
2550,κοτέοντο,1,1,0
2551,νεμέσσηθέν,1,1,0
2552,βοῶν,43,21,22
2553,νείκεε,2,1,1
2554,τέο,3,2,1
2555,ἐπιμέμφεαι,2,1,1
2556,χατίζεις,1,1,0
2557,πλεῖαί,2,2,0
2558,χαλκοῦ,11,8,3
2559,κλισίαι,2,2,0
2560,γυναῖκες,28,14,14
2561,εἰσίν,23,7,16
2562,κλισίῃς,3,3,0
2563,ἐξαίρετοι,2,1,1
2564,ἅς,34,28,6
2565,πρωτίστῳ,2,2,0
2566,δίδομεν,3,2,1
2567,ἕλωμεν,3,3,0
2568,χρυσοῦ,12,8,4
2569,ἐπιδεύεαι,2,2,0
2570,οἴσει,3,2,1
2571,ἱπποδάμων,9,9,0
2572,υἷος,14,11,3
2573,δήσας,2,1,1
2574,ἀγάγω,1,1,0
2575,γυναῖκα,23,8,15
2576,νέην,2,1,1
2577,μίσγεαι,1,1,0
2578,φιλότητι,28,16,12
2579,ἀπονόσφι,4,1,3
2580,κατίσχεαι,1,1,0
2581,ἔοικεν,15,9,6
2582,ἀρχόν,11,9,2
2583,ἐπιβασκέμεν,1,1,0
2584,πέπονες,2,2,0
2585,ἐλέγχε,1,1,0
2586,Ἀχαιΐδες,4,3,1
2587,οὐκέτ,29,15,14
2588,οἴκαδέ,6,2,4
2589,νεώμεθα,6,6,0
2590,τόνδε,15,10,5
2591,ἐῶμεν,2,1,1
2592,γέρα,3,2,1
2593,πεσσέμεν,1,1,0
2594,ἴδηται,11,6,5
2595,χἠμεῖς,1,1,0
2596,προσαμύνομεν,1,1,0
2597,οὐκί,10,6,4
2598,ἕο,12,5,7
2599,ἀμείνονα,6,5,1
2600,μεθήμων,1,1,0
2601,νεικείων,4,3,1
2602,παρίστατο,13,9,4
2603,χαλεπῷ,2,2,0
2604,ἠνίπαπε,6,4,2
2605,Θερσῖτ,1,1,0
2606,ἀκριτόμυθε,1,1,0
2607,φημί,14,12,2
2608,χερειότερον,1,1,0
2609,βροτόν,6,3,3
2610,ἄλλον,72,39,33
2611,Ἀτρεΐδῃς,5,5,0
2612,βασιλῆας,6,4,2
2613,στόμ,3,2,1
2614,ἀγορεύοις,2,1,1
2615,ὀνείδεά,1,1,0
2616,προφέροις,1,1,0
2617,νόστόν,2,2,0
2618,φυλάσσοις,2,1,1
2619,νοστήσομεν,1,1,0
2620,ἧσαι,1,1,0
2621,ὀνειδίζων,3,2,1
2622,διδοῦσιν,4,2,2
2623,κερτομέων,2,1,1
2624,ἀφραίνοντα,1,1,0
2625,κιχήσομαι,3,2,1
2626,μηκέτ,5,2,3
2627,ἐπείη,1,1,0
2628,Τηλεμάχοιο,16,2,14
2629,κεκλημένος,2,1,1
2630,εἴην,8,5,3
2631,λαβών,38,24,14
2632,εἵματα,47,7,40
2633,δύσω,1,1,0
2634,χλαῖνάν,16,1,15
2635,αἰδῶ,7,6,1
2636,ἀμφικαλύπτει,1,1,0
2637,κλαίοντα,2,2,0
2638,ἀφήσω,1,1,0
2639,πεπλήγων,2,2,0
2640,ἀγορῆθεν,2,1,1
2641,ἀεικέσσι,1,1,0
2642,πληγῇσιν,4,2,2
2643,μετάφρενον,9,8,1
2644,πλῆξεν,4,3,1
2645,ἰδνώθη,2,2,0
2646,θαλερόν,17,5,12
2647,ἔκπεσε,13,9,4
2648,σμῶδιξ,1,1,0
2649,αἱματόεσσα,2,2,0
2650,μεταφρένου,1,1,0
2651,ἐξυπανέστη,1,1,0
2652,σκήπτρου,1,1,0
2653,ὕπο,39,25,14
2654,χρυσέου,2,2,0
2655,τάρβησέν,2,2,0
2656,ἀλγήσας,3,3,0
2657,ἀχρεῖον,2,1,1
2658,ἀπομόρξατο,3,1,2
2659,ἀχνύμενοί,9,7,2
2660,αὐτῷ,166,97,69
2661,ἡδύ,25,6,19
2662,γέλασσαν,4,2,2
2663,εἴπεσκεν,15,9,6
2664,πλησίον,19,8,11
2665,ἐσθλά,16,7,9
2666,ἔοργε,5,5,0
2667,ἐξάρχων,1,1,0
2668,ἀγαθάς,1,1,0
2669,πόλεμόν,11,8,3
2670,κορύσσων,1,1,0
2671,ἔρεξεν,4,2,2
2672,λωβητῆρα,1,1,0
2673,ἐπεσβόλον,1,1,0
2674,ἔσχ,3,2,1
2675,ἀγοράων,2,1,1
2676,θήν,7,6,1
2677,ἀνήσει,1,1,0
2678,ἀγήνωρ,25,10,15
2679,νεικείειν,2,2,0
2680,φάσαν,7,2,5
2681,πληθύς,2,2,0
2682,πτολίπορθος,6,3,3
2683,εἰδομένη,11,2,9
2684,κήρυκι,4,3,1
2685,σιωπᾶν,1,1,0
2686,ἀνώγει,42,21,21
2687,πρῶτοί,1,1,0
2688,ὕστατοι,1,1,0
2689,ἐπιφρασσαίατο,1,1,0
2690,ἐθέλουσιν,4,2,2
2691,ἐλέγχιστον,2,2,0
2692,θέμεναι,7,4,3
2693,μερόπεσσι,1,1,0
2694,βροτοῖσιν,18,9,9
2695,ἐκτελέουσιν,2,1,1
2696,ὑπόσχεσιν,2,1,1
2697,ὑπέσταν,1,1,0
2698,στείχοντες,2,1,1
2699,Ἄργεος,15,9,6
2700,ἱπποβότοιο,9,5,4
2701,νεαροί,1,1,0
2702,χῆραί,1,1,0
2703,ἀλλήλοισιν,34,25,9
2704,ὀδύρονται,2,2,0
2705,πόνος,14,11,3
2706,ἀνιηθέντα,1,1,0
2707,ἕνα,22,15,7
2708,μῆνα,4,1,3
2709,ἀλόχοιο,9,5,4
2710,ἀσχαλάᾳ,2,1,1
2711,πολυζύγῳ,1,1,0
2712,ἄελλαι,8,3,5
2713,χειμέριαι,1,1,0
2714,εἰλέωσιν,1,1,0
2715,ὀρινομένη,1,1,0
2716,θάλασσα,13,5,8
2717,εἴνατός,1,1,0
2718,περιτροπέων,1,1,0
2719,ἐνιαυτός,2,1,1
2720,μιμνόντεσσι,1,1,0
2721,νεμεσίζομ,1,1,0
2722,ἀσχαλάαν,1,1,0
2723,δηρόν,38,24,14
2724,κενεόν,2,1,1
2725,τλῆτε,1,1,0
2726,μείνατ,1,1,0
2727,χρόνον,29,10,19
2728,δαῶμεν,1,1,0
2729,ἐτεόν,21,11,10
2730,μαντεύεται,1,1,0
2731,οὕς,59,41,18
2732,κῆρες,7,6,1
2733,θανάτοιο,41,24,17
2734,φέρουσαι,5,3,2
2735,χθιζά,1,1,0
2736,πρωΐζ,1,1,0
2737,Αὐλίδα,2,2,0
2738,νῆες,52,33,19
2739,ἠγερέθοντο,13,5,8
2740,κακά,125,41,84
2741,κρήνην,5,2,3
2742,ἱερούς,2,2,0
2743,βωμούς,1,1,0
2744,ἕρδομεν,2,2,0
2745,πλατανίστῳ,1,1,0
2746,ὅθεν,15,6,9
2747,ἀγλαόν,17,8,9
2748,ὕδωρ,75,31,44
2749,ἐφάνη,6,4,2
2750,σῆμα,29,20,9
2751,δράκων,5,4,1
2752,δαφοινός,1,1,0
2753,σμερδαλέος,3,1,2
2754,βωμοῦ,1,1,0
2755,ὑπαΐξας,1,1,0
2756,πλατάνιστον,1,1,0
2757,ὄρουσεν,6,6,0
2758,στρουθοῖο,3,3,0
2759,νεοσσοί,1,1,0
2760,ὄζῳ,2,2,0
2761,ἀκροτάτῳ,3,2,1
2762,πετάλοις,1,1,0
2763,ὑποπεπτηῶτες,1,1,0
2764,ὀκτώ,5,3,2
2765,ἐνάτη,2,2,0
2766,ἐλεεινά,3,3,0
2767,κατήσθιε,2,1,1
2768,τετριγῶτας,1,1,0
2769,ἀμφεποτᾶτο,1,1,0
2770,ὀδυρομένη,6,2,4
2771,ἐλελιξάμενος,1,1,0
2772,πτέρυγος,2,2,0
2773,ἀμφιαχυῖαν,1,1,0
2774,φάγε,2,2,0
2775,ἀρίζηλον,1,1,0
2776,θῆκεν,30,12,18
2777,ἔφηνε,3,2,1
2778,λᾶαν,9,5,4
2779,ἑσταότες,9,7,2
2780,θαυμάζομεν,3,3,0
2781,δεινά,6,5,1
2782,πέλωρα,2,1,1
2783,εἰσῆλθ,1,1,0
2784,ἄνεῳ,6,3,3
2785,ἐγένεσθε,1,1,0
2786,κομόωντες,19,18,1
2787,τέρας,13,7,6
2788,ὄψιμον,1,1,0
2789,ὀψιτέλεστον,1,1,0
2790,ὅου,2,1,1
2791,κλέος,61,27,34
2792,ὀλεῖται,3,2,1
2793,οὗτος,34,14,20
2794,τοσσαῦτ,1,1,0
2795,ἔτεα,1,1,0
2796,πτολεμίξομεν,1,1,0
2797,δεκάτῳ,5,2,3
2798,κεῖνος,57,18,39
2799,τώς,5,3,2
2800,τελεῖται,6,2,4
2801,μίμνετε,4,3,1
2802,ἄστυ,106,75,31
2803,ἴαχον,7,7,0
2804,σμερδαλέον,17,12,5
2805,κονάβησαν,2,2,0
2806,ἀϋσάντων,3,3,0
2807,ἐπαινήσαντες,1,1,0
2808,Ὀδυσσῆος,78,7,71
2809,θείοιο,43,16,27
2810,μετέειπε,38,14,24
2811,Γερήνιος,36,25,11
2812,ἱππότα,37,27,10
2813,παισίν,7,6,1
2814,ἐοικότες,18,14,4
2815,ἀγοράασθε,1,1,0
2816,νηπιάχοις,1,1,0
2817,μέλει,8,6,2
2818,πολεμήϊα,7,7,0
2819,πῇ,17,11,6
2820,συνθεσίαι,1,1,0
2821,βήσεται,1,1,0
2822,βουλαί,1,1,0
2823,γενοίατο,4,1,3
2824,μήδεά,3,1,2
2825,σπονδαί,2,2,0
2826,ἄκρητοι,2,2,0
2827,δεξιαί,2,2,0
2828,ἐπέπιθμεν,3,3,0
2829,ἐπέεσσ,3,3,0
2830,ἐριδαίνομεν,3,1,2
2831,μῆχος,4,2,2
2832,εὑρέμεναι,4,1,3
2833,δυνάμεσθα,4,1,3
2834,ἔθ,5,3,2
2835,ἀστεμφέα,1,1,0
2836,ἄρχευ,1,1,0
2837,τούσδε,6,3,3
2838,φθινύθειν,1,1,0
2839,βουλεύωσ,1,1,0
2840,ἄνυσις,1,1,0
2841,γνώμεναι,4,3,1
2842,ψεῦδος,4,2,2
2843,ὑπόσχεσις,1,1,0
2844,ὑπερμενέα,2,2,0
2845,ὠκυπόροισιν,2,2,0
2846,ἔβαινον,8,3,5
2847,φόνον,26,14,12
2848,κῆρα,34,18,16
2849,φέροντες,15,8,7
2850,ἀστράπτων,1,1,0
2851,ἐπιδέξι,1,1,0
2852,ἐναίσιμα,4,2,2
2853,σήματα,7,5,2
2854,φαίνων,4,3,1
2855,ἐπειγέσθω,2,2,0
2856,κατακοιμηθῆναι,1,1,0
2857,τίσασθαι,7,5,2
2858,Ἑλένης,14,10,4
2859,ὁρμήματά,2,2,0
2860,ἁπτέσθω,1,1,0
2861,πρόσθ,23,19,4
2862,θάνατον,40,18,22
2863,πότμον,34,12,22
2864,ἐπίσπῃ,4,3,1
2865,μήδεο,1,1,0
2866,πείθεό,1,1,0
2867,ἀπόβλητον,1,1,0
2868,κρῖν,1,1,0
2869,ἄνδρας,43,27,16
2870,φῦλα,11,10,1
2871,φρήτρας,1,1,0
2872,Ἀγάμεμνον,13,10,3
2873,φρήτρη,1,1,0
2874,φρήτρηφιν,1,1,0
2875,ἀρήγῃ,1,1,0
2876,φύλοις,1,1,0
2877,ἕρξῃς,1,1,0
2878,πείθωνται,1,1,0
2879,γνώσῃ,1,1,0
2880,ἡγεμόνων,6,6,0
2881,κακός,27,15,12
2882,ἐσθλός,25,16,9
2883,ἔῃσι,1,1,0
2884,σφέας,15,4,11
2885,μαχέονται,1,1,0
2886,γνώσεαι,3,2,1
2887,θεσπεσίῃ,13,8,5
2888,ἀλαπάξεις,1,1,0
2889,κακότητι,8,3,5
2890,ἀφραδίῃ,1,1,0
2891,μάν,24,22,2
2892,ἀγορῇ,19,15,4
2893,νικᾷς,1,1,0
2894,Ἀθηναίη,53,28,25
2895,Ἄπολλον,10,4,6
2896,τοιοῦτοι,4,3,1
2897,δέκα,19,14,5
2898,συμφράδμονες,1,1,0
2899,εἶεν,10,4,6
2900,ἠμύσειε,2,2,0
2901,πόλις,28,17,11
2902,ἡμετέρῃσιν,4,4,0
2903,ἁλοῦσά,3,3,0
2904,περθομένη,3,3,0
2905,αἰγίοχος,3,2,1
2906,ἀπρήκτους,2,1,1
2907,ἔριδας,2,2,0
2908,νείκεα,7,5,2
2909,βάλλει,3,3,0
2910,μαχεσσάμεθ,1,1,0
2911,ἀντιβίοις,3,1,2
2912,ἦρχον,7,5,2
2913,χαλεπαίνων,2,2,0
2914,ἔς,13,4,9
2915,μίαν,7,4,3
2916,βουλεύσομεν,2,2,0
2917,Τρωσίν,34,33,1
2918,ἀνάβλησις,2,2,0
2919,κακοῦ,8,7,1
2920,ἠβαιόν,7,5,2
2921,ἔρχεσθ,10,6,4
2922,δεῖπνον,30,11,19
2923,ξυνάγωμεν,2,2,0
2924,Ἄρηα,36,32,4
2925,δόρυ,59,51,8
2926,θηξάσθω,1,1,0
2927,ἀσπίδα,36,35,1
2928,θέσθω,1,1,0
2929,ἵπποισιν,16,15,1
2930,δότω,5,4,1
2931,ὠκυπόδεσσιν,2,2,0
2932,ἅρματος,4,4,0
2933,μεδέσθω,1,1,0
2934,στυγερῷ,5,4,1
2935,κρινώμεθ,1,1,0
2936,Ἄρηϊ,28,26,2
2937,παυσωλή,1,1,0
2938,μετέσσεται,1,1,0
2939,νύξ,42,28,14
2940,διακρινέει,1,1,0
2941,ἱδρώσει,2,2,0
2942,τευ,20,8,12
2943,τελαμών,3,2,1
2944,στήθεσφιν,9,8,1
2945,ἀσπίδος,19,19,0
2946,ἀμφιβρότης,3,3,0
2947,ἔγχεϊ,47,42,5
2948,καμεῖται,1,1,0
2949,ἵππος,9,9,0
2950,ἐΰξοον,12,5,7
2951,ἅρμα,13,13,0
2952,τιταίνων,3,3,0
2953,μάχης,71,71,0
2954,νοήσω,4,4,0
2955,μιμνάζειν,2,2,0
2956,ἄρκιον,2,2,0
2957,ἐσσεῖται,2,2,0
2958,φυγέειν,5,3,2
2959,οἰωνούς,4,4,0
2960,ἀκτῇ,3,1,2
2961,ἐφ,47,34,13
2962,ὑψηλῇ,3,3,0
2963,προβλῆτι,2,2,0
2964,σκοπέλῳ,3,1,2
2965,λείπει,1,1,0
2966,παντοίων,6,2,4
2967,ἀνέμων,25,11,14
2968,γένωνται,2,2,0
2969,ἀνστάντες,8,2,6
2970,ὀρέοντο,2,2,0
2971,κεδασθέντες,2,2,0
2972,κάπνισσάν,1,1,0
2973,ἕλοντο,22,11,11
2974,ἔρεζε,1,1,0
2975,αἰειγενετάων,7,5,2
2976,φυγεῖν,2,2,0
2977,μῶλον,5,5,0
2978,βοῦν,24,10,14
2979,ἱέρευσε,1,1,0
2980,πενταέτηρον,4,2,2
2981,κίκλησκεν,1,1,0
2982,γέροντας,4,3,1
2983,ἀριστῆας,8,5,3
2984,Παναχαιῶν,8,8,0
2985,Νέστορα,9,7,2
2986,Ἰδομενῆα,17,14,3
2987,Αἴαντε,17,17,0
2988,Τυδέος,32,31,1
2989,ἕκτον,1,1,0
2990,αὐτόματος,1,1,0
2991,βοήν,53,43,10
2992,Μενέλαος,94,62,32
2993,ᾔδεε,4,4,0
2994,ἀδελφεόν,8,6,2
2995,ἐπονεῖτο,4,3,1
2996,περιστήσαντο,1,1,0
2997,μέγιστε,6,6,0
2998,κελαινεφές,11,8,3
2999,αἰθέρι,6,5,1
3000,ναίων,14,8,6
3001,δῦναι,7,6,1
3002,ἐλθεῖν,31,17,14
3003,πρηνές,1,1,0
3004,βαλέειν,17,11,6
3005,μέλαθρον,4,2,2
3006,αἰθαλόεν,1,1,0
3007,πρῆσαι,1,1,0
3008,πυρός,50,34,16
3009,δηΐοιο,5,5,0
3010,θύρετρα,4,1,3
3011,Ἑκτόρεον,1,1,0
3012,στήθεσσι,71,43,28
3013,δαΐξαι,2,2,0
3014,χαλκῷ,125,90,35
3015,ῥωγαλέον,1,1,0
3016,πολέες,22,19,3
3017,ἑταῖροι,77,25,52
3018,πρηνέες,3,3,0
3019,κονίῃσιν,14,11,3
3020,ὀδάξ,9,5,4
3021,λαζοίατο,1,1,0
3022,ἐπεκραίαινε,2,2,0
3023,δέκτο,2,2,0
3024,ἱρά,7,4,3
3025,πόνον,20,17,3
3026,ἀμέγαρτον,3,1,2
3027,σχίζῃσιν,1,1,0
3028,ἀφύλλοισιν,1,1,0
3029,κατέκαιον,1,1,0
3030,ἀμπείραντες,1,1,0
3031,ὑπείρεχον,1,1,0
3032,Ἡφαίστοιο,23,13,10
3033,μύθων,45,12,33
3034,μηκέτι,18,9,9
3035,δήθ,4,2,2
3036,λεγώμεθα,5,3,2
3037,ἀμβαλλώμεθα,1,1,0
3038,ἐγγυαλίζει,1,1,0
3039,κηρύσσοντες,1,1,0
3040,ἀγειρόντων,1,1,0
3041,ἀθρόοι,12,5,7
3042,ἴομεν,27,14,13
3043,θᾶσσον,23,11,12
3044,ἐγείρομεν,7,7,0
3045,ὀξύν,14,10,4
3046,ἀπίθησεν,8,7,1
3047,διοτρεφέες,3,2,1
3048,θῦνον,2,2,0
3049,κρίνοντες,1,1,0
3050,αἰγίδ,3,2,1
3051,ἔχουσ,8,3,5
3052,ἐρίτιμον,2,2,0
3053,ἀγήρων,1,1,0
3054,ἀθανάτην,2,1,1
3055,τῆς,58,30,28
3056,ἑκατόν,9,9,0
3057,θύσανοι,1,1,0
3058,παγχρύσεοι,1,1,0
3059,ἠερέθονται,3,3,0
3060,ἐϋπλεκέες,1,1,0
3061,ἑκατόμβοιος,1,1,0
3062,παιφάσσουσα,1,1,0
3063,διέσσυτο,6,5,1
3064,σθένος,21,19,2
3065,ὦρσεν,17,14,3
3066,καρδίῃ,3,3,0
3067,ἄλληκτον,1,1,0
3068,πόλεμος,11,11,0
3069,γλαφυρῇσι,8,6,2
3070,πῦρ,63,41,22
3071,ἀΐδηλον,6,4,2
3072,ἐπιφλέγει,1,1,0
3073,ἄσπετον,14,9,5
3074,ὕλην,23,16,7
3075,οὔρεος,7,7,0
3076,κορυφῇς,1,1,0
3077,ἕκαθεν,4,3,1
3078,φαίνεται,7,2,5
3079,αὐγή,5,4,1
3080,ἐρχομένων,5,5,0
3081,αἴγλη,5,2,3
3082,παμφανόωσα,1,1,0
3083,δι,44,32,12
3084,αἰθέρος,9,7,2
3085,ἷκε,4,4,0
3086,ὀρνίθων,2,2,0
3087,πετεηνῶν,9,8,1
3088,χηνῶν,2,2,0
3089,γεράνων,3,3,0
3090,κύκνων,2,2,0
3091,δουλιχοδείρων,2,2,0
3092,Ἀσίω,1,1,0
3093,λειμῶνι,5,3,2
3094,Καϋστρίου,1,1,0
3095,ῥέεθρα,23,19,4
3096,ποτῶνται,1,1,0
3097,ἀγαλλόμενα,1,1,0
3098,πτερύγεσσι,1,1,0
3099,κλαγγηδόν,1,1,0
3100,προκαθιζόντων,1,1,0
3101,λειμών,3,1,2
3102,πεδίον,45,39,6
3103,προχέοντο,3,3,0
3104,Σκαμάνδριον,3,3,0
3105,χθών,11,10,1
3106,κονάβιζε,3,2,1
3107,ἵππων,91,84,7
3108,Σκαμανδρίῳ,1,1,0
3109,ἀνθεμόεντι,2,1,1
3110,μυρίοι,8,3,5
3111,ὅσσά,8,8,0
3112,ἄνθεα,3,1,2
3113,γίγνεται,24,12,12
3114,ὥρῃ,8,3,5
3115,μυιάων,1,1,0
3116,σταθμόν,13,2,11
3117,ποιμνήϊον,1,1,0
3118,ἠλάσκουσιν,1,1,0
3119,εἰαρινῇ,4,2,2
3120,γλάγος,2,2,0
3121,ἄγγεα,4,2,2
3122,δεύει,2,2,0
3123,τόσσοι,5,2,3
3124,πεδίῳ,23,18,5
3125,ἵσταντο,9,7,2
3126,διαρραῖσαι,4,4,0
3127,μεμαῶτες,11,8,3
3128,αἰπόλια,4,2,2
3129,πλατέ,4,2,2
3130,αἰπόλοι,1,1,0
3131,ῥεῖα,32,22,10
3132,διακρίνωσιν,1,1,0
3133,νομῷ,1,1,0
3134,μιγέωσιν,1,1,0
3135,ἡγεμόνες,7,7,0
3136,διεκόσμεον,1,1,0
3137,ὑσμίνην,12,12,0
3138,ὄμματα,10,6,4
3139,ἴκελος,5,3,2
3140,Ἄρεϊ,1,1,0
3141,ζώνην,5,2,3
3142,στέρνον,4,4,0
3143,Ποσειδάωνι,18,5,13
3144,ἀγέληφι,2,2,0
3145,ἔξοχος,5,4,1
3146,ἔπλετο,36,18,18
3147,ταῦρος,4,3,1
3148,βόεσσι,6,6,0
3149,μεταπρέπει,3,1,2
3150,ἀγρομένῃσι,1,1,0
3151,τοῖον,33,13,20
3152,ἐκπρεπέ,1,1,0
3153,πολλοῖσι,8,4,4
3154,ἡρώεσσιν,6,6,0
3155,ἔσπετε,4,4,0
3156,Μοῦσαι,8,7,1
3157,ἔχουσαι,11,6,5
3158,θεαί,6,4,2
3159,ἐστε,5,3,2
3160,πάρεστέ,1,1,0
3161,ἴστέ,1,1,0
3162,οἶον,33,16,17
3163,ἀκούομεν,3,2,1
3164,τινες,8,1,7
3165,κοίρανοι,2,2,0
3166,ἦσαν,70,46,24
3167,μυθήσομαι,11,1,10
3168,ὀνομήνω,5,2,3
3169,γλῶσσαι,1,1,0
3170,στόματ,2,2,0
3171,φωνή,11,7,4
3172,ἄρρηκτος,2,2,0
3173,χάλκεον,48,36,12
3174,ἐνείη,2,2,0
3175,Ὀλυμπιάδες,1,1,0
3176,θυγατέρες,6,4,2
3177,μνησαίαθ,1,1,0
3178,ἀρχούς,2,2,0
3179,νῆάς,13,9,4
3180,προπάσας,1,1,0
3181,Βοιωτῶν,5,5,0
3182,Πηνέλεως,5,5,0
3183,Λήϊτος,2,2,0
3184,Ἀρκεσίλαός,1,1,0
3185,Προθοήνωρ,1,1,0
3186,Κλονίος,1,1,0
3187,Ὑρίην,1,1,0
3188,ἐνέμοντο,14,14,0
3189,πετρήεσσαν,3,3,0
3190,Σχοῖνόν,1,1,0
3191,Σκῶλόν,1,1,0
3192,πολύκνημόν,1,1,0
3193,Ἐτεωνόν,1,1,0
3194,Θέσπειαν,1,1,0
3195,Γραῖάν,1,1,0
3196,εὐρύχορον,5,1,4
3197,Μυκαλησσόν,1,1,0
3198,Ἅρμ,1,1,0
3199,Εἰλέσιον,1,1,0
3200,Ἐρυθράς,1,1,0
3201,Ἐλεῶν,1,1,0
3202,εἶχον,26,22,4
3203,Ὕλην,1,1,0
3204,Πετεῶνα,1,1,0
3205,Ὠκαλέην,1,1,0
3206,Μεδεῶνά,1,1,0
3207,ἐϋκτίμενον,11,7,4
3208,Κώπας,1,1,0
3209,Εὔτρησίν,1,1,0
3210,πολυτρήρωνά,2,2,0
3211,Θίσβην,1,1,0
3212,Κορώνειαν,1,1,0
3213,ποιήενθ,1,1,0
3214,Ἁλίαρτον,1,1,0
3215,Πλάταιαν,1,1,0
3216,Γλισᾶντ,1,1,0
3217,Ὑποθήβας,1,1,0
3218,Ὀγχηστόν,1,1,0
3219,ἱερόν,20,9,11
3220,Ποσιδήϊον,1,1,0
3221,ἄλσος,5,1,4
3222,πολυστάφυλον,1,1,0
3223,Ἄρνην,1,1,0
3224,Μίδειαν,1,1,0
3225,Νῖσάν,1,1,0
3226,Ἀνθηδόνα,1,1,0
3227,ἐσχατόωσαν,1,1,0
3228,πεντήκοντα,19,11,8
3229,νέες,13,9,4
3230,κίον,19,7,12
3231,ἑκάστῃ,10,4,6
3232,εἴκοσι,8,4,4
3233,Ἀσπληδόνα,1,1,0
3234,ναῖον,4,3,1
3235,ἰδ,3,1,2
3236,Ὀρχομενόν,3,3,0
3237,Μινύειον,1,1,0
3238,Ἀσκάλαφος,2,2,0
3239,Ἰάλμενος,1,1,0
3240,τέκεν,10,6,4
3241,Ἀστυόχη,1,1,0
3242,δόμῳ,3,3,0
3243,Ἄκτορος,3,3,0
3244,Ἀζεΐδαο,1,1,0
3245,παρθένος,6,3,3
3246,αἰδοίη,20,6,14
3247,ὑπερώϊον,3,1,2
3248,εἰσαναβᾶσα,4,2,2
3249,κρατερῷ,6,6,0
3250,παρελέξατο,6,5,1
3251,λάθρῃ,10,8,2
3252,τριήκοντα,3,3,0
3253,γλαφυραί,4,4,0
3254,Φωκήων,4,4,0
3255,Σχεδίος,1,1,0
3256,Ἐπίστροφος,2,2,0
3257,Ἰφίτου,2,2,0
3258,μεγαθύμου,32,26,6
3259,Ναυβολίδαο,1,1,0
3260,Κυπάρισσον,1,1,0
3261,Πυθῶνά,1,1,0
3262,Κρῖσάν,1,1,0
3263,Δαυλίδα,1,1,0
3264,Πανοπῆα,1,1,0
3265,Ἀνεμώρειαν,1,1,0
3266,Ὑάμπολιν,1,1,0
3267,ἀμφενέμοντο,8,8,0
3268,ποταμόν,15,10,5
3269,Κηφισόν,1,1,0
3270,δῖον,66,58,8
3271,ἔναιον,10,6,4
3272,Λίλαιαν,1,1,0
3273,πηγῇς,1,1,0
3274,Κηφισοῖο,1,1,0
3275,τεσσαράκοντα,9,9,0
3276,μέλαιναι,12,12,0
3277,στίχας,31,30,1
3278,ἵστασαν,6,3,3
3279,ἀμφιέποντες,4,3,1
3280,ἔμπλην,1,1,0
3281,ἀριστερά,14,13,1
3282,θωρήσσοντο,10,10,0
3283,Λοκρῶν,2,2,0
3284,ἡγεμόνευεν,8,3,5
3285,Ὀϊλῆος,12,12,0
3286,ταχύς,14,11,3
3287,μείων,3,3,0
3288,τόσος,2,1,1
3289,ὅσος,1,1,0
3290,Τελαμώνιος,28,28,0
3291,λινοθώρηξ,2,2,0
3292,ἐγχείῃ,5,4,1
3293,ἐκέκαστο,8,5,3
3294,Πανέλληνας,1,1,0
3295,Κῦνόν,1,1,0
3296,ἐνέμοντ,1,1,0
3297,Ὀπόεντά,1,1,0
3298,Καλλίαρόν,1,1,0
3299,Βῆσσάν,1,1,0
3300,Σκάρφην,1,1,0
3301,Αὐγειάς,2,2,0
3302,ἐρατεινάς,2,2,0
3303,Τάρφην,1,1,0
3304,Θρόνιον,1,1,0
3305,Βοαγρίου,1,1,0
3306,πέρην,3,3,0
3307,ἱερῆς,5,3,2
3308,Εὐβοίης,2,1,1
3309,Εὔβοιαν,2,1,1
3310,μένεα,4,4,0
3311,πνείοντες,5,3,2
3312,Ἄβαντες,2,2,0
3313,Χαλκίδα,3,2,1
3314,Εἰρέτριάν,1,1,0
3315,πολυστάφυλόν,1,1,0
3316,Ἱστίαιαν,1,1,0
3317,Κήρινθόν,1,1,0
3318,ἔφαλον,2,2,0
3319,Δίου,1,1,0
3320,αἰπύ,14,7,7
3321,Κάρυστον,1,1,0
3322,Στύρα,1,1,0
3323,ναιετάασκον,2,2,0
3324,ἡγεμόνευ,5,2,3
3325,Ἐλεφήνωρ,2,2,0
3326,ὄζος,7,7,0
3327,Χαλκωδοντιάδης,2,2,0
3328,Ἀβάντων,2,2,0
3329,θοοί,2,2,0
3330,αἰχμηταί,2,2,0
3331,ὀρεκτῇσιν,1,1,0
3332,μελίῃσι,1,1,0
3333,θώρηκας,1,1,0
3334,ῥήξειν,3,3,0
3335,δηΐων,11,11,0
3336,Ἀθήνας,1,1,0
3337,δῆμον,47,10,37
3338,Ἐρεχθῆος,2,1,1
3339,μεγαλήτορος,29,14,15
3340,θρέψε,3,1,2
3341,ζείδωρος,4,1,3
3342,ἄρουρα,9,3,6
3343,Ἀθήνῃς,1,1,0
3344,ἑῷ,10,5,5
3345,πίονι,10,6,4
3346,νηῷ,4,4,0
3347,ταύροισι,1,1,0
3348,ἀρνειοῖς,1,1,0
3349,ἱλάονται,1,1,0
3350,Ἀθηναίων,5,5,0
3351,περιτελλομένων,1,1,0
3352,ἐνιαυτῶν,2,1,1
3353,Πετεῶο,6,6,0
3354,Μενεσθεύς,4,4,0
3355,ὁμοῖος,8,4,4
3356,ἐπιχθόνιος,2,2,0
3357,κοσμῆσαι,1,1,0
3358,ἀσπιδιώτας,2,2,0
3359,ἔριζεν,3,2,1
3360,προγενέστερος,6,2,4
3361,Σαλαμῖνος,1,1,0
3362,ἄγεν,6,5,1
3363,δυοκαίδεκα,13,7,6
3364,στῆσε,4,1,3
3365,ἵν,46,18,28
3366,φάλαγγες,12,12,0
3367,Ἄργός,2,2,0
3368,Τίρυνθά,1,1,0
3369,τειχιόεσσαν,2,2,0
3370,Ἑρμιόνην,2,1,1
3371,Ἀσίνην,1,1,0
3372,βαθύν,1,1,0
3373,κόλπον,7,6,1
3374,ἐχούσας,2,2,0
3375,Τροιζῆν,1,1,0
3376,Ἠϊόνας,1,1,0
3377,ἀμπελόεντ,1,1,0
3378,Ἐπίδαυρον,1,1,0
3379,Αἴγιναν,1,1,0
3380,Μάσητά,1,1,0
3381,ἡγεμόνευε,14,10,4
3382,Διομήδης,45,45,0
3383,Σθένελος,5,5,0
3384,Καπανῆος,3,3,0
3385,ἀγακλειτοῦ,1,1,0
3386,Εὐρύαλος,9,3,6
3387,τρίτατος,3,3,0
3388,ἰσόθεος,14,12,2
3389,φώς,18,14,4
3390,Μηκιστέος,1,1,0
3391,Ταλαϊονίδαο,2,2,0
3392,ἡγεῖτο,7,6,1
3393,ὀγδώκοντα,2,2,0
3394,Μυκήνας,2,2,0
3395,ἀφνειόν,7,3,4
3396,Κόρινθον,1,1,0
3397,ἐϋκτιμένας,2,2,0
3398,Κλεωνάς,1,1,0
3399,Ὀρνειάς,1,1,0
3400,Ἀραιθυρέην,1,1,0
3401,ἐρατεινήν,14,10,4
3402,Σικυῶν,1,1,0
3403,ὅθ,27,16,11
3404,Ἄδρηστος,2,2,0
3405,πρῶτ,7,3,4
3406,ἐμβασίλευεν,1,1,0
3407,Ὑπερησίην,1,1,0
3408,αἰπεινήν,4,4,0
3409,Γονόεσσαν,1,1,0
3410,Πελλήνην,1,1,0
3411,Αἴγιον,1,1,0
3412,Αἰγιαλόν,2,2,0
3413,Ἑλίκην,2,2,0
3414,εὐρεῖαν,8,5,3
3415,πλεῖστοι,8,7,1
3416,ἄριστοι,66,39,27
3417,ἕποντ,4,2,2
3418,ἐδύσετο,13,7,6
3419,νώροπα,5,3,2
3420,χαλκόν,39,25,14
3421,κυδιόων,3,3,0
3422,μετέπρεπεν,1,1,0
3423,πλείστους,3,3,0
3424,κοίλην,7,3,4
3425,Λακεδαίμονα,10,1,9
3426,κητώεσσαν,2,1,1
3427,Φᾶρίν,1,1,0
3428,Σπάρτην,5,1,4
3429,Μέσσην,1,1,0
3430,Βρυσειάς,1,1,0
3431,Ἀμύκλας,1,1,0
3432,Ἕλος,2,2,0
3433,Λάαν,1,1,0
3434,Οἴτυλον,1,1,0
3435,ἀδελφεός,7,5,2
3436,ἑξήκοντα,3,2,1
3437,ἀπάτερθε,2,2,0
3438,ᾗσι,17,10,7
3439,προθυμίῃσι,1,1,0
3440,πεποιθώς,16,14,2
3441,ὀτρύνων,10,9,1
3442,ἵετο,10,10,0
3443,Πύλον,18,3,15
3444,Ἀρήνην,1,1,0
3445,Θρύον,1,1,0
3446,Ἀλφειοῖο,2,2,0
3447,πόρον,11,7,4
3448,ἐΰκτιτον,1,1,0
3449,Αἰπύ,1,1,0
3450,Κυπαρισσήεντα,1,1,0
3451,Ἀμφιγένειαν,1,1,0
3452,Πτελεόν,2,2,0
3453,Δώριον,1,1,0
3454,ἀντόμεναι,1,1,0
3455,Θάμυριν,1,1,0
3456,Θρήϊκα,1,1,0
3457,παῦσαν,4,1,3
3458,ἀοιδῆς,5,1,4
3459,Οἰχαλίηθεν,1,1,0
3460,Εὐρύτου,3,3,0
3461,Οἰχαλιῆος,2,2,0
3462,στεῦτο,4,3,1
3463,νικησέμεν,2,2,0
3464,αὐταί,5,4,1
3465,ἀείδοιεν,1,1,0
3466,κοῦραι,9,4,5
3467,χολωσάμεναι,2,2,0
3468,πηρόν,1,1,0
3469,ἀοιδήν,13,3,10
3470,θεσπεσίην,6,2,4
3471,ἀφέλοντο,1,1,0
3472,ἐκλέλαθον,1,1,0
3473,κιθαριστύν,1,1,0
3474,ἐνενήκοντα,1,1,0
3475,Ἀρκαδίην,1,1,0
3476,Κυλλήνης,1,1,0
3477,ὄρος,15,4,11
3478,Αἰπύτιον,1,1,0
3479,τύμβον,11,5,6
3480,ἀγχιμαχηταί,7,7,0
3481,Φενεόν,1,1,0
3482,πολύμηλον,1,1,0
3483,Ῥίπην,1,1,0
3484,Στρατίην,1,1,0
3485,ἠνεμόεσσαν,8,8,0
3486,Ἐνίσπην,1,1,0
3487,Τεγέην,1,1,0
3488,Μαντινέην,1,1,0
3489,Στύμφηλόν,1,1,0
3490,Παρρασίην,1,1,0
3491,Ἀγκαίοιο,1,1,0
3492,Ἀγαπήνωρ,1,1,0
3493,Ἀρκάδες,2,2,0
3494,ἐπιστάμενοι,4,3,1
3495,ἐϋσσέλμους,10,10,0
3496,περάαν,4,3,1
3497,οἴνοπα,10,4,6
3498,σφι,46,34,12
3499,θαλάσσια,2,1,1
3500,μεμήλει,2,1,1
3501,Βουπράσιόν,1,1,0
3502,Ἤλιδα,4,1,3
3503,Ὑρμίνη,1,1,0
3504,Μύρσινος,1,1,0
3505,ἐσχατόωσα,1,1,0
3506,πέτρη,13,3,10
3507,Ὠλενίη,1,1,0
3508,Ἀλήσιον,1,1,0
3509,ἐέργει,6,6,0
3510,τέσσαρες,8,3,5
3511,ἀρχοί,6,2,4
3512,θοαί,5,5,0
3513,ἔμβαινον,1,1,0
3514,Ἐπειοί,10,7,3
3515,Ἀμφίμαχος,2,2,0
3516,Θάλπιος,1,1,0
3517,ἡγησάσθην,4,4,0
3518,Κτεάτου,2,2,0
3519,Ἀκτορίωνε,3,3,0
3520,Ἀμαρυγκεΐδης,1,1,0
3521,κρατερός,38,33,5
3522,Διώρης,1,1,0
3523,τετάρτων,2,2,0
3524,Πολύξεινος,1,1,0
3525,θεοειδής,39,24,15
3526,Ἀγασθένεος,1,1,0
3527,Αὐγηϊάδαο,1,1,0
3528,Δουλιχίοιο,2,1,1
3529,Ἐχινάων,1,1,0
3530,ἱεράων,2,1,1
3531,νήσων,6,3,3
3532,Ἤλιδος,2,1,1
3533,ἄντα,34,23,11
3534,Μέγης,5,5,0
3535,ἀτάλαντος,17,15,2
3536,Φυλεΐδης,4,4,0
3537,τίκτε,5,4,1
3538,Φυλεύς,2,2,0
3539,Δουλίχιον,3,1,2
3540,ἀπενάσσατο,2,1,1
3541,ἦγε,10,7,3
3542,Κεφαλλῆνας,1,1,0
3543,μεγαθύμους,4,3,1
3544,Ἰθάκην,27,1,26
3545,Νήριτον,2,1,1
3546,εἰνοσίφυλλον,4,2,2
3547,Κροκύλει,1,1,0
3548,Αἰγίλιπα,1,1,0
3549,τρηχεῖαν,4,2,2
3550,Ζάκυνθον,1,1,0
3551,Σάμον,2,2,0
3552,ἤπειρον,3,1,2
3553,ἀντιπέραι,1,1,0
3554,δυώδεκα,7,3,4
3555,μιλτοπάρῃοι,2,1,1
3556,Αἰτωλῶν,6,6,0
3557,Θόας,6,5,1
3558,Ἀνδραίμονος,4,3,1
3559,Πλευρῶν,1,1,0
3560,Ὤλενον,1,1,0
3561,Πυλήνην,1,1,0
3562,ἀγχίαλον,1,1,0
3563,Καλυδῶνά,1,1,0
3564,Οἰνῆος,3,3,0
3565,υἱέες,13,7,6
3566,θάνε,6,2,4
3567,ξανθός,29,14,15
3568,Μελέαγρος,3,3,0
3569,ἐτέταλτο,1,1,0
3570,ἀνασσέμεν,3,3,0
3571,Αἰτωλοῖσι,1,1,0
3572,Κρητῶν,11,11,0
3573,κλυτός,20,17,3
3574,Κνωσόν,1,1,0
3575,Γόρτυνά,1,1,0
3576,Λύκτον,1,1,0
3577,Μίλητόν,1,1,0
3578,ἀργινόεντα,2,2,0
3579,Λύκαστον,1,1,0
3580,Φαιστόν,2,1,1
3581,Ῥύτιόν,1,1,0
3582,πόλεις,4,4,0
3583,ναιετοώσας,2,1,1
3584,Κρήτην,3,1,2
3585,ἑκατόμπολιν,1,1,0
3586,Μηριόνης,40,40,0
3587,Ἐνυαλίῳ,5,5,0
3588,ἀνδρειφόντῃ,4,4,0
3589,Τληπόλεμος,6,6,0
3590,Ἡρακλεΐδης,1,1,0
3591,ἠΰς,7,7,0
3592,Ῥόδου,1,1,0
3593,Ῥοδίων,1,1,0
3594,ἀγερώχων,6,6,0
3595,Ῥόδον,2,2,0
3596,τρίχα,5,1,4
3597,κοσμηθέντες,4,3,1
3598,Λίνδον,1,1,0
3599,Ἰηλυσόν,1,1,0
3600,Κάμειρον,1,1,0
3601,Ἀστυόχεια,1,1,0
3602,Ἡρακληείῃ,2,2,0
3603,Ἐφύρης,3,2,1
3604,ποταμοῦ,13,8,5
3605,Σελλήεντος,4,4,0
3606,πέρσας,2,2,0
3607,ἄστεα,4,1,3
3608,αἰζηῶν,11,10,1
3609,τράφ,1,1,0
3610,μεγάρῳ,27,8,19
3611,εὐπήκτῳ,3,3,0
3612,ἑοῖο,11,10,1
3613,μήτρωα,1,1,0
3614,κατέκτα,7,7,0
3615,γηράσκοντα,2,2,0
3616,Λικύμνιον,1,1,0
3617,ὄζον,3,3,0
3618,ἔπηξε,1,1,0
3619,ἀγείρας,5,4,1
3620,φεύγων,15,9,6
3621,ἀπείλησαν,1,1,0
3622,υἱωνοί,1,1,0
3623,βίης,10,3,7
3624,Ἡρακληείης,1,1,0
3625,ἷξεν,4,4,0
3626,ἀλώμενος,12,1,11
3627,πάσχων,12,2,10
3628,τριχθά,4,3,1
3629,ᾤκηθεν,1,1,0
3630,καταφυλαδόν,1,1,0
3631,φίληθεν,1,1,0
3632,ἀνθρώποισιν,19,5,14
3633,θεσπέσιον,3,3,0
3634,κατέχευε,5,2,3
3635,Νιρεύς,3,3,0
3636,Σύμηθεν,1,1,0
3637,τρεῖς,29,16,13
3638,Ἀγλαΐης,1,1,0
3639,Χαρόποιό,1,1,0
3640,κάλλιστος,6,4,2
3641,ἀμύμονα,38,25,13
3642,ἀλαπαδνός,1,1,0
3643,παῦρος,1,1,0
3644,εἵπετο,5,4,1
3645,Νίσυρόν,1,1,0
3646,Κράπαθόν,1,1,0
3647,Κάσον,1,1,0
3648,Κῶν,1,1,0
3649,Εὐρυπύλοιο,2,2,0
3650,νήσους,1,1,0
3651,Καλύδνας,1,1,0
3652,Φείδιππός,1,1,0
3653,Ἄντιφος,6,4,2
3654,Θεσσαλοῦ,1,1,0
3655,υἷε,15,14,1
3656,Ἡρακλεΐδαο,1,1,0
3657,Πελασγικόν,1,1,0
3658,Ἄλον,1,1,0
3659,Ἀλόπην,1,1,0
3660,Τρηχῖνα,1,1,0
3661,νέμοντο,2,2,0
3662,Ἑλλάδα,8,3,5
3663,καλλιγύναικα,5,4,1
3664,Μυρμιδόνες,11,11,0
3665,καλεῦντο,1,1,0
3666,Ἕλληνες,1,1,0
3667,δυσηχέος,10,10,0
3668,ἐμνώοντο,1,1,0
3669,ἡγήσαιτο,3,1,2
3670,κεῖτο,28,18,10
3671,ἠϋκόμοιο,15,15,0
3672,Λυρνησσοῦ,1,1,0
3673,ἐξείλετο,6,4,2
3674,μογήσας,12,1,11
3675,Λυρνησσόν,4,4,0
3676,διαπορθήσας,1,1,0
3677,τείχεα,9,8,1
3678,Θήβης,4,3,1
3679,Μύνητ,1,1,0
3680,ἔβαλεν,7,6,1
3681,Ἐπίστροφον,1,1,0
3682,ἐγχεσιμώρους,2,1,1
3683,υἱέας,8,7,1
3684,Εὐηνοῖο,1,1,0
3685,Σεληπιάδαο,1,1,0
3686,κεῖτ,17,7,10
3687,ἀχέων,6,5,1
3688,ἀνστήσεσθαι,1,1,0
3689,Φυλάκην,1,1,0
3690,Πύρασον,2,2,0
3691,ἀνθεμόεντα,4,2,2
3692,Δήμητρος,2,2,0
3693,τέμενος,12,9,3
3694,Ἴτωνά,1,1,0
3695,μητέρα,23,11,12
3696,μήλων,16,6,10
3697,ἀγχίαλόν,1,1,0
3698,Ἀντρῶνα,1,1,0
3699,ἰδέ,31,23,8
3700,λεχεποίην,2,2,0
3701,Πρωτεσίλαος,2,2,0
3702,ἀρήϊος,11,11,0
3703,ζωός,18,8,10
3704,ἔχεν,21,16,5
3705,κάτα,32,11,21
3706,μέλαινα,11,7,4
3707,ἀμφιδρυφής,1,1,0
3708,ἄλοχος,14,9,5
3709,Φυλάκῃ,3,3,0
3710,ἐλέλειπτο,2,1,1
3711,δόμος,6,1,5
3712,ἡμιτελής,1,1,0
3713,ἔκτανε,10,5,5
3714,Δάρδανος,3,3,0
3715,ἀποθρῴσκοντα,2,1,1
3716,πρώτιστον,4,1,3
3717,ἄναρχοι,2,2,0
3718,πόθεόν,3,3,0
3719,κόσμησε,1,1,0
3720,Ποδάρκης,2,2,0
3721,Ἰφίκλου,1,1,0
3722,πολυμήλου,2,2,0
3723,Φυλακίδαο,2,2,0
3724,αὐτοκασίγνητος,3,3,0
3725,Πρωτεσιλάου,3,3,0
3726,ὁπλότερος,2,1,1
3727,γενεῇ,12,9,3
3728,ἀρείων,5,4,1
3729,δεύονθ,1,1,0
3730,ἡγεμόνος,3,2,1
3731,Φεράς,1,1,0
3732,παραί,12,8,4
3733,Βοιβηΐδα,1,1,0
3734,λίμνην,2,1,1
3735,Βοίβην,1,1,0
3736,Γλαφύρας,1,1,0
3737,ἐϋκτιμένην,5,4,1
3738,Ἰαωλκόν,1,1,0
3739,Ἀδμήτοιο,2,2,0
3740,ἕνδεκα,4,3,1
3741,Εὔμηλος,5,4,1
3742,Ἀδμήτῳ,1,1,0
3743,δῖα,60,15,45
3744,γυναικῶν,50,17,33
3745,Ἄλκηστις,1,1,0
3746,Πελίαο,1,1,0
3747,θυγατρῶν,9,8,1
3748,εἶδος,32,18,14
3749,Μηθώνην,1,1,0
3750,Θαυμακίην,1,1,0
3751,Μελίβοιαν,1,1,0
3752,Ὀλιζῶνα,1,1,0
3753,Φιλοκτήτης,2,1,1
3754,ἦρχεν,4,4,0
3755,τόξων,10,8,2
3756,ἑπτά,15,9,6
3757,ἐρέται,1,1,0
3758,ἐμβέβασαν,1,1,0
3759,εἰδότες,5,1,4
3760,νήσῳ,14,2,12
3761,κρατέρ,7,1,6
3762,ὅθι,90,41,49
3763,λίπον,10,7,3
3764,ἕλκεϊ,3,3,0
3765,μοχθίζοντα,1,1,0
3766,κακῷ,10,4,6
3767,ὀλοόφρονος,5,2,3
3768,ὕδρου,1,1,0
3769,μνήσεσθαι,3,2,1
3770,Φιλοκτήταο,1,1,0
3771,Μέδων,13,4,9
3772,κόσμησεν,1,1,0
3773,νόθος,5,5,0
3774,ἔτεκεν,5,2,3
3775,Ῥήνη,1,1,0
3776,Ὀϊλῆϊ,1,1,0
3777,πτολιπόρθῳ,4,3,1
3778,Τρίκκην,1,1,0
3779,Ἰθώμην,1,1,0
3780,κλωμακόεσσαν,1,1,0
3781,Οἰχαλίην,1,1,0
3782,ἡγείσθην,2,1,1
3783,Ἀσκληπιοῦ,3,3,0
3784,παῖδε,8,6,2
3785,ἰητῆρ,1,1,0
3786,ἀγαθώ,1,1,0
3787,Ποδαλείριος,2,2,0
3788,Μαχάων,4,4,0
3789,Ὀρμένιον,1,1,0
3790,Ὑπέρειαν,1,1,0
3791,Ἀστέριον,1,1,0
3792,Τιτάνοιό,1,1,0
3793,Εὐρύπυλος,13,13,0
3794,Εὐαίμονος,5,5,0
3795,ἀγλαός,19,15,4
3796,Ἄργισσαν,1,1,0
3797,Γυρτώνην,1,1,0
3798,Ὄρθην,1,1,0
3799,Ἠλώνην,1,1,0
3800,Ὀλοοσσόνα,1,1,0
3801,λευκήν,1,1,0
3802,μενεπτόλεμος,8,7,1
3803,Πολυποίτης,5,5,0
3804,Πειριθόοιο,3,1,2
3805,ἀθάνατος,10,5,5
3806,τέκετο,12,11,1
3807,Πειριθόῳ,1,1,0
3808,Ἱπποδάμεια,1,1,0
3809,Φῆρας,1,1,0
3810,ἐτίσατο,6,1,5
3811,λαχνήεντας,1,1,0
3812,Πηλίου,3,3,0
3813,Αἰθίκεσσι,1,1,0
3814,πέλασσεν,2,1,1
3815,Λεοντεύς,3,3,0
3816,ὑπερθύμοιο,5,4,1
3817,Κορώνου,1,1,0
3818,Καινεΐδαο,1,1,0
3819,Γουνεύς,1,1,0
3820,Κύφου,1,1,0
3821,Ἐνιῆνες,1,1,0
3822,μενεπτόλεμοί,1,1,0
3823,Περαιβοί,1,1,0
3824,Δωδώνην,3,1,2
3825,δυσχείμερον,1,1,0
3826,οἰκί,6,3,3
3827,ἔθεντο,3,3,0
3828,ἱμερτόν,1,1,0
3829,Τιταρησσόν,1,1,0
3830,Πηνειόν,2,2,0
3831,καλλίρροον,2,2,0
3832,Πηνειῷ,1,1,0
3833,συμμίσγεται,1,1,0
3834,ἀργυροδίνῃ,1,1,0
3835,καθύπερθεν,14,9,5
3836,ἐπιρρέει,1,1,0
3837,ἔλαιον,6,2,4
3838,ὅρκου,2,2,0
3839,δεινοῦ,2,1,1
3840,Στυγός,6,4,2
3841,ὕδατός,2,1,1
3842,ἀπορρώξ,3,1,2
3843,Μαγνήτων,1,1,0
3844,Πρόθοος,2,2,0
3845,Τενθρηδόνος,1,1,0
3846,Πήλιον,2,1,1
3847,ναίεσκον,1,1,0
3848,θοός,5,5,0
3849,οὗτοι,6,4,2
3850,τάρ,6,6,0
3851,ἔννεπε,3,2,1
3852,Μοῦσα,2,1,1
3853,Ἀτρεΐδῃσιν,4,3,1
3854,ἵπποι,89,84,5
3855,ἄρισται,3,2,1
3856,Φηρητιάδαο,2,2,0
3857,τάς,51,22,29
3858,ἔλαυνε,6,6,0
3859,ποδώκεας,2,2,0
3860,ὄρνιθας,3,1,2
3861,ὄτριχας,1,1,0
3862,οἰέτεας,1,1,0
3863,σταφύλῇ,1,1,0
3864,νῶτον,4,3,1
3865,Πηρείῃ,1,1,0
3866,θρέψ,1,1,0
3867,ἀργυρότοξος,10,7,3
3868,θηλείας,2,2,0
3869,φόβον,13,13,0
3870,φορεούσας,1,1,0
3871,μήνιεν,1,1,0
3872,φέρτατος,2,1,1
3873,φορέεσκον,2,2,0
3874,κορωνίσι,6,6,0
3875,ποντοπόροισι,7,7,0
3876,ἀπομηνίσας,2,2,0
3877,δίσκοισιν,3,1,2
3878,τέρποντο,6,2,4
3879,αἰγανέῃσιν,3,1,2
3880,ἱέντες,3,1,2
3881,τόξοισίν,1,1,0
3882,ἅρμασιν,10,9,1
3883,οἷσιν,23,13,10
3884,λωτόν,3,2,1
3885,ἐρεπτόμενοι,5,4,1
3886,ἐλεόθρεπτόν,1,1,0
3887,σέλινον,1,1,0
3888,ἕστασαν,22,14,8
3889,ἅρματα,25,21,4
3890,πεπυκασμένα,2,2,0
3891,ἀνάκτων,6,3,3
3892,ἀρηΐφιλον,7,7,0
3893,ποθέοντες,5,2,3
3894,φοίτων,3,1,2
3895,μάχοντο,10,9,1
3896,πᾶσα,20,17,3
3897,νέμοιτο,3,3,0
3898,ὑπεστενάχιζε,1,1,0
3899,χωομένῳ,1,1,0
3900,Τυφωέϊ,1,1,0
3901,ἱμάσσῃ,1,1,0
3902,εἰν,36,20,16
3903,Ἀρίμοις,1,1,0
3904,φασί,13,7,6
3905,Τυφωέος,1,1,0
3906,διέπρησσον,4,4,0
3907,πεδίοιο,38,36,2
3908,ποδήνεμος,10,10,0
3909,ὠκέα,20,19,1
3910,Ἶρις,27,27,0
3911,ἀγγελίῃ,2,1,1
3912,ἀλεγεινῇ,4,3,1
3913,ἀγοράς,3,1,2
3914,ἀγόρευον,31,11,20
3915,θύρῃσι,9,2,7
3916,ἠμέν,55,29,26
3917,γέροντες,11,8,3
3918,εἴσατο,13,8,5
3919,φθογγήν,3,2,1
3920,υἷϊ,3,3,0
3921,Πολίτῃ,1,1,0
3922,σκοπός,5,2,3
3923,ποδωκείῃσι,1,1,0
3924,τύμβῳ,8,6,2
3925,Αἰσυήταο,2,2,0
3926,δέγμενος,3,2,1
3927,ναῦφιν,5,4,1
3928,ἀφορμηθεῖεν,1,1,0
3929,ἐεισαμένη,3,2,1
3930,μῦθοι,3,2,1
3931,ἄκριτοί,1,1,0
3932,εἰρήνης,3,3,0
3933,ἀλίαστος,3,3,0
3934,ὄρωρεν,8,8,0
3935,μάχας,2,2,0
3936,εἰσήλυθον,2,2,0
3937,τοσόνδέ,1,1,0
3938,ὄπωπα,5,3,2
3939,φύλλοισιν,2,2,0
3940,ψαμάθοισιν,6,2,4
3941,ἔρχονται,1,1,0
3942,μαχησόμενοι,2,2,0
3943,προτί,71,54,17
3944,Ἕκτορ,47,47,0
3945,ἐπιτέλλομαι,6,3,3
3946,ἄλλη,14,3,11
3947,γλῶσσα,3,2,1
3948,πολυσπερέων,1,1,0
3949,σημαινέτω,1,1,0
3950,οἷσί,4,1,3
3951,ἄρχει,1,1,0
3952,ἐξηγείσθω,1,1,0
3953,κοσμησάμενος,1,1,0
3954,πολιήτας,1,1,0
3955,ἔφαθ,107,58,49
3956,Ἕκτωρ,202,202,0
3957,ἔλυσ,1,1,0
3958,τεύχεα,82,67,15
3959,πᾶσαι,34,19,15
3960,ὠΐγνυντο,2,2,0
3961,πύλαι,9,8,1
3962,ἔσσυτο,3,3,0
3963,πεζοί,7,5,2
3964,ἱππῆές,3,2,1
3965,πολύς,21,12,9
3966,ὀρυμαγδός,9,8,1
3967,ὀρώρει,26,18,8
3968,ἔστι,52,26,26
3969,πόλιος,20,15,5
3970,αἰπεῖα,2,2,0
3971,κολώνη,3,3,0
3972,περίδρομος,2,1,1
3973,Βατίειαν,1,1,0
3974,κικλήσκουσιν,1,1,0
3975,πολυσκάρθμοιο,1,1,0
3976,Μυρίνης,1,1,0
3977,διέκριθεν,1,1,0
3978,κορυθαίολος,39,39,0
3979,Πριαμίδης,14,14,0
3980,μεμαότες,1,1,0
3981,ἐγχείῃσι,4,4,0
3982,Δαρδανίων,1,1,0
3983,ἐΰς,8,8,0
3984,Ἀγχίσαο,8,8,0
3985,Αἰνείας,34,34,0
3986,Ἀγχίσῃ,2,2,0
3987,δῖ,10,5,5
3988,Ἀφροδίτη,27,22,5
3989,Ἴδης,20,20,0
3990,κνημοῖσι,3,3,0
3991,βροτῷ,4,2,2
3992,εὐνηθεῖσα,2,2,0
3993,Ἀντήνορος,11,11,0
3994,Ἀρχέλοχός,2,2,0
3995,Ἀκάμας,5,5,0
3996,εἰδότε,7,7,0
3997,πάσης,15,11,4
3998,Ζέλειαν,1,1,0
3999,ὑπαί,7,7,0
4000,νείατον,9,8,1
4001,ἀφνειοί,4,1,3
4002,πίνοντες,3,2,1
4003,μέλαν,25,16,9
4004,Αἰσήποιο,2,2,0
4005,Λυκάονος,15,15,0
4006,Πάνδαρος,3,3,0
4007,τόξον,54,14,40
4008,Ἀδρήστειάν,1,1,0
4009,Ἀπαισοῦ,1,1,0
4010,Πιτύειαν,1,1,0
4011,Τηρείης,1,1,0
4012,Ἄδρηστός,1,1,0
4013,Ἄμφιος,1,1,0
4014,Μέροπος,2,2,0
4015,Περκωσίου,2,2,0
4016,μαντοσύνας,2,2,0
4017,παῖδας,9,8,1
4018,ἔασκε,2,2,0
4019,στείχειν,2,2,0
4020,φθισήνορα,5,5,0
4021,πειθέσθην,2,2,0
4022,ἄγον,13,8,5
4023,μέλανος,11,6,5
4024,Περκώτην,1,1,0
4025,Πράκτιον,1,1,0
4026,Σηστόν,1,1,0
4027,Ἄβυδον,1,1,0
4028,Ἀρίσβην,2,2,0
4029,Ὑρτακίδης,5,5,0
4030,Ἄσιος,9,9,0
4031,ὄρχαμος,13,2,11
4032,Ἀρίσβηθεν,2,2,0
4033,φέρον,44,29,15
4034,αἴθωνες,3,2,1
4035,μεγάλοι,6,2,4
4036,Ἱππόθοος,2,2,0
4037,Πελασγῶν,1,1,0
4038,ἐγχεσιμώρων,1,1,0
4039,Λάρισαν,1,1,0
4040,ἐριβώλακα,5,5,0
4041,Ἱππόθοός,1,1,0
4042,Πύλαιός,1,1,0
4043,Λήθοιο,2,2,0
4044,Πελασγοῦ,2,2,0
4045,Τευταμίδαο,1,1,0
4046,Θρήϊκας,2,2,0
4047,ἦγ,3,3,0
4048,Πείροος,2,2,0
4049,ὅσσους,1,1,0
4050,Ἑλλήσποντος,2,2,0
4051,ἀγάρροος,1,1,0
4052,Εὔφημος,1,1,0
4053,Κικόνων,4,2,2
4054,Τροιζήνοιο,1,1,0
4055,διοτρεφέος,7,6,1
4056,Κεάδαο,1,1,0
4057,Πυραίχμης,1,1,0
4058,Παίονας,5,5,0
4059,ἀγκυλοτόξους,1,1,0
4060,Ἀμυδῶνος,2,2,0
4061,Ἀξιοῦ,5,5,0
4062,ῥέοντος,4,4,0
4063,κάλλιστον,6,2,4
4064,ἐπικίδναται,3,3,0
4065,αἶαν,7,6,1
4066,Παφλαγόνων,2,2,0
4067,Πυλαιμένεος,2,2,0
4068,λάσιον,2,2,0
4069,Ἐνετῶν,1,1,0
4070,ἡμιόνων,6,4,2
4071,γένος,33,14,19
4072,ἀγροτεράων,1,1,0
4073,Κύτωρον,1,1,0
4074,Σήσαμον,1,1,0
4075,Παρθένιον,1,1,0
4076,κλυτά,35,22,13
4077,Κρῶμνάν,1,1,0
4078,ὑψηλούς,3,3,0
4079,Ἐρυθίνους,1,1,0
4080,Ἁλιζώνων,2,2,0
4081,Ὀδίος,2,2,0
4082,Ἀλύβης,1,1,0
4083,ἀργύρου,3,2,1
4084,γενέθλη,2,2,0
4085,Μυσῶν,3,3,0
4086,Χρόμις,1,1,0
4087,Ἔννομος,1,1,0
4088,οἰωνιστής,2,2,0
4089,οἰωνοῖσιν,3,1,2
4090,ἐρύσατο,5,4,1
4091,ἐδάμη,2,2,0
4092,ποδώκεος,11,9,2
4093,Αἰακίδαο,21,19,2
4094,ποταμῷ,15,10,5
4095,κεράϊζε,1,1,0
4096,Φόρκυς,1,1,0
4097,Φρύγας,2,2,0
4098,Ἀσκάνιος,1,1,0
4099,τῆλ,8,3,5
4100,Ἀσκανίης,2,2,0
4101,μέμασαν,8,7,1
4102,ὑσμῖνι,2,2,0
4103,Μῄοσιν,1,1,0
4104,Μέσθλης,1,1,0
4105,Ταλαιμένεος,1,1,0
4106,Γυγαίη,1,1,0
4107,λίμνη,2,2,0
4108,Μῄονας,1,1,0
4109,ἦγον,11,4,7
4110,Τμώλῳ,2,2,0
4111,γεγαῶτας,1,1,0
4112,Νάστης,3,3,0
4113,Καρῶν,1,1,0
4114,ἡγήσατο,14,5,9
4115,βαρβαροφώνων,1,1,0
4116,Μίλητον,1,1,0
4117,Φθιρῶν,1,1,0
4118,ἀκριτόφυλλον,1,1,0
4119,Μαιάνδρου,1,1,0
4120,ῥοάς,6,4,2
4121,Μυκάλης,1,1,0
4122,αἰπεινά,3,2,1
4123,Ἀμφίμαχός,1,1,0
4124,Νομίονος,1,1,0
4125,χρυσόν,30,9,21
4126,ἴεν,8,1,7
4127,κούρη,36,9,27
4128,ἐπήρκεσε,1,1,0
4129,λυγρόν,16,5,11
4130,ὄλεθρον,56,17,39
4131,ἐκόμισσε,2,2,0
4132,δαΐφρων,5,3,2
4133,Σαρπηδών,16,16,0
4134,Λυκίων,25,25,0
4135,Γλαῦκος,10,10,0
4136,Λυκίης,9,9,0
4137,Ξάνθου,5,5,0
4138,δινήεντος,6,5,1
4139,κόσμηθεν,1,1,0
4140,ἡγεμόνεσσιν,4,4,0
4141,κλαγγῇ,2,2,0
4142,ἐνοπῇ,1,1,0
4143,ὄρνιθες,4,1,3
4144,πέλει,13,7,6
4145,οὐρανόθι,1,1,0
4146,χειμῶνα,1,1,0
4147,φύγον,7,4,3
4148,ἀθέσφατον,3,2,1
4149,ὄμβρον,2,2,0
4150,ταί,20,9,11
4151,ὠκεανοῖο,2,2,0
4152,ῥοάων,7,5,2
4153,Πυγμαίοισι,1,1,0
4154,ἠέριαι,1,1,0
4155,ἔριδα,9,7,2
4156,προφέρονται,1,1,0
4157,σιγῇ,14,6,8
4158,ἀλεξέμεν,1,1,0
4159,ὄρεος,14,9,5
4160,κορυφῇσι,8,8,0
4161,κατέχευεν,7,5,2
4162,ὀμίχλην,3,3,0
4163,ποιμέσιν,1,1,0
4164,κλέπτῃ,1,1,0
4165,νυκτός,10,5,5
4166,ἀμείνω,5,3,2
4167,τόσσόν,2,2,0
4168,ἐπιλεύσσει,1,1,0
4169,ὅσον,28,16,12
4170,ἵησιν,3,2,1
4171,κονίσαλος,2,2,0
4172,ὄρνυτ,6,6,0
4173,ἀελλής,1,1,0
4174,σχεδόν,70,48,22
4175,ἰόντες,26,21,5
4176,προμάχιζεν,1,1,0
4177,Ἀλέξανδρος,22,22,0
4178,παρδαλέην,1,1,0
4179,καμπύλα,9,6,3
4180,τόξα,23,13,10
4181,δοῦρε,13,7,6
4182,κεκορυθμένα,3,2,1
4183,πάλλων,4,4,0
4184,προκαλίζετο,5,4,1
4185,ἀρίστους,28,18,10
4186,ἀντίβιον,5,5,0
4187,μαχέσασθαι,17,17,0
4188,αἰνῇ,10,7,3
4189,δηϊοτῆτι,11,10,1
4190,ἐνόησεν,23,13,10
4191,ἀρηΐφιλος,9,8,1
4192,ἐρχόμενον,6,2,4
4193,προπάροιθεν,11,8,3
4194,ὁμίλου,16,16,0
4195,βιβάντα,2,2,0
4196,λέων,25,21,4
4197,ἐχάρη,5,3,2
4198,σώματι,1,1,0
4199,κύρσας,2,2,0
4200,εὑρών,1,1,0
4201,ἔλαφον,6,4,2
4202,κεραόν,4,4,0
4203,ἄγριον,12,9,3
4204,αἶγα,3,3,0
4205,πεινάων,1,1,0
4206,κατεσθίει,2,2,0
4207,σεύωνται,2,2,0
4208,ταχέες,10,8,2
4209,κύνες,45,25,20
4210,θαλεροί,2,2,0
4211,αἰζηοί,3,3,0
4212,Ἀλέξανδρον,8,8,0
4213,θεοειδέα,5,3,2
4214,τίσεσθαι,2,1,1
4215,ἀλείτην,1,1,0
4216,ὀχέων,31,30,1
4217,τεύχεσιν,22,19,3
4218,χαμᾶζε,29,24,5
4219,προμάχοισι,9,8,1
4220,φανέντα,1,1,0
4221,κατεπλήγη,1,1,0
4222,ἔθνος,19,19,0
4223,ἐχάζετο,9,9,0
4224,ἀλεείνων,14,11,3
4225,δράκοντα,3,3,0
4226,παλίνορσος,1,1,0
4227,ἀπέστη,1,1,0
4228,βήσσῃς,4,4,0
4229,τρόμος,15,13,2
4230,ἔλλαβε,16,12,4
4231,γυῖα,49,41,8
4232,ἀνεχώρησεν,1,1,0
4233,ὦχρός,1,1,0
4234,εἷλε,10,8,2
4235,παρειάς,5,1,4
4236,ὅμιλον,54,46,8
4237,ἔδυ,14,9,5
4238,δείσας,11,5,6
4239,νείκεσσεν,6,4,2
4240,αἰσχροῖς,3,3,0
4241,Δύσπαρι,2,2,0
4242,ἄριστε,4,4,0
4243,γυναιμανές,2,2,0
4244,ἠπεροπευτά,2,2,0
4245,ἄγονός,1,1,0
4246,ἔμεναι,22,13,9
4247,ἄγαμός,1,1,0
4248,βουλοίμην,8,2,6
4249,κέρδιον,31,13,18
4250,λώβην,7,4,3
4251,ὑπόψιον,1,1,0
4252,καγχαλόωσι,1,1,0
4253,φάντες,2,2,0
4254,ἀριστῆα,1,1,0
4255,πρόμον,3,3,0
4256,βίη,23,15,8
4257,ἀλκή,14,11,3
4258,τοιόσδε,5,2,3
4259,νέεσσι,3,3,0
4260,ἐπιπλώσας,1,1,0
4261,ἑτάρους,26,8,18
4262,ἐρίηρας,10,2,8
4263,μιχθείς,1,1,0
4264,ἀλλοδαποῖσι,4,1,3
4265,γυναῖκ,2,2,0
4266,εὐειδέ,1,1,0
4267,ἀνῆγες,1,1,0
4268,νυόν,1,1,0
4269,σῷ,26,13,13
4270,πῆμα,29,13,16
4271,πόληΐ,1,1,0
4272,δήμῳ,47,17,30
4273,δυσμενέσιν,1,1,0
4274,χάρμα,8,7,1
4275,κατηφείην,1,1,0
4276,μείνειας,1,1,0
4277,Μενέλαον,31,25,6
4278,γνοίης,8,3,5
4279,χ,25,10,15
4280,οἵου,1,1,0
4281,φωτός,10,7,3
4282,ἔχεις,9,5,4
4283,θαλερήν,1,1,0
4284,παράκοιτιν,8,3,5
4285,κίθαρις,3,1,2
4286,Ἀφροδίτης,6,3,3
4287,κόμη,1,1,0
4288,κονίῃσι,33,28,5
4289,μιγείης,1,1,0
4290,δειδήμονες,1,1,0
4291,λάϊνον,6,2,4
4292,ἕσσο,2,1,1
4293,ἕνεχ,2,2,0
4294,ὅσσα,26,4,22
4295,ἔοργας,3,3,0
4296,αἶσαν,12,10,2
4297,ἐνείκεσας,2,2,0
4298,κραδίη,34,14,20
4299,πέλεκυς,2,1,1
4300,ἀτειρής,5,4,1
4301,εἶσιν,7,5,2
4302,δουρός,19,18,1
4303,ἀνέρος,19,11,8
4304,τέχνῃ,2,1,1
4305,νήϊον,5,5,0
4306,ἐκτάμνῃσιν,1,1,0
4307,ὀφέλλει,4,3,1
4308,ἀνδρός,58,30,28
4309,ἐρωήν,6,6,0
4310,ἀτάρβητος,1,1,0
4311,ἐρατά,1,1,0
4312,πρόφερε,2,2,0
4313,χρυσέης,2,1,1
4314,ἀπόβλητ,1,1,0
4315,ἐρικυδέα,8,3,5
4316,δῶσιν,1,1,0
4317,ἑκών,18,9,9
4318,ἕλοιτο,9,7,2
4319,κάθισον,2,2,0
4320,μέσσῳ,14,8,6
4321,συμβάλετ,1,1,0
4322,Ἑλένῃ,6,3,3
4323,κτήμασι,4,3,1
4324,ὁππότερος,5,4,1
4325,νικήσῃ,4,2,2
4326,κτήμαθ,8,6,2
4327,γυναῖκά,5,4,1
4328,ἀγέσθω,3,3,0
4329,φιλότητα,12,10,2
4330,ναίοιτε,1,1,0
4331,νεέσθων,1,1,0
4332,ἱππόβοτον,5,3,2
4333,ἀκούσας,15,11,4
4334,μέσσον,27,22,5
4335,ἀνέεργε,2,2,0
4336,φάλαγγας,20,20,0
4337,μέσσου,2,2,0
4338,ἱδρύνθησαν,2,2,0
4339,ἐπετοξάζοντο,1,1,0
4340,ἰοῖσίν,1,1,0
4341,τιτυσκόμενοι,2,1,1
4342,λάεσσί,1,1,0
4343,ἔβαλλον,5,5,0
4344,ἄϋσεν,4,4,0
4345,ἴσχεσθ,2,1,1
4346,βάλλετε,2,1,1
4347,στεῦται,3,2,1
4348,ἐρέειν,4,3,1
4349,ἔσχοντο,4,1,3
4350,ἄνεῴ,1,1,0
4351,ἐσσυμένως,12,8,4
4352,ἀμφοτέροισιν,16,11,5
4353,κέκλυτέ,19,9,10
4354,Ἀλεξάνδροιο,9,9,0
4355,νεῖκος,29,22,7
4356,κέλεται,10,5,5
4357,κάλ,12,6,6
4358,ἀποθέσθαι,2,2,0
4359,πουλυβοτείρῃ,12,10,2
4360,οἴους,3,1,2
4361,τάμωμεν,2,2,0
4362,ἀκήν,21,11,10
4363,σιωπῇ,28,17,11
4364,κέκλυτε,12,2,10
4365,ἄλγος,13,7,6
4366,φρονέω,6,3,3
4367,διακρινθήμεναι,1,1,0
4368,Ἀργείους,22,21,1
4369,πέπασθε,1,1,0
4370,ἐμῆς,22,10,12
4371,Ἀλεξάνδρου,3,3,0
4372,ἀρχῆς,5,1,4
4373,ἡμέων,9,3,6
4374,ὁπποτέρῳ,3,3,0
4375,θάνατος,25,21,4
4376,μοῖρα,29,25,4
4377,τέτυκται,25,15,10
4378,τεθναίη,1,1,0
4379,διακρινθεῖτε,1,1,0
4380,τάχιστα,49,29,20
4381,οἴσετε,3,2,1
4382,ἄρν,3,3,0
4383,λευκόν,15,12,3
4384,ἑτέρην,3,2,1
4385,Γῇ,1,1,0
4386,Ἠελίῳ,5,2,3
4387,οἴσομεν,1,1,0
4388,ἄξετε,2,2,0
4389,τάμνῃ,1,1,0
4390,ὑπερφίαλοι,6,3,3
4391,ἄπιστοι,1,1,0
4392,ὑπερβασίῃ,1,1,0
4393,δηλήσηται,1,1,0
4394,ὁπλοτέρων,1,1,0
4395,μετέῃσιν,1,1,0
4396,λεύσσει,1,1,0
4397,ἄριστα,13,7,6
4398,ἀμφοτέροισι,18,10,8
4399,ἐχάρησαν,2,2,0
4400,ἐλπόμενοι,3,3,0
4401,παύσασθαι,8,3,5
4402,ὀϊζυροῦ,1,1,0
4403,ἔρυξαν,1,1,0
4404,τεύχεά,6,6,0
4405,ἐξεδύοντο,1,1,0
4406,κατέθεντ,1,1,0
4407,ἀλλήλων,32,24,8
4408,ὀλίγη,7,5,2
4409,κήρυκας,1,1,0
4410,ἔπεμπε,5,3,2
4411,ἄρνάς,1,1,0
4412,Πρίαμόν,4,4,0
4413,καλέσσαι,4,2,2
4414,Ταλθύβιον,2,2,0
4415,γλαφυράς,20,19,1
4416,ἐκέλευεν,9,3,6
4417,οἰσέμεναι,5,2,3
4418,ἀπίθησ,1,1,0
4419,γαλόῳ,2,2,0
4420,Ἀντηνορίδαο,1,1,0
4421,δάμαρτι,1,1,0
4422,Ἀντηνορίδης,4,4,0
4423,εἶχε,10,7,3
4424,Ἑλικάων,1,1,0
4425,Λαοδίκην,2,2,0
4426,ἀρίστην,8,7,1
4427,εὗρ,14,13,1
4428,ὕφαινε,5,3,2
4429,δίπλακα,4,3,1
4430,πορφυρέην,9,4,5
4431,ἐνέπασσεν,1,1,0
4432,ἀέθλους,6,1,5
4433,ἑθεν,4,4,0
4434,ἔπασχον,3,3,0
4435,παλαμάων,2,1,1
4436,νύμφα,2,1,1
4437,θέσκελα,3,1,2
4438,ἴδηαι,10,7,3
4439,πολύδακρυν,5,5,0
4440,ὀλοοῖο,6,5,1
4441,λιλαιόμενοι,3,1,2
4442,ἕαται,2,2,0
4443,πέπαυται,1,1,0
4444,ἀσπίσι,2,2,0
4445,κεκλιμένοι,3,3,0
4446,ἔγχεα,10,10,0
4447,πέπηγεν,1,1,0
4448,μακρῇς,3,3,0
4449,μαχήσονται,1,1,0
4450,σεῖο,28,18,10
4451,νικήσαντι,4,4,0
4452,κεκλήσῃ,1,1,0
4453,ἄκοιτις,4,3,1
4454,εἰποῦσα,6,4,2
4455,γλυκύν,6,1,5
4456,ἵμερον,11,6,5
4457,ἔμβαλε,16,7,9
4458,προτέρου,1,1,0
4459,ἄστεος,13,8,5
4460,τοκήων,14,8,6
4461,ἀργεννῇσι,1,1,0
4462,καλυψαμένη,1,1,0
4463,ὀθόνῃσιν,1,1,0
4464,ὁρμᾶτ,1,1,0
4465,θαλάμοιο,22,8,14
4466,τέρεν,5,3,2
4467,ἀμφίπολοι,21,4,17
4468,δύ,27,15,12
4469,Αἴθρη,1,1,0
4470,Πιτθῆος,1,1,0
4471,Κλυμένη,2,2,0
4472,ἵκανον,13,10,3
4473,Σκαιαί,1,1,0
4474,Πρίαμον,9,9,0
4475,Πάνθοον,1,1,0
4476,Θυμοίτην,1,1,0
4477,Λάμπόν,2,2,0
4478,Κλυτίον,2,2,0
4479,Ἱκετάονά,2,2,0
4480,Οὐκαλέγων,1,1,0
4481,Ἀντήνωρ,5,5,0
4482,πεπνυμένω,4,3,1
4483,ἥατο,6,3,3
4484,δημογέροντες,1,1,0
4485,Σκαιῇσι,4,4,0
4486,πύλῃσι,5,4,1
4487,γήραϊ,8,5,3
4488,πεπαυμένοι,1,1,0
4489,ἀγορηταί,1,1,0
4490,ἐσθλοί,19,8,11
4491,τεττίγεσσιν,1,1,0
4492,δενδρέῳ,1,1,0
4493,ἐφεζόμενοι,1,1,0
4494,λειριόεσσαν,1,1,0
4495,ἱεῖσι,1,1,0
4496,τοῖοι,6,4,2
4497,ἧντ,1,1,0
4498,πύργῳ,5,5,0
4499,εἴδονθ,2,2,0
4500,πύργον,8,8,0
4501,ἰοῦσαν,1,1,0
4502,ἦκα,6,4,2
4503,ἀλλήλους,58,30,28
4504,πτερόεντ,10,6,4
4505,νέμεσις,5,2,3
4506,ἐϋκνήμιδας,17,14,3
4507,τοιῇδ,1,1,0
4508,γυναικί,14,4,10
4509,πάσχειν,6,2,4
4510,ἀθανάτῃσι,5,3,2
4511,θεῇς,1,1,0
4512,ὦπα,6,3,3
4513,τοίη,6,5,1
4514,ἐοῦσ,1,1,0
4515,νεέσθω,2,2,0
4516,τεκέεσσί,1,1,0
4517,λίποιτο,1,1,0
4518,ἔφαν,15,7,8
4519,ἐκαλέσσατο,2,2,0
4520,φωνῇ,5,3,2
4521,ἵζευ,2,2,0
4522,πρότερόν,1,1,0
4523,πόσιν,34,4,30
4524,πηούς,2,1,1
4525,φίλους,13,3,10
4526,αἰτίη,1,1,0
4527,ἐσσί,13,4,9
4528,ἐφώρμησαν,1,1,0
4529,πελώριον,12,9,3
4530,ἐξονομήνῃς,1,1,0
4531,Ἀχαιός,2,2,0
4532,μείζονες,2,1,1
4533,ἔασι,14,6,8
4534,γεραρόν,1,1,0
4535,Ἑλένη,20,9,11
4536,μύθοισιν,18,7,11
4537,ἀμείβετο,19,5,14
4538,αἰδοῖός,5,1,4
4539,ἑκυρέ,1,1,0
4540,δεινός,10,7,3
4541,ὄφελεν,3,3,0
4542,θάνατός,1,1,0
4543,ἁδεῖν,1,1,0
4544,υἱέϊ,9,5,4
4545,ἑπόμην,6,1,5
4546,θάλαμον,21,6,15
4547,γνωτούς,1,1,0
4548,λιποῦσα,2,1,1
4549,τηλυγέτην,1,1,0
4550,ὁμηλικίην,5,3,2
4551,κλαίουσα,6,3,3
4552,τέτηκα,1,1,0
4553,ἀνείρεαι,8,1,7
4554,μεταλλᾷς,11,3,8
4555,οὗτός,7,5,2
4556,ἀμφότερον,8,6,2
4557,αἰχμητής,3,2,1
4558,δαήρ,1,1,0
4559,ἐμός,34,12,22
4560,ἔσκε,32,17,15
4561,κυνώπιδος,4,2,2
4562,ἠγάσσατο,1,1,0
4563,μάκαρ,1,1,0
4564,μοιρηγενές,1,1,0
4565,ὀλβιόδαιμον,1,1,0
4566,δεδμήατο,1,1,0
4567,Φρυγίην,2,2,0
4568,ἀμπελόεσσαν,3,3,0
4569,αἰολοπώλους,1,1,0
4570,Ὀτρῆος,1,1,0
4571,Μυγδόνος,1,1,0
4572,ἀντιθέοιο,7,3,4
4573,ἐστρατόωντο,1,1,0
4574,ὄχθας,10,9,1
4575,Σαγγαρίοιο,2,2,0
4576,ἐπίκουρος,3,3,0
4577,ἐλέχθην,1,1,0
4578,Ἀμαζόνες,1,1,0
4579,ἀντιάνειραι,1,1,0
4580,τόσοι,1,1,0
4581,εἴπ,7,3,4
4582,εὐρύτερος,1,1,0
4583,στέρνοισιν,1,1,0
4584,ἰδέσθαι,38,12,26
4585,κεῖται,60,28,32
4586,κτίλος,1,1,0
4587,ἐπιπωλεῖται,1,1,0
4588,ἀρνειῷ,1,1,0
4589,ἐΐσκω,3,3,0
4590,πηγεσιμάλλῳ,1,1,0
4591,οἰῶν,15,7,8
4592,πῶϋ,3,3,0
4593,διέρχεται,1,1,0
4594,ἀργεννάων,2,2,0
4595,ἐκγεγαυῖα,6,2,4
4596,Λαερτιάδης,2,1,1
4597,τράφη,2,2,0
4598,Ἰθάκης,37,1,36
4599,κραναῆς,1,1,0
4600,ἐούσης,2,2,0
4601,παντοίους,1,1,0
4602,δόλους,3,1,2
4603,μήδεα,16,9,7
4604,πυκνά,17,10,7
4605,πεπνυμένος,59,6,53
4606,γύναι,25,4,21
4607,δεῦρό,2,2,0
4608,ἤλυθε,11,7,4
4609,ἀγγελίης,9,6,3
4610,ἀρηϊφίλῳ,3,3,0
4611,ἐξείνισσα,4,1,3
4612,φίλησα,1,1,0
4613,ἀμφοτέρων,16,15,1
4614,ἐδάην,2,1,1
4615,ἀγρομένοισιν,3,2,1
4616,ἔμιχθεν,3,3,0
4617,στάντων,1,1,0
4618,ὑπείρεχεν,1,1,0
4619,εὐρέας,5,3,2
4620,ὤμους,16,8,8
4621,ἑζομένω,1,1,0
4622,γεραρώτερος,1,1,0
4623,ὕφαινον,3,1,2
4624,ἐπιτροχάδην,2,1,1
4625,παῦρα,3,2,1
4626,λιγέως,7,3,4
4627,πολύμυθος,1,1,0
4628,ἀφαμαρτοεπής,1,1,0
4629,γένει,1,1,0
4630,ὕστερος,6,5,1
4631,ἀναΐξειεν,1,1,0
4632,στάσκεν,1,1,0
4633,ἴδεσκε,1,1,0
4634,χθονός,17,11,6
4635,πήξας,2,1,1
4636,ὀπίσω,7,4,3
4637,προπρηνές,1,1,0
4638,ἐνώμα,9,6,3
4639,ἀστεμφές,1,1,0
4640,ἔχεσκεν,2,2,0
4641,ἀΐδρεϊ,1,1,0
4642,φωτί,16,8,8
4643,φαίης,6,5,1
4644,ζάκοτόν,1,1,0
4645,ἄφρονά,1,1,0
4646,μεγάλην,17,11,6
4647,στήθεος,2,2,0
4648,εἵη,1,1,0
4649,νιφάδεσσιν,1,1,0
4650,ἐοικότα,7,2,5
4651,χειμερίῃσιν,1,1,0
4652,Ὀδυσῆΐ,2,1,1
4653,ἐρίσσειε,3,1,2
4654,βροτός,16,5,11
4655,ὧδ,34,17,17
4656,ἀγασσάμεθ,2,1,1
4657,ἰδόντες,9,5,4
4658,τρίτον,11,4,7
4659,Αἴαντα,17,17,0
4660,τανύπεπλος,4,1,3
4661,πελώριος,6,5,1
4662,Κρήτεσσι,5,2,3
4663,ἕστηκ,2,2,0
4664,ἀγοί,7,7,0
4665,ἠγερέθονται,1,1,0
4666,ξείνισσεν,1,1,0
4667,ὁπότε,12,8,4
4668,Κρήτηθεν,1,1,0
4669,ἵκοιτο,11,4,7
4670,ὁρῶ,1,1,0
4671,ἑλίκωπας,3,3,0
4672,γνοίην,1,1,0
4673,οὔνομα,3,1,2
4674,μυθησαίμην,3,1,2
4675,δοιώ,8,6,2
4676,δύναμαι,21,13,8
4677,ἰδέειν,16,6,10
4678,Κάστορά,2,1,1
4679,ἱππόδαμον,2,1,1
4680,πύξ,8,4,4
4681,Πολυδεύκεα,2,1,1
4682,αὐτοκασιγνήτω,1,1,0
4683,μία,9,5,4
4684,οὐχ,53,32,21
4685,ἑσπέσθην,1,1,0
4686,Λακεδαίμονος,2,2,0
4687,ἐρατεινῆς,4,3,1
4688,δεύρω,1,1,0
4689,νέεσσ,1,1,0
4690,ἔνι,69,38,31
4691,ἐθέλουσι,9,7,2
4692,μάχην,29,28,1
4693,καταδύμεναι,1,1,0
4694,αἴσχεα,4,2,2
4695,δειδιότες,6,6,0
4696,πόλλ,59,21,38
4697,κάτεχεν,1,1,0
4698,φυσίζοος,3,2,1
4699,αἶα,2,1,1
4700,Λακεδαίμονι,3,2,1
4701,πατρίδι,7,3,4
4702,ἄρνε,1,1,0
4703,ἐΰφρονα,1,1,0
4704,ἀρούρης,13,12,1
4705,ἀσκῷ,3,1,2
4706,αἰγείῳ,2,1,1
4707,φέρε,22,6,16
4708,κρητῆρα,17,4,13
4709,φαεινόν,7,4,3
4710,Ἰδαῖος,9,9,0
4711,χρύσεια,12,6,6
4712,κύπελλα,7,2,5
4713,ὄτρυνεν,6,6,0
4714,γέροντα,16,6,10
4715,παριστάμενος,5,3,2
4716,ὄρσεο,5,4,1
4717,Λαομεδοντιάδη,1,1,0
4718,καλέουσιν,5,4,1
4719,καταβῆναι,3,1,2
4720,τάμητε,1,1,0
4721,μαχήσοντ,2,2,0
4722,ἕποιτο,5,5,0
4723,ναίοιμεν,1,1,0
4724,νέονται,2,1,1
4725,ῥίγησεν,6,4,2
4726,ἐκέλευσε,9,5,4
4727,ἑταίρους,70,13,57
4728,ζευγνύμεναι,1,1,0
4729,ὀτραλέως,3,2,1
4730,ἐπίθοντο,12,3,9
4731,ἡνία,27,25,2
4732,τεῖνεν,2,2,0
4733,περικαλλέα,23,8,15
4734,βήσετο,5,4,1
4735,δίφρον,35,21,14
4736,Σκαιῶν,2,2,0
4737,ὠκέας,22,20,2
4738,ἀποβάντες,4,2,2
4739,χθόνα,16,11,5
4740,πουλυβότειραν,5,4,1
4741,ὄρνυτο,13,13,0
4742,Ὀδυσεύς,93,26,67
4743,ἀγαυοί,16,5,11
4744,σύναγον,3,3,0
4745,κρητῆρι,5,2,3
4746,μίσγον,1,1,0
4747,ἔχευαν,10,5,5
4748,χείρεσσι,14,10,4
4749,μάχαιραν,2,2,0
4750,ξίφεος,3,2,1
4751,ἄωρτο,2,2,0
4752,κεφαλέων,1,1,0
4753,τάμνε,3,3,0
4754,τρίχας,8,3,5
4755,νεῖμαν,1,1,0
4756,ἀρίστοις,1,1,0
4757,Ἴδηθεν,7,7,0
4758,μεδέων,5,5,0
4759,Ἠέλιός,2,2,0
4760,ἐφορᾷς,1,1,0
4761,ἐπακούεις,1,1,0
4762,ποταμοί,6,4,2
4763,καμόντας,1,1,0
4764,ἀνθρώπους,36,11,25
4765,τίνυσθον,1,1,0
4766,ὅτις,17,3,14
4767,ἐπίορκον,4,4,0
4768,ὀμόσσῃ,2,2,0
4769,ἔστε,13,12,1
4770,φυλάσσετε,2,2,0
4771,καταπέφνῃ,1,1,0
4772,ἐχέτω,1,1,0
4773,κτήματα,23,8,15
4774,ποντοπόροισιν,4,4,0
4775,κτείνῃ,2,2,0
4776,Ἀργείοις,7,6,1
4777,ἀποτινέμεν,2,2,0
4778,ἀνθρώποισι,20,6,14
4779,πέληται,2,2,0
4780,τίνειν,2,2,0
4781,ἐθέλωσιν,2,1,1
4782,πεσόντος,11,10,1
4783,ποινῆς,2,2,0
4784,ἧός,4,1,3
4785,στομάχους,1,1,0
4786,τάμε,7,7,0
4787,νηλέϊ,16,12,4
4788,κατέθηκεν,6,2,4
4789,ἀσπαίροντας,2,2,0
4790,δευομένους,1,1,0
4791,ἀφυσσόμενοι,2,2,0
4792,ἔκχεον,1,1,0
4793,εὔχοντο,4,3,1
4794,αἰειγενέτῃσιν,3,2,1
4795,ὁππότεροι,1,1,0
4796,πρότεροι,10,9,1
4797,πημήνειαν,1,1,0
4798,ὧδέ,8,8,0
4799,σφ,24,11,13
4800,ἐγκέφαλος,6,5,1
4801,χαμάδις,14,10,4
4802,ῥέοι,1,1,0
4803,ὅδε,23,9,14
4804,οἶνος,12,2,10
4805,τεκέων,1,1,0
4806,δαμεῖεν,1,1,0
4807,Δαρδανίδης,4,4,0
4808,τλήσομ,1,1,0
4809,ὁρᾶσθαι,2,1,1
4810,μαρνάμενον,3,2,1
4811,πεπρωμένον,4,4,0
4812,ἄρνας,2,1,1
4813,θέτο,14,7,7
4814,ἔβαιν,1,1,0
4815,ἄψορροι,3,3,0
4816,ἀπονέοντο,3,3,0
4817,χῶρον,12,8,4
4818,διεμέτρεον,1,1,0
4819,κλήρους,5,3,2
4820,κυνέῃ,5,4,1
4821,χαλκήρεϊ,10,7,3
4822,πάλλον,2,2,0
4823,ἑλόντες,14,7,7
4824,ἀφείη,2,2,0
4825,ἔγχος,129,107,22
4826,ἠρήσαντο,7,4,3
4827,ἀνέσχον,4,3,1
4828,ἀποφθίμενον,1,1,0
4829,δόμον,50,18,32
4830,Ἄϊδος,22,16,6
4831,γενέσθαι,34,20,14
4832,πάλλεν,3,3,0
4833,Πάριος,1,1,0
4834,θοῶς,24,8,16
4835,κλῆρος,6,5,1
4836,ἵζοντο,2,2,0
4837,ἀερσίποδες,2,2,0
4838,ποικίλα,10,10,0
4839,τεύχε,61,51,10
4840,ἔκειτο,15,7,8
4841,πόσις,28,16,12
4842,κνημῖδας,7,6,1
4843,κνήμῃσιν,4,4,0
4844,καλάς,7,7,0
4845,ἀργυρέοισιν,5,5,0
4846,ἐπισφυρίοις,5,5,0
4847,ἀραρυίας,13,10,3
4848,θώρηκα,11,11,0
4849,ἔδυνεν,3,3,0
4850,οἷο,7,2,5
4851,κασιγνήτοιο,8,7,1
4852,ἥρμοσε,2,2,0
4853,σάκος,52,45,7
4854,στιβαρόν,14,12,2
4855,κρατί,10,7,3
4856,ἰφθίμῳ,8,5,3
4857,κυνέην,16,12,4
4858,εὔτυκτον,10,7,3
4859,ἔθηκεν,29,15,14
4860,ἵππουριν,6,5,1
4861,δεινόν,40,23,17
4862,λόφος,6,4,2
4863,ἔνευεν,5,4,1
4864,ἄλκιμον,24,18,6
4865,παλάμηφιν,4,3,1
4866,ἀρήρει,4,3,1
4867,ἔντε,8,7,1
4868,ἑκάτερθεν,6,5,1
4869,θωρήχθησαν,2,2,0
4870,δερκόμενοι,1,1,0
4871,θάμβος,5,4,1
4872,εἰσορόωντας,3,3,0
4873,Τρῶάς,8,7,1
4874,ἱπποδάμους,3,3,0
4875,ἐγγύς,46,32,14
4876,διαμετρητῷ,1,1,0
4877,χώρῳ,14,5,9
4878,σείοντ,1,1,0
4879,ἐγχείας,1,1,0
4880,κοτέοντε,1,1,0
4881,πρόσθε,25,21,4
4882,δολιχόσκιον,26,21,5
4883,βάλεν,46,28,18
4884,πάντοσε,11,7,4
4885,ἴσην,5,3,2
4886,ἔρρηξεν,4,4,0
4887,ἀνεγνάμφθη,3,3,0
4888,αἰχμή,23,23,0
4889,ἀσπίδ,8,8,0
4890,κρατερῇ,14,13,1
4891,ἐπευξάμενος,5,4,1
4892,ἄνα,7,5,2
4893,ἐμῇς,4,4,0
4894,δάμασσον,1,1,0
4895,ἐρρίγῃσι,1,1,0
4896,ὀψιγόνων,4,2,2
4897,ξεινοδόκον,1,1,0
4898,παράσχῃ,2,1,1
4899,ἀμπεπαλών,10,8,2
4900,Πριαμίδαο,2,2,0
4901,φαεινῆς,4,3,1
4902,ὄβριμον,17,14,3
4903,θώρηκος,11,11,0
4904,πολυδαιδάλου,4,4,0
4905,ἠρήρειστο,4,4,0
4906,ἀντικρύ,29,26,3
4907,λαπάρην,6,6,0
4908,διάμησε,2,2,0
4909,ἐκλίνθη,5,4,1
4910,ἀλεύατο,6,4,2
4911,ἀνασχόμενος,4,2,2
4912,κόρυθος,10,9,1
4913,φάλον,5,5,0
4914,τετραχθά,2,1,1
4915,διατρυφέν,1,1,0
4916,ᾤμωξεν,7,6,1
4917,ὀλοώτερος,3,2,1
4918,ἐφάμην,51,7,44
4919,κακότητος,8,2,6
4920,χείρεσσιν,13,7,6
4921,ἄγη,5,3,2
4922,ἠΐχθη,1,1,0
4923,ἐτώσιον,5,5,0
4924,ἔβαλόν,2,2,0
4925,ἱπποδασείης,5,5,0
4926,ἕλκε,16,15,1
4927,ἐπιστρέψας,1,1,0
4928,ἄγχε,1,1,0
4929,πολύκεστος,1,1,0
4930,ἱμάς,1,1,0
4931,ἁπαλήν,2,2,0
4932,δειρήν,5,5,0
4933,ὀχεύς,1,1,0
4934,τέτατο,7,6,1
4935,τρυφαλείης,1,1,0
4936,εἴρυσσέν,2,2,0
4937,ἤρατο,3,2,1
4938,νόησε,16,12,4
4939,ῥῆξεν,4,4,0
4940,ἱμάντα,6,3,3
4941,βοός,27,15,12
4942,κταμένοιο,6,6,0
4943,κεινή,1,1,0
4944,τρυφάλεια,6,6,0
4945,ἕσπετο,12,8,4
4946,παχείῃ,18,13,5
4947,ῥῖψ,2,2,0
4948,ἐπιδινήσας,4,3,1
4949,κόμισαν,3,3,0
4950,ἐρίηρες,10,4,6
4951,ἐπόρουσε,17,16,1
4952,κατακτάμεναι,6,6,0
4953,μενεαίνων,19,13,6
4954,χαλκείῳ,8,8,0
4955,ἐξήρπαξ,1,1,0
4956,ἐκάλυψε,11,10,1
4957,ἠέρι,12,10,2
4958,πολλῇ,13,9,4
4959,εἷσ,2,1,1
4960,θαλάμῳ,6,5,1
4961,εὐώδεϊ,1,1,0
4962,κηώεντι,1,1,0
4963,καλέουσ,1,1,0
4964,ἴε,2,1,1
4965,κίχανε,1,1,0
4966,ὑψηλῷ,1,1,0
4967,Τρῳαί,7,6,1
4968,νεκταρέου,1,1,0
4969,ἑανοῦ,2,2,0
4970,ἐτίναξε,2,2,0
4971,λαβοῦσα,7,3,4
4972,γρηΐ,3,1,2
4973,ἐϊκυῖα,9,9,0
4974,παλαιγενέϊ,1,1,0
4975,εἰροκόμῳ,1,1,0
4976,ναιετοώσῃ,1,1,0
4977,ἤσκειν,1,1,0
4978,εἴρια,2,1,1
4979,φιλέεσκε,4,1,3
4980,ἴθ,5,5,0
4981,Ἀλέξανδρός,1,1,0
4982,καλεῖ,2,1,1
4983,δινωτοῖσι,1,1,0
4984,λέχεσσι,3,1,2
4985,κάλλεΐ,1,1,0
4986,στίλβων,2,1,1
4987,εἵμασιν,1,1,0
4988,μαχεσσάμενον,1,1,0
4989,χορόν,9,4,5
4990,χοροῖο,1,1,0
4991,λήγοντα,1,1,0
4992,καθίζειν,1,1,0
4993,ἐνόησε,30,17,13
4994,στήθεά,3,2,1
4995,ἱμερόεντα,5,3,2
4996,μαρμαίροντα,7,7,0
4997,θάμβησέν,1,1,0
4998,λιλαίεαι,5,2,3
4999,ἠπεροπεύειν,3,2,1
5000,πῄ,1,1,0
5001,προτέρω,22,9,13
5002,ναιομενάων,1,1,0
5003,ἄξεις,3,2,1
5004,Φρυγίης,1,1,0
5005,Μῃονίης,1,1,0
5006,κεῖθι,14,4,10
5007,νικήσας,1,1,0
5008,στυγερήν,6,2,4
5009,ἄγεσθαι,5,4,1
5010,τοὔνεκα,11,6,5
5011,δολοφρονέουσα,6,5,1
5012,παρέστης,3,3,0
5013,ἰοῦσα,10,6,4
5014,ἀπόεικε,1,1,0
5015,κελεύθου,9,3,6
5016,πόδεσσιν,12,6,6
5017,ὑποστρέψειας,1,1,0
5018,κεῖνον,26,6,20
5019,ὀΐζυε,1,1,0
5020,φύλασσε,3,2,1
5021,ἄλοχον,19,8,11
5022,ποιήσεται,2,1,1
5023,δούλην,1,1,0
5024,κεῖσε,8,2,6
5025,νεμεσσητόν,7,5,2
5026,εἴη,98,41,57
5027,κείνου,21,6,15
5028,πορσανέουσα,1,1,0
5029,μωμήσονται,1,1,0
5030,ἄχε,3,3,0
5031,ἄκριτα,5,4,1
5032,χολωσαμένη,5,5,0
5033,ἔρεθε,1,1,0
5034,σχετλίη,2,1,1
5035,χωσαμένη,2,2,0
5036,μεθείω,1,1,0
5037,ἀπεχθήρω,1,1,0
5038,ἔκπαγλ,1,1,0
5039,ἐφίλησα,1,1,0
5040,μητίσομαι,2,2,0
5041,ἔχθεα,1,1,0
5042,λυγρά,17,7,10
5043,οἶτον,11,6,5
5044,ὄληαι,1,1,0
5045,κατασχομένη,1,1,0
5046,ἑανῷ,3,3,0
5047,ἀργῆτι,5,1,4
5048,φαεινῷ,26,25,1
5049,πάσας,16,8,8
5050,Τρῳάς,3,3,0
5051,λάθεν,5,3,2
5052,δαίμων,40,9,31
5053,περικαλλέ,7,2,5
5054,τράποντο,1,1,0
5055,ὑψόροφον,7,2,5
5056,κίε,16,9,7
5057,φιλομειδής,4,4,0
5058,ἀντί,12,9,3
5059,κατέθηκε,10,3,7
5060,φέρουσα,23,6,17
5061,κάθιζ,2,2,0
5062,κλίνασα,1,1,0
5063,ἤλυθες,6,3,3
5064,ὤφελες,2,1,1
5065,αὐτόθ,10,5,5
5066,ὀλέσθαι,13,5,8
5067,δαμείς,9,7,2
5068,εὔχε,2,1,1
5069,ἀρηϊφίλου,3,3,0
5070,Μενελάου,21,13,8
5071,σῇ,15,5,10
5072,φέρτερος,9,7,2
5073,προκάλεσσαι,3,2,1
5074,παύεσθαι,2,1,1
5075,κέλομαι,9,5,4
5076,ξανθῷ,3,3,0
5077,ἀφραδέως,4,4,0
5078,δαμήῃς,1,1,0
5079,Πάρις,7,7,0
5080,ἀμειβόμενος,41,8,33
5081,χαλεποῖσιν,6,3,3
5082,ὀνείδεσι,1,1,0
5083,ἔνιπτε,1,1,0
5084,ἐνίκησεν,1,1,0
5085,Ἀθήνῃ,18,9,9
5086,πάρα,32,16,16
5087,τραπείομεν,3,2,1
5088,εὐνηθέντε,2,2,0
5089,ἔρως,2,2,0
5090,ἀμφεκάλυψεν,5,4,1
5091,ἔπλεον,2,1,1
5092,ἁρπάξας,3,3,0
5093,Κραναῇ,1,1,0
5094,ἐμίγην,1,1,0
5095,εὐνῇ,15,6,9
5096,ἔραμαι,2,2,0
5097,ἵμερος,7,5,2
5098,αἱρεῖ,5,5,0
5099,ἄρχε,7,6,1
5100,εἵπετ,3,2,1
5101,τρητοῖσι,3,1,2
5102,κατεύνασθεν,1,1,0
5103,λεχέεσσιν,4,1,3
5104,ἀν,34,21,13
5105,ἐφοίτα,2,2,0
5106,θηρί,4,4,0
5107,ἐσαθρήσειεν,1,1,0
5108,δύνατο,11,7,4
5109,κλειτῶν,3,3,0
5110,ἐπικούρων,12,12,0
5111,δεῖξαι,2,2,0
5112,φιλότητί,1,1,0
5113,ἐκεύθανον,1,1,0
5114,ἴδοιτο,8,6,2
5115,ἀπήχθετο,5,5,0
5116,κηρί,4,1,3
5117,Δάρδανοι,10,10,0
5118,νίκη,5,5,0
5119,φαίνετ,8,4,4
5120,ἔκδοτε,1,1,0
5121,ᾔνεον,3,1,2
5122,καθήμενοι,11,7,4
5123,ἠγορόωντο,1,1,0
5124,δαπέδῳ,5,1,4
5125,Ἥβη,3,3,0
5126,ἐοινοχόει,1,1,0
5127,χρυσέοις,2,1,1
5128,δεπάεσσι,4,2,2
5129,δειδέχατ,3,3,0
5130,εἰσορόωντες,9,5,4
5131,ἐπειρᾶτο,2,2,0
5132,ἐρεθιζέμεν,3,1,2
5133,Ἥρην,6,6,0
5134,κερτομίοις,3,2,1
5135,παραβλήδην,1,1,0
5136,ἀγορεύων,6,5,1
5137,δοιαί,5,4,1
5138,ἀρηγόνες,1,1,0
5139,εἰσί,19,10,9
5140,θεάων,39,11,28
5141,Ἀργείη,6,3,3
5142,Ἀλαλκομενηΐς,2,2,0
5143,καθήμεναι,1,1,0
5144,εἰσορόωσαι,2,2,0
5145,τέρπεσθον,1,1,0
5146,παρμέμβλωκε,1,1,0
5147,κῆρας,16,8,8
5148,ἀμύνει,5,5,0
5149,ἐξεσάωσεν,1,1,0
5150,ὀϊόμενον,2,1,1
5151,θανέεσθαι,3,2,1
5152,φραζώμεθ,5,2,3
5153,φύλοπιν,9,8,1
5154,αἰνήν,8,7,1
5155,ὄρσομεν,1,1,0
5156,βάλωμεν,1,1,0
5157,γένοιτο,34,15,19
5158,οἰκέοιτο,1,1,0
5159,ἄγοιτο,3,3,0
5160,ἐπέμυξαν,2,2,0
5161,πλησίαι,4,2,2
5162,ἥσθην,4,3,1
5163,μεδέσθην,2,2,0
5164,εἶπε,28,21,7
5165,σκυζομένη,2,2,0
5166,ἄγριος,6,4,2
5167,ᾕρει,12,5,7
5168,ἔχαδε,2,2,0
5169,ἅλιον,17,17,0
5170,θεῖναι,3,2,1
5171,ἀτέλεστον,3,2,1
5172,ἱδρῶ,6,6,0
5173,ἵδρωσα,1,1,0
5174,μόγῳ,1,1,0
5175,καμέτην,1,1,0
5176,ἀγειρούσῃ,1,1,0
5177,τοῖό,2,2,0
5178,ἕρδ,1,1,0
5179,ἐπαινέομεν,3,3,0
5180,ῥέζουσιν,1,1,0
5181,ἀσπερχές,6,5,1
5182,μενεαίνεις,3,2,1
5183,εἰσελθοῦσα,2,2,0
5184,πύλας,24,23,1
5185,ὠμόν,1,1,0
5186,βεβρώθοις,1,1,0
5187,ἐξακέσαιο,1,1,0
5188,ἕρξον,1,1,0
5189,τοῦτό,9,2,7
5190,ἔρισμα,1,1,0
5191,μεμαώς,21,18,3
5192,ἐγγεγάασι,1,1,0
5193,διατρίβειν,2,2,0
5194,ἐᾶσαι,1,1,0
5195,δῶκα,8,1,7
5196,ἀέκοντί,1,1,0
5197,οὐρανῷ,4,4,0
5198,ἀστερόεντι,1,1,0
5199,ναιετάουσι,3,2,1
5200,πόληες,3,2,1
5201,τάων,21,11,10
5202,κῆρι,15,9,6
5203,τιέσκετο,1,1,0
5204,Ἴλιος,7,7,0
5205,ἱρή,5,5,0
5206,ἐϋμμελίω,3,3,0
5207,βωμός,6,4,2
5208,λοιβῆς,2,2,0
5209,λάχομεν,2,2,0
5210,φίλταταί,1,1,0
5211,Σπάρτη,1,1,0
5212,εὐρυάγυια,3,1,2
5213,Μυκήνη,2,1,1
5214,διαπέρσαι,2,2,0
5215,ἀπέχθωνται,1,1,0
5216,ἵσταμαι,3,3,0
5217,μεγαίρω,4,2,2
5218,φθονέω,4,1,3
5219,εἰῶ,1,1,0
5220,ἀνύω,1,1,0
5221,φθονέουσ,1,1,0
5222,ἔνθεν,45,12,33
5223,πρεσβυτάτην,3,3,0
5224,Κρόνος,2,2,0
5225,ἀγκυλομήτης,1,1,0
5226,σή,7,6,1
5227,παράκοιτις,8,5,3
5228,κέκλημαι,2,2,0
5229,ὑποείξομεν,1,1,0
5230,ἕψονται,1,1,0
5231,Ἀθηναίῃ,6,5,1
5232,ἐπιτεῖλαι,2,2,0
5233,πειρᾶν,3,3,0
5234,ὑπερκύδαντας,2,2,0
5235,ἄρξωσι,2,2,0
5236,δηλήσασθαι,2,2,0
5237,ἐλθέ,5,4,1
5238,ὄτρυνε,32,31,1
5239,μεμαυῖαν,5,3,2
5240,Ἀθήνην,13,4,9
5241,ἀστέρα,1,1,0
5242,ναύτῃσι,2,2,0
5243,στρατῷ,5,4,1
5244,εὐρέϊ,1,1,0
5245,σπινθῆρες,1,1,0
5246,ἵενται,2,1,1
5247,ἐϊκυῖ,1,1,0
5248,ἤϊξεν,4,4,0
5249,ἔθορ,1,1,0
5250,φύλοπις,6,6,0
5251,αἰνή,4,4,0
5252,τίθησι,5,4,1
5253,ταμίης,2,2,0
5254,ἰκέλη,7,5,2
5255,κατεδύσεθ,1,1,0
5256,Λαοδόκῳ,2,2,0
5257,Ἀντηνορίδῃ,1,1,0
5258,αἰχμητῇ,1,1,0
5259,Πάνδαρον,2,2,0
5260,διζημένη,1,1,0
5261,εὗρε,17,8,9
5262,ἀμύμονά,4,4,0
5263,κρατεραί,2,2,0
5264,στίχες,10,10,0
5265,ἀσπιστάων,11,11,0
5266,πίθοιο,5,4,1
5267,δαΐφρον,2,2,0
5268,τλαίης,5,1,4
5269,ἐπιπροέμεν,1,1,0
5270,ταχύν,14,13,1
5271,χάριν,16,9,7
5272,ἄροιο,2,2,0
5273,Ἀλεξάνδρῳ,2,2,0
5274,πάμπρωτα,2,2,0
5275,φέροιο,1,1,0
5276,ἀρήϊον,6,6,0
5277,βέλεϊ,1,1,0
5278,δμηθέντα,2,2,0
5279,πυρῆς,8,8,0
5280,ἐπιβάντ,1,1,0
5281,ἀλεγεινῆς,14,9,5
5282,ἄγ,20,11,9
5283,ὀΐστευσον,1,1,0
5284,κυδαλίμοιο,22,11,11
5285,εὔχεο,9,6,3
5286,Λυκηγενέϊ,2,2,0
5287,κλυτοτόξῳ,3,2,1
5288,πρωτογόνων,4,4,0
5289,ῥέξειν,10,6,4
5290,κλειτήν,4,4,0
5291,νοστήσας,10,3,7
5292,Ζελείης,2,2,0
5293,φάτ,19,9,10
5294,ἄφρονι,5,2,3
5295,πεῖθεν,2,2,0
5296,ἐσύλα,7,7,0
5297,ἰξάλου,1,1,0
5298,αἰγός,4,2,2
5299,ἀγρίου,4,3,1
5300,στέρνοιο,10,8,2
5301,τυχήσας,5,4,1
5302,ἐκβαίνοντα,4,1,3
5303,δεδεγμένος,5,5,0
5304,προδοκῇσι,1,1,0
5305,βεβλήκει,10,8,2
5306,ὕπτιος,14,12,2
5307,ἔμπεσε,12,8,4
5308,πέτρῃ,7,3,4
5309,κέρα,3,1,2
5310,ἑκκαιδεκάδωρα,1,1,0
5311,πεφύκει,6,3,3
5312,ἀσκήσας,4,2,2
5313,κεραοξόος,1,1,0
5314,ἤραρε,4,2,2
5315,τέκτων,5,2,3
5316,λειήνας,1,1,0
5317,χρυσέην,3,2,1
5318,ἐπέθηκε,8,2,6
5319,κορώνην,1,1,0
5320,τανυσσάμενος,2,1,1
5321,ἀγκλίνας,2,1,1
5322,σάκεα,1,1,0
5323,σχέθον,5,4,1
5324,ἀναΐξειαν,1,1,0
5325,ἀρήϊοι,7,6,1
5326,βλῆσθαι,2,1,1
5327,σύλα,1,1,0
5328,πῶμα,3,1,2
5329,φαρέτρης,3,2,1
5330,ἕλετ,5,4,1
5331,ἀβλῆτα,1,1,0
5332,μελαινέων,1,1,0
5333,ἕρμ,1,1,0
5334,ὀδυνάων,6,4,2
5335,νευρῇ,2,2,0
5336,κατεκόσμει,1,1,0
5337,πικρόν,6,3,3
5338,ὀϊστόν,16,12,4
5339,γλυφίδας,2,1,1
5340,νεῦρα,2,2,0
5341,βόεια,1,1,0
5342,νευρήν,9,4,5
5343,μαζῷ,3,1,2
5344,πέλασεν,3,2,1
5345,τόξῳ,7,5,2
5346,σίδηρον,9,4,5
5347,κυκλοτερές,2,1,1
5348,ἔτεινε,1,1,0
5349,λίγξε,1,1,0
5350,βιός,4,2,2
5351,νευρή,1,1,0
5352,ἴαχεν,1,1,0
5353,ὀϊστός,12,12,0
5354,ὀξυβελής,1,1,0
5355,ἐπιπτέσθαι,1,1,0
5356,Μενέλαε,30,20,10
5357,λελάθοντο,1,1,0
5358,πρώτη,5,3,2
5359,ἀγελείη,2,1,1
5360,στᾶσα,6,1,5
5361,ἄμυνεν,4,4,0
5362,τόσον,22,15,7
5363,ἔεργεν,2,2,0
5364,χροός,20,19,1
5365,ἐέργῃ,1,1,0
5366,μυῖαν,1,1,0
5367,ἡδέϊ,2,1,1
5368,λέξεται,2,1,1
5369,ὕπνῳ,16,8,8
5370,ἴθυνεν,7,3,4
5371,ζωστῆρος,6,6,0
5372,ὀχῆες,4,4,0
5373,χρύσειοι,6,4,2
5374,σύνεχον,2,2,0
5375,διπλόος,2,2,0
5376,ἤντετο,3,3,0
5377,θώρηξ,7,7,0
5378,ἔπεσε,2,1,1
5379,ζωστῆρι,2,1,1
5380,ἀρηρότι,1,1,0
5381,πικρός,7,7,0
5382,ἐλήλατο,3,3,0
5383,δαιδαλέοιο,1,1,0
5384,μίτρης,1,1,0
5385,ἐφόρει,8,2,6
5386,ἔρυμα,1,1,0
5387,ἀκόντων,6,6,0
5388,πλεῖστον,5,4,1
5389,ἔρυτο,7,6,1
5390,ἀκρότατον,4,3,1
5391,ἐπέγραψε,1,1,0
5392,χρόα,32,23,9
5393,ἔρρεεν,4,3,1
5394,ὠτειλῆς,7,6,1
5395,ἐλέφαντα,1,1,0
5396,φοίνικι,5,4,1
5397,μιήνῃ,1,1,0
5398,Μῃονίς,1,1,0
5399,Κάειρα,1,1,0
5400,παρήϊον,3,3,0
5401,ἱππῆες,6,6,0
5402,φορέειν,6,4,2
5403,ἄγαλμα,5,1,4
5404,κόσμός,1,1,0
5405,ἵππῳ,4,2,2
5406,ἐλατῆρί,1,1,0
5407,τοῖοί,1,1,0
5408,μιάνθην,1,1,0
5409,αἵματι,33,24,9
5410,μηροί,1,1,0
5411,εὐφυέες,1,1,0
5412,κνῆμαί,2,2,0
5413,σφυρά,2,2,0
5414,εἶδεν,6,6,0
5415,καταρρέον,2,2,0
5416,νεῦρόν,1,1,0
5417,ὄγκους,1,1,0
5418,ἐκτός,20,10,10
5419,ἐόντας,16,9,7
5420,ἄψορρόν,1,1,0
5421,ἀγέρθη,4,2,2
5422,ἐπεστενάχοντο,1,1,0
5423,κασίγνητε,3,3,0
5424,ὅρκι,2,2,0
5425,ἔταμνον,1,1,0
5426,προστήσας,1,1,0
5427,πάτησαν,1,1,0
5428,ὅρκιον,1,1,0
5429,αἷμά,2,1,1
5430,ἐτέλεσσεν,2,2,0
5431,ὀψέ,20,10,10
5432,τελεῖ,1,1,0
5433,ἀπέτισαν,1,1,0
5434,σφῇσιν,2,1,1
5435,κεφαλῇσι,2,1,1
5436,γυναιξί,16,2,14
5437,τεκέεσσιν,4,2,2
5438,οἶδα,38,17,21
5439,ὀλώλῃ,2,2,0
5440,ὑψίζυγος,4,4,0
5441,ἐπισσείῃσιν,1,1,0
5442,ἐρεμνήν,2,1,1
5443,αἰγίδα,8,8,0
5444,τῆσδ,1,1,0
5445,ἀπάτης,1,1,0
5446,κοτέων,2,2,0
5447,ἀτέλεστα,2,1,1
5448,αἰνόν,17,14,3
5449,θάνῃς,2,2,0
5450,ἀναπλήσῃς,1,1,0
5451,βιότοιο,14,7,7
5452,ἐλέγχιστος,1,1,0
5453,πολυδίψιον,1,1,0
5454,ἱκοίμην,6,4,2
5455,μνήσονται,1,1,0
5456,λίποιμεν,1,1,0
5457,ὀστέα,23,14,9
5458,πύσει,1,1,0
5459,κειμένου,1,1,0
5460,ἀτελευτήτῳ,1,1,0
5461,ἐρέει,8,5,3
5462,ὑπερηνορεόντων,11,1,10
5463,ἐπιθρῴσκων,2,2,0
5464,τελέσει,1,1,0
5465,ἤγαγεν,10,8,2
5466,κεινῇσιν,1,1,0
5467,λιπών,12,7,5
5468,χάνοι,4,4,0
5469,εὐρεῖα,5,4,1
5470,ἐπιθαρσύνων,1,1,0
5471,θάρσει,16,8,8
5472,δειδίσσεο,1,1,0
5473,καιρίῳ,1,1,0
5474,πάγη,6,6,0
5475,πάροιθεν,14,7,7
5476,εἰρύσατο,1,1,0
5477,ζωστήρ,2,2,0
5478,παναίολος,2,2,0
5479,ζῶμά,2,2,0
5480,μίτρη,1,1,0
5481,χαλκῆες,2,2,0
5482,κάμον,4,3,1
5483,ἕλκος,12,12,0
5484,ἰητήρ,1,1,0
5485,ἐπιμάσσεται,1,1,0
5486,ἐπιθήσει,2,2,0
5487,φάρμαχ,1,1,0
5488,παύσῃσι,1,1,0
5489,μελαινάων,11,9,2
5490,θεῖον,11,4,7
5491,κήρυκα,12,4,8
5492,Ταλθύβι,1,1,0
5493,Μαχάονα,5,5,0
5494,κάλεσσον,6,4,2
5495,φῶτ,5,3,2
5496,ἀμύμονος,41,15,26
5497,ἰητῆρος,3,3,0
5498,ὀϊστεύσας,3,3,0
5499,παπταίνων,7,5,2
5500,ἥρωα,8,7,1
5501,νόησεν,2,2,0
5502,Τρίκης,1,1,0
5503,ἱστάμενος,14,10,4
5504,ὄρσ,1,1,0
5505,Ἀσκληπιάδη,1,1,0
5506,καλέει,3,2,1
5507,ἴδῃς,2,1,1
5508,βάν,21,12,9
5509,βλήμενος,5,5,0
5510,ἀγηγέραθ,3,1,2
5511,κυκλόσ,2,2,0
5512,μέσσοισι,8,7,1
5513,ἀρηρότος,1,1,0
5514,ἕλκεν,2,1,1
5515,ἐξελκομένοιο,2,1,1
5516,ὀξέες,3,2,1
5517,ὄγκοι,1,1,0
5518,λῦσε,14,11,3
5519,ζωστῆρα,7,7,0
5520,παναίολον,4,4,0
5521,μίτρην,1,1,0
5522,αἷμ,9,9,0
5523,ἐκμυζήσας,1,1,0
5524,ἤπια,8,5,3
5525,φάρμακα,10,6,4
5526,πάσσε,3,3,0
5527,Χείρων,4,4,0
5528,ἀμφεπένοντο,7,5,2
5529,ἔδυν,2,2,0
5530,μνήσαντο,6,5,1
5531,χάρμης,18,17,1
5532,βρίζοντα,1,1,0
5533,ἴδοις,4,2,2
5534,καταπτώσσοντ,1,1,0
5535,σπεύδοντα,3,3,0
5536,ἔασε,7,5,2
5537,θεράπων,26,22,4
5538,ἀπάνευθ,2,2,0
5539,φυσιόωντας,2,2,0
5540,Εὐρυμέδων,3,3,0
5541,Πτολεμαίου,1,1,0
5542,Πειραΐδαο,1,1,0
5543,ἐπέτελλε,14,12,2
5544,παρισχέμεν,1,1,0
5545,λάβῃ,2,2,0
5546,κάματος,6,3,3
5547,κοιρανέοντα,2,2,0
5548,πεζός,12,10,2
5549,ἐπεπωλεῖτο,4,4,0
5550,σπεύδοντας,1,1,0
5551,ταχυπώλων,9,9,0
5552,θαρσύνεσκε,1,1,0
5553,μεθίετε,3,3,0
5554,θούριδος,22,21,1
5555,ἀλκῆς,37,34,3
5556,ψευδέσσι,1,1,0
5557,ἔσσετ,3,2,1
5558,ἀρωγός,1,1,0
5559,δηλήσαντο,2,2,0
5560,τέρενα,5,4,1
5561,γῦπες,5,4,1
5562,ἔδονται,7,5,2
5563,ἀλόχους,10,7,3
5564,φίλας,4,2,2
5565,ἄξομεν,1,1,0
5566,νήεσσιν,9,8,1
5567,ἐπήν,45,16,29
5568,τινας,5,1,4
5569,μεθιέντας,2,2,0
5570,στυγεροῦ,3,3,0
5571,χολωτοῖσιν,4,2,2
5572,ἰόμωροι,2,2,0
5573,ἐλεγχέες,2,2,0
5574,σέβεσθε,1,1,0
5575,τίφθ,6,4,2
5576,ἔστητε,2,2,0
5577,τεθηπότες,3,2,1
5578,νεβροί,2,2,0
5579,ἔκαμον,3,1,2
5580,πολέος,8,5,3
5581,θέουσαι,2,2,0
5582,ἑστᾶσ,3,3,0
5583,μάχεσθε,2,2,0
5584,μένετε,1,1,0
5585,ἐλθέμεν,23,11,12
5586,εἰρύατ,1,1,0
5587,εὔπρυμνοι,1,1,0
5588,θινί,7,2,5
5589,ἴδητ,1,1,0
5590,ὔμμιν,7,3,4
5591,ὑπέρσχῃ,2,1,1
5592,οὐλαμόν,4,4,0
5593,δαΐφρονα,11,5,6
5594,προμάχοις,2,1,1
5595,συΐ,3,3,0
5596,εἴκελος,8,7,1
5597,ἀλκήν,16,12,4
5598,πυμάτας,1,1,0
5599,μειλιχίοισιν,2,1,1
5600,Ἰδομενεῦ,6,6,0
5601,τίω,2,2,0
5602,πτολέμῳ,1,1,0
5603,ἀλλοίῳ,1,1,0
5604,δαίθ,1,1,0
5605,γερούσιον,3,2,1
5606,κέρωνται,1,1,0
5607,δαιτρόν,1,1,0
5608,πίνωσιν,1,1,0
5609,ἕστηχ,1,1,0
5610,πιέειν,4,2,2
5611,ἀνώγοι,6,3,3
5612,ὄρσευ,2,2,0
5613,εὔχεαι,5,3,2
5614,ἀγός,15,15,0
5615,ἐρίηρος,1,1,0
5616,ἑταῖρος,19,14,5
5617,ἔσσομαι,4,4,0
5618,ὑπέστην,4,4,0
5619,κατένευσα,1,1,0
5620,μαχώμεθ,1,1,0
5621,παρῴχετο,2,2,0
5622,γηθόσυνος,4,3,1
5623,Αἰάντεσσι,4,4,0
5624,κορυσσέσθην,1,1,0
5625,νέφος,19,17,2
5626,πεζῶν,5,3,2
5627,σκοπιῆς,2,1,1
5628,αἰπόλος,8,1,7
5629,Ζεφύροιο,8,5,3
5630,ἰωῆς,2,2,0
5631,ἐόντι,10,8,2
5632,μελάντερον,2,2,0
5633,πίσσα,1,1,0
5634,ἄγει,7,4,3
5635,λαίλαπα,2,2,0
5636,πολλήν,18,7,11
5637,ῥίγησέν,3,3,0
5638,σπέος,20,4,16
5639,ἤλασε,19,8,11
5640,μῆλα,50,15,35
5641,τοῖαι,2,2,0
5642,δήϊον,7,7,0
5643,πυκιναί,5,2,3
5644,κίνυντο,3,3,0
5645,κυάνεαι,3,2,1
5646,σάκεσίν,1,1,0
5647,ἔγχεσι,4,4,0
5648,πεφρικυῖαι,2,2,0
5649,Αἴαντ,6,6,0
5650,ἡγήτορε,4,4,0
5651,ἔοικ,1,1,0
5652,ὀτρυνέμεν,2,1,1
5653,κελεύω,10,7,3
5654,ἀνώγετον,1,1,0
5655,τοῖος,30,9,21
5656,λίπεν,13,10,3
5657,Νέστορ,14,9,5
5658,ἔτετμε,2,1,1
5659,λιγύν,2,1,1
5660,ἀγορητήν,2,1,1
5661,στέλλοντα,1,1,0
5662,ὀτρύνοντα,1,1,0
5663,Πελάγοντα,1,1,0
5664,Ἀλάστορά,2,2,0
5665,Χρομίον,5,5,0
5666,Αἵμονά,1,1,0
5667,κρείοντα,1,1,0
5668,Βίαντά,1,1,0
5669,ἱππῆας,4,4,0
5670,ὄχεσφι,9,9,0
5671,πεζούς,2,2,0
5672,ἐξόπιθε,1,1,0
5673,στῆσεν,4,2,2
5674,ἐσθλούς,6,5,1
5675,ἔμεν,15,7,8
5676,κακούς,1,1,0
5677,ἔλασσεν,11,8,3
5678,ἐθέλων,9,3,6
5679,ἀναγκαίῃ,2,2,0
5680,πολεμίζοι,2,2,0
5681,ἱππεῦσιν,3,3,0
5682,ἐπετέλλετο,3,3,0
5683,σφούς,1,1,0
5684,ἐχέμεν,9,6,3
5685,κλονέεσθαι,1,1,0
5686,ὁμίλῳ,16,12,4
5687,ἱπποσύνῃ,4,4,0
5688,ἠνορέηφι,1,1,0
5689,μεμάτω,2,2,0
5690,ἀναχωρείτω,2,2,0
5691,ἀλαπαδνότεροι,1,1,0
5692,ἔσεσθε,2,2,0
5693,ὧν,15,6,9
5694,ἕτερ,2,1,1
5695,ἅρμαθ,1,1,0
5696,ἔγχει,13,11,2
5697,ὀρεξάσθω,1,1,0
5698,φέρτερον,1,1,0
5699,πόλεας,1,1,0
5700,τείχε,1,1,0
5701,ἐπόρθεον,1,1,0
5702,νόον,41,20,21
5703,πάλαι,18,11,7
5704,πολέμων,1,1,0
5705,εἴθ,6,4,2
5706,φίλοισιν,8,3,5
5707,γούναθ,11,5,6
5708,ἔμπεδος,14,9,5
5709,τείρει,3,2,1
5710,ὁμοίϊον,2,2,0
5711,ὄφελέν,1,1,0
5712,κουροτέροισι,1,1,0
5713,μετεῖναι,1,1,0
5714,ἐθέλοιμι,12,8,4
5715,Ἐρευθαλίωνα,1,1,0
5716,κατέκταν,1,1,0
5717,κοῦρος,1,1,0
5718,ὀπάζει,7,5,2
5719,ἱππεῦσι,3,3,0
5720,μετέσσομαι,2,1,1
5721,μύθοισι,8,3,5
5722,αἰχμάς,3,3,0
5723,αἰχμάσσουσι,1,1,0
5724,νεώτεροι,6,3,3
5725,ὁπλότεροι,1,1,0
5726,γεγάασι,2,1,1
5727,πεποίθασίν,1,1,0
5728,βίηφιν,9,5,4
5729,Μενεσθῆα,1,1,0
5730,πλήξιππον,3,3,0
5731,Ἀθηναῖοι,1,1,0
5732,μήστωρες,2,2,0
5733,ἑστήκει,16,13,3
5734,Κεφαλλήνων,4,1,3
5735,ἀλαπαδναί,1,1,0
5736,ἀκούετο,1,1,0
5737,συνορινόμεναι,1,1,0
5738,μένοντες,18,10,8
5739,πύργος,4,2,2
5740,ἐπελθών,15,6,9
5741,ὁρμήσειε,4,3,1
5742,ἄρξειαν,1,1,0
5743,κακοῖσι,4,3,1
5744,δόλοισι,4,1,3
5745,κεκασμένε,1,1,0
5746,τίπτε,24,13,11
5747,καταπτώσσοντες,1,1,0
5748,ἀφέστατε,1,1,0
5749,πρώτοισιν,10,7,3
5750,ἑστάμεν,4,3,1
5751,καυστείρης,2,2,0
5752,ἀντιβολῆσαι,4,4,0
5753,πρώτω,3,3,0
5754,ἀκουάζεσθον,1,1,0
5755,γέρουσιν,3,3,0
5756,ἐφοπλίζωμεν,1,1,0
5757,φίλ,17,1,16
5758,ὀπταλέα,2,1,1
5759,κρέα,23,6,17
5760,ἔδμεναι,10,4,6
5761,οἴνου,11,4,7
5762,πινέμεναι,2,2,0
5763,μελιηδέος,3,2,1
5764,ἐθέλητον,2,2,0
5765,φίλως,1,1,0
5766,ὁρόῳτε,1,1,0
5767,πύργοι,3,3,0
5768,ὑμείων,4,3,1
5769,μαχοίατο,2,2,0
5770,ποῖόν,8,2,6
5771,φύγεν,12,5,7
5772,ὀδόντων,16,9,7
5773,φῄς,4,3,1
5774,μεθιέμεν,1,1,0
5775,ἱπποδάμοισιν,4,4,0
5776,ὄψεαι,5,4,1
5777,μεμήλῃ,2,2,0
5778,πατέρα,11,2,9
5779,μιγέντα,2,1,1
5780,ἀνεμώλια,4,2,2
5781,βάζεις,7,2,5
5782,ἐπιμειδήσας,4,3,1
5783,γνῶ,7,6,1
5784,λάζετο,10,8,2
5785,νεικείω,1,1,0
5786,περιώσιον,2,1,1
5787,δήνεα,3,1,2
5788,φρονέεις,4,3,1
5789,ὄπισθεν,22,12,10
5790,ἀρεσσόμεθ,2,2,0
5791,εἴρηται,2,1,1
5792,μεταμώνια,6,1,5
5793,θεῖεν,1,1,0
5794,ὑπέρθυμον,3,2,1
5795,Διομήδεα,9,9,0
5796,ἔν,23,11,12
5797,ἵπποισι,13,11,2
5798,ἅρμασι,6,4,2
5799,κολλητοῖσι,1,1,0
5800,Καπανήϊος,2,2,0
5801,πτώσσεις,1,1,0
5802,ὀπιπεύεις,1,1,0
5803,γεφύρας,6,6,0
5804,Τυδέϊ,2,2,0
5805,πτωσκαζέμεν,1,1,0
5806,φίλων,27,12,15
5807,δηΐοισι,5,5,0
5808,ἴδοντο,4,2,2
5809,πονεύμενον,1,1,0
5810,ἤντησ,3,2,1
5811,εἰσῆλθε,6,3,3
5812,ξεῖνος,43,5,38
5813,ἀντιθέῳ,11,4,7
5814,Πολυνείκεϊ,1,1,0
5815,ἀγείρων,2,1,1
5816,ἐστρατόωνθ,1,1,0
5817,λίσσοντο,3,3,0
5818,δόμεν,6,5,1
5819,κλειτούς,3,2,1
5820,ἐπικούρους,2,2,0
5821,ἐπῄνεον,7,2,5
5822,ἐκέλευον,11,2,9
5823,ἔτρεψε,3,3,0
5824,παραίσια,1,1,0
5825,ᾤχοντο,1,1,0
5826,ὁδοῦ,7,6,1
5827,Ἀσωπόν,1,1,0
5828,βαθύσχοινον,1,1,0
5829,ἀγγελίην,19,10,9
5830,Τυδῆ,1,1,0
5831,στεῖλαν,2,1,1
5832,κιχήσατο,7,5,2
5833,Καδμεΐωνας,1,1,0
5834,δαινυμένους,4,1,3
5835,Ἐτεοκληείης,1,1,0
5836,ξεῖνός,5,2,3
5837,ἱππηλάτα,11,9,2
5838,Τυδεύς,6,6,0
5839,τάρβει,4,3,1
5840,πολέσιν,9,7,2
5841,Καδμείοισιν,1,1,0
5842,ἀεθλεύειν,1,1,0
5843,ἐνίκα,8,7,1
5844,ῥηϊδίως,20,10,10
5845,ἐπίρροθος,2,2,0
5846,χολωσάμενοι,1,1,0
5847,Καδμεῖοι,1,1,0
5848,κέντορες,2,2,0
5849,ἀνερχομένῳ,3,2,1
5850,πυκινόν,25,16,9
5851,εἷσαν,7,5,2
5852,κούρους,3,3,0
5853,Μαίων,1,1,0
5854,Αἱμονίδης,1,1,0
5855,ἐπιείκελος,3,1,2
5856,Αὐτοφόνοιο,1,1,0
5857,Πολυφόντης,1,1,0
5858,ἐφῆκε,4,3,1
5859,ἔπεφν,2,2,0
5860,Μαίον,1,1,0
5861,προέηκε,16,9,7
5862,τεράεσσι,4,4,0
5863,πιθήσας,8,7,1
5864,Αἰτώλιος,1,1,0
5865,εἷο,2,1,1
5866,χέρεια,3,2,1
5867,αἰδεσθείς,2,2,0
5868,ἐνιπήν,3,2,1
5869,αἰδοίοιο,3,2,1
5870,ἀμείψατο,1,1,0
5871,ψεύδε,1,1,0
5872,ἐπιστάμενος,4,2,2
5873,πατέρων,5,2,3
5874,ἀμείνονες,2,2,0
5875,εὐχόμεθ,6,3,3
5876,ἕδος,13,10,3
5877,εἵλομεν,2,2,0
5878,ἑπταπύλοιο,2,1,1
5879,παυρότερον,1,1,0
5880,ἀγαγόνθ,1,1,0
5881,τεῖχος,67,64,3
5882,ἄρειον,6,3,3
5883,πειθόμενοι,1,1,0
5884,Ζηνός,22,14,8
5885,ἀρωγῇ,2,2,0
5886,σφετέρῃσιν,2,1,1
5887,ἀτασθαλίῃσιν,7,2,5
5888,ὄλοντο,16,6,10
5889,πατέρας,1,1,0
5890,ὁμοίῃ,1,1,0
5891,ἔνθεο,4,3,1
5892,τέττα,1,1,0
5893,νεμεσῶ,2,1,1
5894,ὀτρύνοντι,2,2,0
5895,τούτῳ,14,10,4
5896,ἕψεται,3,2,1
5897,δῃώσωσιν,2,2,0
5898,ἕλωσί,1,1,0
5899,ἱρήν,15,13,2
5900,δῃωθέντων,1,1,0
5901,νῶϊ,41,34,7
5902,μεδώμεθα,4,3,1
5903,ἔβραχε,6,5,1
5904,ὀρνυμένου,1,1,0
5905,ταλασίφρονά,1,1,0
5906,εἷλεν,11,7,4
5907,πολυηχέϊ,1,1,0
5908,ἐπασσύτερον,1,1,0
5909,Ζεφύρου,2,1,1
5910,κινήσαντος,1,1,0
5911,πόντῳ,43,6,37
5912,κορύσσεται,2,2,0
5913,χέρσῳ,1,1,0
5914,ῥηγνύμενον,1,1,0
5915,μεγάλα,9,7,2
5916,βρέμει,1,1,0
5917,ἄκρας,1,1,0
5918,κυρτόν,1,1,0
5919,ἐόν,3,3,0
5920,κορυφοῦται,1,1,0
5921,ἀποπτύει,1,1,0
5922,ἄχνην,1,1,0
5923,ἐπασσύτεραι,1,1,0
5924,νωλεμέως,9,4,5
5925,ἕπεσθαι,13,7,6
5926,ἔχοντ,3,2,1
5927,στήθεσιν,2,2,0
5928,αὐδήν,15,5,10
5929,σημάντορας,1,1,0
5930,ποικίλ,8,5,3
5931,ἔλαμπε,3,3,0
5932,εἱμένοι,2,1,1
5933,ὄϊες,2,2,0
5934,πολυπάμονος,1,1,0
5935,αὐλῇ,5,2,3
5936,μυρίαι,4,3,1
5937,ἑστήκασιν,1,1,0
5938,ἀμελγόμεναι,1,1,0
5939,γάλα,4,2,2
5940,ἀζηχές,3,2,1
5941,μεμακυῖαι,1,1,0
5942,ἀκούουσαι,2,2,0
5943,ἀλαλητός,1,1,0
5944,ὁμός,1,1,0
5945,θρόος,1,1,0
5946,ἴα,3,3,0
5947,γῆρυς,1,1,0
5948,μέμικτο,1,1,0
5949,πολύκλητοι,2,2,0
5950,Ἄρης,50,45,5
5951,Δεῖμός,2,2,0
5952,Φόβος,4,4,0
5953,Ἔρις,6,6,0
5954,ἄμοτον,9,7,2
5955,μεμαυῖα,8,6,2
5956,Ἄρεος,3,2,1
5957,κασιγνήτη,4,3,1
5958,ἑτάρη,1,1,0
5959,ἐστήριξε,1,1,0
5960,βαίνει,2,2,0
5961,ἐρχομένη,6,2,4
5962,ὀφέλλουσα,1,1,0
5963,στόνον,2,1,1
5964,ξυνιόντες,2,2,0
5965,ῥινούς,3,2,1
5966,μένε,7,4,3
5967,χαλκεοθωρήκων,2,2,0
5968,ἀσπίδες,7,7,0
5969,ὀμφαλόεσσαι,6,6,0
5970,ἔπληντ,2,2,0
5971,ἀλλήλῃσι,7,4,3
5972,οἰμωγή,3,2,1
5973,εὐχωλή,3,3,0
5974,πέλεν,10,5,5
5975,ὀλλύντων,2,2,0
5976,ὀλλυμένων,5,4,1
5977,ῥέε,11,8,3
5978,χείμαρροι,1,1,0
5979,ὄρεσφι,4,4,0
5980,ῥέοντες,4,3,1
5981,μισγάγκειαν,1,1,0
5982,συμβάλλετον,2,2,0
5983,κρουνῶν,1,1,0
5984,μεγάλων,3,2,1
5985,κοίλης,10,2,8
5986,ἔντοσθε,9,2,7
5987,χαράδρης,1,1,0
5988,τηλόσε,3,2,1
5989,δοῦπον,9,5,4
5990,οὔρεσιν,5,5,0
5991,ποιμήν,8,6,2
5992,μισγομένων,2,1,1
5993,γένετο,16,12,4
5994,ἰαχή,5,5,0
5995,Ἀντίλοχος,31,30,1
5996,ἕλεν,13,12,1
5997,κορυστήν,3,3,0
5998,Θαλυσιάδην,1,1,0
5999,Ἐχέπωλον,1,1,0
6000,ἔβαλε,16,11,5
6001,μετώπῳ,6,3,3
6002,πῆξε,5,4,1
6003,πέρησε,2,2,0
6004,ὀστέον,11,10,1
6005,χαλκείη,13,13,0
6006,σκότος,15,15,0
6007,κάλυψεν,12,10,2
6008,ἤριπε,21,20,1
6009,ὑσμίνῃ,18,17,1
6010,ἔλαβε,2,2,0
6011,βελέων,12,12,0
6012,λελιημένος,2,2,0
6013,συλήσειε,1,1,0
6014,μίνυνθα,5,4,1
6015,γένεθ,1,1,0
6016,ὁρμή,2,1,1
6017,νεκρόν,29,28,1
6018,ἐρύοντα,2,2,0
6019,μεγάθυμος,5,5,0
6020,Ἀγήνωρ,6,6,0
6021,πλευρά,1,1,0
6022,κύψαντι,1,1,0
6023,ἐξεφαάνθη,3,2,1
6024,οὔτησε,7,6,1
6025,ξυστῷ,2,2,0
6026,λίπε,19,12,7
6027,ἀργαλέον,21,9,12
6028,λύκοι,7,5,2
6029,ἀλλήλοις,6,4,2
6030,ἐπόρουσαν,1,1,0
6031,ἄνδρ,17,8,9
6032,ἐδνοπάλιζεν,1,1,0
6033,ἔβαλ,9,9,0
6034,Ἀνθεμίωνος,1,1,0
6035,ἠΐθεον,1,1,0
6036,Σιμοείσιον,3,3,0
6037,κατιοῦσα,1,1,0
6038,ὄχθῃσιν,2,1,1
6039,Σιμόεντος,2,2,0
6040,γείνατ,3,2,1
6041,τοκεῦσιν,4,2,2
6042,κάλεον,4,2,2
6043,τοκεῦσι,4,4,0
6044,θρέπτρα,2,2,0
6045,φίλοις,8,5,3
6046,ἀπέδωκε,2,2,0
6047,μινυνθάδιος,3,3,0
6048,αἰών,9,6,3
6049,ἔπλεθ,2,2,0
6050,δαμέντι,2,2,0
6051,μαζόν,11,10,1
6052,δεξιόν,21,17,4
6053,ὤμου,5,4,1
6054,χαμαί,24,19,5
6055,πέσεν,11,7,4
6056,αἴγειρος,1,1,0
6057,εἱαμενῇ,2,2,0
6058,ἕλεος,2,2,0
6059,μεγάλοιο,34,23,11
6060,λείη,2,1,1
6061,ὄζοι,2,1,1
6062,πεφύασι,1,1,0
6063,ἁρματοπηγός,1,1,0
6064,αἴθωνι,3,3,0
6065,σιδήρῳ,5,5,0
6066,ἐξέταμ,1,1,0
6067,ἴτυν,1,1,0
6068,κάμψῃ,1,1,0
6069,περικαλλέϊ,3,3,0
6070,δίφρῳ,13,11,2
6071,ἀζομένη,1,1,0
6072,ποταμοῖο,38,27,11
6073,Ἀνθεμίδην,1,1,0
6074,ἐξενάριξεν,8,8,0
6075,αἰολοθώρηξ,2,2,0
6076,ἀκόντισεν,2,2,0
6077,ὀξέϊ,42,37,5
6078,ἅμαρθ,2,2,0
6079,Λεῦκον,1,1,0
6080,Ὀδυσσέος,1,1,0
6081,ἑταῖρον,29,24,5
6082,βουβῶνα,1,1,0
6083,νέκυν,19,19,0
6084,ἑτέρωσ,3,2,1
6085,νεκρός,2,1,1
6086,ἀποκταμένοιο,2,2,0
6087,χολώθη,2,2,0
6088,προμάχων,18,18,0
6089,κεκορυθμένος,9,8,1
6090,αἴθοπι,14,13,1
6091,ἀκόντισε,18,18,0
6092,ἕ,15,12,3
6093,παπτήνας,6,5,1
6094,κεκάδοντο,2,2,0
6095,ἀκοντίσσαντος,2,2,0
6096,ἧκεν,15,10,5
6097,νόθον,5,5,0
6098,Δημοκόωντα,1,1,0
6099,Ἀβυδόθεν,1,1,0
6100,ὠκειάων,5,4,1
6101,ἑτάροιο,11,10,1
6102,κόρσην,3,3,0
6103,ἑτέροιο,3,3,0
6104,κροτάφοιο,1,1,0
6105,πέρησεν,1,1,0
6106,κάλυψε,19,14,5
6107,δούπησεν,21,19,2
6108,πεσών,33,30,3
6109,ἀράβησε,10,9,1
6110,χώρησαν,3,3,0
6111,πρόμαχοι,3,3,0
6112,φαίδιμος,47,39,8
6113,ἐρύσαντο,7,3,4
6114,νεκρούς,13,13,0
6115,ἴθυσαν,3,3,0
6116,νεμέσησε,2,2,0
6117,Περγάμου,3,3,0
6118,ἐκκατιδών,2,2,0
6119,κέκλετ,4,4,0
6120,ἀΰσας,16,16,0
6121,ὄρνυσθ,6,5,1
6122,ἱππόδαμοι,2,2,0
6123,εἴκετε,2,2,0
6124,λίθος,8,5,3
6125,χρώς,12,8,4
6126,σίδηρος,10,4,6
6127,ἀνασχέσθαι,2,1,1
6128,ταμεσίχροα,2,2,0
6129,βαλλομένοισιν,1,1,0
6130,Θέτιδος,5,5,0
6131,μάρναται,1,1,0
6132,θυμαλγέα,7,4,3
6133,πέσσει,3,2,1
6134,πτόλιος,9,4,5
6135,ὦρσε,26,14,12
6136,κυδίστη,2,1,1
6137,Τριτογένεια,4,3,1
6138,Ἀμαρυγκείδην,1,1,0
6139,Διώρεα,1,1,0
6140,πέδησε,5,3,2
6141,χερμαδίῳ,6,6,0
6142,βλῆτο,3,3,0
6143,σφυρόν,3,3,0
6144,ὀκριόεντι,4,3,1
6145,κνήμην,2,2,0
6146,δεξιτερήν,6,3,3
6147,Θρῃκῶν,9,9,0
6148,Πείρως,1,1,0
6149,Ἰμβρασίδης,1,1,0
6150,Αἰνόθεν,1,1,0
6151,εἰληλούθει,6,6,0
6152,ἀμφοτέρω,19,12,7
6153,τένοντε,5,5,0
6154,λᾶας,2,1,1
6155,ἀναιδής,3,1,2
6156,ἄχρις,3,3,0
6157,ἀπηλοίησεν,1,1,0
6158,κάππεσεν,7,6,1
6159,χεῖρε,12,5,7
6160,πετάσσας,10,5,5
6161,ἀποπνείων,2,2,0
6162,ἐπέδραμεν,1,1,0
6163,ἔβαλέν,1,1,0
6164,οὖτα,20,18,2
6165,ὀμφαλόν,5,5,0
6166,χύντο,2,2,0
6167,χολάδες,2,2,0
6168,Αἰτωλός,3,2,1
6169,ἀπεσσύμενον,1,1,0
6170,μαζοῖο,3,3,0
6171,πνεύμονι,1,1,0
6172,ἀγχίμολον,15,2,13
6173,ἐσπάσατο,1,1,0
6174,ἐρύσσατο,5,3,2
6175,γαστέρα,10,5,5
6176,τύψε,6,6,0
6177,μέσην,5,5,0
6178,αἴνυτο,6,5,1
6179,ἀπέδυσε,2,2,0
6180,περίστησαν,1,1,0
6181,Θρήϊκες,2,2,0
6182,ἀκρόκομοι,1,1,0
6183,δολίχ,3,3,0
6184,ἴφθιμον,6,5,1
6185,ἀγαυόν,2,2,0
6186,ὦσαν,6,6,0
6187,σφείων,4,4,0
6188,χασσάμενος,3,3,0
6189,πελεμίχθη,5,5,0
6190,τετάσθην,2,2,0
6191,Ἐπειῶν,5,5,0
6192,κτείνοντο,4,1,3
6193,οὐκέτι,44,16,28
6194,ὀνόσαιτο,2,2,0
6195,μετελθών,9,7,2
6196,ἄβλητος,1,1,0
6197,ἀνούτατος,1,1,0
6198,δινεύοι,1,1,0
6199,ἄγοι,3,3,0
6200,ἑλοῦσ,2,2,0
6201,ἀπερύκοι,2,2,0
6202,τέταντο,1,1,0
6203,Τυδεΐδῃ,14,14,0
6204,Διομήδεϊ,7,7,0
6205,θάρσος,9,4,5
6206,ἔκδηλος,1,1,0
6207,ἄροιτο,5,4,1
6208,δαῖέ,1,1,0
6209,κόρυθός,2,2,0
6210,ἀκάματον,10,8,2
6211,ἀστέρ,2,2,0
6212,ὀπωρινῷ,2,2,0
6213,ἐναλίγκιον,9,2,7
6214,παμφαίνῃσι,1,1,0
6215,λελουμένος,1,1,0
6216,τοῖόν,4,4,0
6217,δαῖεν,2,2,0
6218,κλονέοντο,6,6,0
6219,Δάρης,1,1,0
6220,ἀφνειός,9,6,3
6221,ἱρεύς,3,2,1
6222,ἤστην,1,1,0
6223,Φηγεύς,2,2,0
6224,Ἰδαῖός,1,1,0
6225,ἀποκρινθέντε,1,1,0
6226,ἐναντίω,1,1,0
6227,ὁρμηθήτην,2,2,0
6228,ἀφ,20,16,4
6229,ἵπποιιν,4,4,0
6230,Τυδεΐδεω,5,4,1
6231,ὦμον,29,24,5
6232,ἀριστερόν,5,5,0
6233,ἤλυθ,13,7,6
6234,ἀκωκή,11,9,2
6235,ἔγχεος,14,14,0
6236,Τυδεΐδης,30,29,1
6237,ἔκφυγε,8,5,3
6238,μεταμάζιον,1,1,0
6239,ἀπόρουσε,5,4,1
6240,περιβῆναι,1,1,0
6241,ἀδελφειοῦ,4,4,0
6242,ὑπέκφυγε,3,2,1
6243,σάωσε,3,1,2
6244,καλύψας,4,3,1
6245,πάγχυ,26,14,12
6246,ἀκαχήμενος,6,2,4
6247,ἐξελάσας,1,1,0
6248,ἑταίροισιν,5,2,3
6249,κατάγειν,2,2,0
6250,κοίλας,14,13,1
6251,Δάρητος,1,1,0
6252,ἀλευάμενον,1,1,0
6253,κτάμενον,1,1,0
6254,ὀρίνθη,3,3,0
6255,θοῦρον,9,9,0
6256,Ἆρες,2,2,0
6257,Ἄρες,2,2,0
6258,βροτολοιγέ,2,2,0
6259,μιαιφόνε,2,2,0
6260,τειχεσιπλῆτα,2,2,0
6261,ἐάσαιμεν,1,1,0
6262,μάρνασθ,1,1,0
6263,ὁπποτέροισι,1,1,0
6264,ὀρέξῃ,5,4,1
6265,χαζώμεσθα,1,1,0
6266,ἀλεώμεθα,2,2,0
6267,ἐξήγαγε,1,1,0
6268,καθεῖσεν,3,2,1
6269,ἠϊόεντι,1,1,0
6270,Σκαμάνδρῳ,1,1,0
6271,ἔκλιναν,3,2,1
6272,Ὀδίον,1,1,0
6273,ἔκβαλε,6,2,4
6274,δίφρου,19,17,2
6275,πρώτῳ,12,11,1
6276,στρεφθέντι,2,2,0
6277,μεταφρένῳ,6,6,0
6278,πῆξεν,4,4,0
6279,μεσσηγύς,18,11,7
6280,ἔλασσε,12,9,3
6281,Φαῖστον,1,1,0
6282,ἐνήρατο,5,4,1
6283,Μῄονος,1,1,0
6284,Βώρου,1,1,0
6285,Τάρνης,1,1,0
6286,ἐριβώλακος,6,5,1
6287,δουρικλυτός,11,9,2
6288,μακρῷ,11,9,2
6289,ἐπιβησόμενον,2,2,0
6290,στυγερός,7,4,3
6291,Ἰδομενῆος,16,15,1
6292,ἐσύλευον,1,1,0
6293,Στροφίοιο,1,1,0
6294,αἵμονα,1,1,0
6295,θήρης,2,2,0
6296,ἕλ,2,2,0
6297,ὀξυόεντι,9,8,1
6298,θηρητῆρα,1,1,0
6299,δίδαξε,1,1,0
6300,Ἄρτεμις,19,11,8
6301,βάλλειν,2,1,1
6302,ἄγρια,4,3,1
6303,τρέφει,7,3,4
6304,ὕλη,12,9,3
6305,χραῖσμ,1,1,0
6306,ἰοχέαιρα,11,7,4
6307,ἑκηβολίαι,1,1,0
6308,κέκαστο,3,2,1
6309,δουρικλειτός,6,4,2
6310,ἕθεν,13,11,2
6311,φεύγοντα,5,5,0
6312,οὔτασε,17,17,0
6313,πρηνής,12,10,2
6314,Φέρεκλον,1,1,0
6315,τέκτονος,2,2,0
6316,Ἁρμονίδεω,1,1,0
6317,ἐπίστατο,5,5,0
6318,δαίδαλα,6,6,0
6319,τεύχειν,1,1,0
6320,ἔξοχα,11,4,7
6321,ἐφίλατο,1,1,0
6322,τεκτήνατο,1,1,0
6323,ἀρχεκάκους,1,1,0
6324,οἷ,39,20,19
6325,θέσφατα,2,1,1
6326,κατέμαρπτε,2,2,0
6327,διώκων,9,9,0
6328,γλουτόν,2,2,0
6329,διαπρό,4,2,2
6330,κύστιν,2,2,0
6331,γνύξ,6,6,0
6332,ἔριπ,2,2,0
6333,οἰμώξας,9,5,4
6334,ἀμφεκάλυψε,6,4,2
6335,Πήδαιον,2,2,0
6336,ἔπεφνε,12,10,2
6337,πύκα,15,8,7
6338,ἔτρεφε,9,6,3
6339,Θεανώ,4,4,0
6340,ἶσα,14,8,6
6341,φίλοισι,10,4,6
6342,τέκεσσι,5,5,0
6343,χαριζομένη,7,1,6
6344,πόσεϊ,1,1,0
6345,ἐγγύθεν,42,29,13
6346,ἰνίον,1,1,0
6347,ὀδόντας,7,5,2
6348,γλῶσσαν,3,3,0
6349,κονίῃ,4,4,0
6350,ψυχρόν,3,1,2
6351,ὀδοῦσιν,2,2,0
6352,Εὐαιμονίδης,2,2,0
6353,Ὑψήνορα,2,2,0
6354,ὑπερθύμου,2,2,0
6355,Δολοπίονος,1,1,0
6356,Σκαμάνδρου,3,3,0
6357,ἀρητήρ,1,1,0
6358,ἐτέτυκτο,10,5,5
6359,τίετο,6,5,1
6360,μεταδρομάδην,1,1,0
6361,ἔλασ,2,2,0
6362,φασγάνῳ,7,5,2
6363,ἀΐξας,10,7,3
6364,ἔξεσε,1,1,0
6365,χείρ,6,5,1
6366,πέσε,14,9,5
6367,πορφύρεος,3,3,0
6368,κραταιή,9,9,0
6369,πονέοντο,7,4,3
6370,κρατερήν,14,14,0
6371,Τυδεΐδην,9,9,0
6372,ποτέροισι,1,1,0
6373,μετείη,3,2,1
6374,ὁμιλέοι,1,1,0
6375,θῦνε,7,6,1
6376,ἄμ,14,11,3
6377,πλήθοντι,1,1,0
6378,χειμάρρῳ,1,1,0
6379,ῥέων,4,4,0
6380,ἐκέδασσε,2,2,0
6381,γέφυραι,1,1,0
6382,ἐεργμέναι,1,1,0
6383,ἰσχανόωσιν,1,1,0
6384,ἕρκεα,3,1,2
6385,ἴσχει,9,6,3
6386,ἀλωάων,1,1,0
6387,ἐριθηλέων,1,1,0
6388,ἐλθόντ,13,8,5
6389,ἐξαπίνης,11,5,6
6390,ἐπιβρίσῃ,3,3,0
6391,ὄμβρος,8,2,6
6392,κατήριπε,1,1,0
6393,μίμνον,4,3,1
6394,θύνοντ,3,3,0
6395,κλονέοντα,1,1,0
6396,αἶψ,33,9,24
6397,ἐτιταίνετο,1,1,0
6398,βάλ,14,11,3
6399,ἐπαΐσσοντα,2,2,0
6400,τυχών,9,7,2
6401,γύαλον,4,4,0
6402,ἔπτατο,8,4,4
6403,διέσχε,3,3,0
6404,παλάσσετο,4,4,0
6405,ἄϋσε,6,6,0
6406,ὄρνυσθε,1,1,0
6407,βέβληται,5,5,0
6408,ἀνσχήσεσθαι,2,2,0
6409,ἀπορνύμενον,1,1,0
6410,Λυκίηθεν,1,1,0
6411,ὠκύ,10,7,3
6412,δάμασσεν,2,2,0
6413,ἀναχωρήσας,4,3,1
6414,ὄχεσφιν,14,13,1
6415,Σθένελον,2,2,0
6416,Καπανήϊον,1,1,0
6417,ὄρσο,4,2,2
6418,πέπον,16,13,3
6419,Καπανηϊάδη,1,1,0
6420,καταβήσεο,1,1,0
6421,ὄφρά,25,25,0
6422,ὤμοιο,1,1,0
6423,ἐρύσσῃς,1,1,0
6424,στάς,21,14,7
6425,διαμπερές,33,18,15
6426,ἐξέρυσ,3,2,1
6427,ἀνηκόντιζε,1,1,0
6428,στρεπτοῖο,1,1,0
6429,χιτῶνος,2,2,0
6430,ἠρᾶτο,10,5,5
6431,φρονέουσα,4,4,0
6432,δηΐῳ,2,2,0
6433,φῖλαι,2,2,0
6434,ἑλεῖν,3,3,0
6435,ὁρμήν,4,3,1
6436,φθάμενος,4,3,1
6437,ἐπεύχεται,2,2,0
6438,ὄψεσθαι,5,3,2
6439,ἐλαφρά,3,3,0
6440,ὕπερθεν,16,9,7
6441,θαρσῶν,1,1,0
6442,Διόμηδες,6,6,0
6443,ἧκα,3,2,1
6444,ἄτρομον,2,2,0
6445,ἔχεσκε,1,1,0
6446,σακέσπαλος,1,1,0
6447,ἀχλύν,4,3,1
6448,ὀφθαλμῶν,15,12,3
6449,ἐπῆεν,2,1,1
6450,γιγνώσκῃς,1,1,0
6451,πειρώμενος,5,4,1
6452,ἔλθῃσ,2,2,0
6453,οὐτάμεν,2,2,0
6454,εἰποῦσ,18,8,10
6455,ἀπέβη,24,12,12
6456,προμάχοισιν,7,7,0
6457,ἐμίχθη,6,5,1
6458,λέοντα,5,4,1
6459,ἀγρῷ,2,1,1
6460,εἰροπόκοις,1,1,0
6461,ὀΐεσσι,3,3,0
6462,χραύσῃ,1,1,0
6463,αὐλῆς,27,8,19
6464,ὑπεράλμενον,1,1,0
6465,δαμάσσῃ,3,1,2
6466,προσαμύνει,1,1,0
6467,σταθμούς,6,4,2
6468,δύεται,1,1,0
6469,ἐρῆμα,1,1,0
6470,φοβεῖται,4,4,0
6471,ἀγχιστῖναι,1,1,0
6472,κέχυνται,2,1,1
6473,ἐμμεμαώς,6,6,0
6474,βαθέης,3,3,0
6475,ἐξάλλεται,1,1,0
6476,μίγη,5,3,2
6477,Ἀστύνοον,1,1,0
6478,Ὑπείρονα,1,1,0
6479,βαλών,35,25,10
6480,ξίφεϊ,4,4,0
6481,κληῗδα,5,5,0
6482,πλῆξ,5,5,0
6483,αὐχένος,6,5,1
6484,ἐέργαθεν,1,1,0
6485,νώτου,4,3,1
6486,ἔασ,4,3,1
6487,Ἄβαντα,1,1,0
6488,μετῴχετο,3,1,2
6489,Πολύειδον,1,1,0
6490,Εὐρυδάμαντος,1,1,0
6491,ὀνειροπόλοιο,1,1,0
6492,ἐρχομένοις,1,1,0
6493,ἐκρίνατ,2,1,1
6494,ὀνείρους,1,1,0
6495,ἐξενάριξε,15,15,0
6496,Ξάνθόν,2,2,0
6497,Θόωνά,2,2,0
6498,Φαίνοπος,2,2,0
6499,τηλυγέτω,1,1,0
6500,τείρετο,4,3,1
6501,λυγρῷ,9,6,3
6502,τέκετ,2,2,0
6503,κτεάτεσσι,5,3,2
6504,λιπέσθαι,4,2,2
6505,ἐνάριζε,2,2,0
6506,ἐξαίνυτο,4,3,1
6507,πατέρι,3,2,1
6508,γόον,12,7,5
6509,κήδεα,13,7,6
6510,λεῖπ,1,1,0
6511,ζώοντε,1,1,0
6512,ἐκνοστήσαντε,1,1,0
6513,χηρωσταί,1,1,0
6514,κτῆσιν,9,5,4
6515,δατέοντο,2,2,0
6516,Δαρδανίδαο,4,4,0
6517,ἑνί,5,4,1
6518,Ἐχέμμονά,1,1,0
6519,βουσί,3,2,1
6520,θορών,2,2,0
6521,αὐχένα,19,16,3
6522,ἄξῃ,1,1,0
6523,πόρτιος,1,1,0
6524,ξύλοχον,1,1,0
6525,βοσκομενάων,3,3,0
6526,ἀμφοτέρους,10,6,4
6527,ἀέκοντας,6,6,0
6528,δίδου,20,14,6
6529,ἐλαύνειν,2,2,0
6530,ἀλαπάζοντα,1,1,0
6531,κλόνον,7,7,0
6532,ἐγχειάων,2,2,0
6533,διζήμενος,10,4,6
6534,Πάνδαρε,1,1,0
6535,ποῦ,14,9,5
6536,πτερόεντες,2,2,0
6537,ἐρίζεται,1,1,0
6538,Λυκίῃ,4,4,0
6539,τῷδ,14,6,8
6540,ἔφες,1,1,0
6541,πολλῶν,19,12,7
6542,ἐσθλῶν,10,6,4
6543,γούνατ,31,23,8
6544,ἔλυσεν,8,8,0
6545,κοτεσσάμενος,3,2,1
6546,ἱρῶν,4,2,2
6547,μηνίσας,1,1,0
6548,χαλεπή,4,2,2
6549,θεοῦ,27,13,14
6550,μῆνις,3,3,0
6551,Αἰνεία,10,10,0
6552,βουληφόρε,7,7,0
6553,δαΐφρονι,13,10,3
6554,ἀσπίδι,6,6,0
6555,γιγνώσκων,8,7,1
6556,αὐλώπιδί,1,1,0
6557,τρυφαλείῃ,1,1,0
6558,εἰσορόων,10,7,3
6559,οἶδ,20,10,10
6560,ἄνευθε,5,2,3
6561,μαίνεται,9,8,1
6562,ἄγχι,54,26,28
6563,ἀθανάτων,31,19,12
6564,νεφέλῃ,5,3,2
6565,εἰλυμένος,1,1,0
6566,τούτου,10,5,5
6567,κιχήμενον,2,2,0
6568,ἔτραπεν,3,2,1
6569,ἐφῆκα,2,2,0
6570,βάλον,12,4,8
6571,γυάλοιο,1,1,0
6572,Ἀϊδωνῆϊ,1,1,0
6573,προϊάψειν,2,2,0
6574,ἐδάμασσα,1,1,0
6575,κοτήεις,1,1,0
6576,παρέασι,3,2,1
6577,ἐπιβαίην,2,1,1
6578,δίφροι,2,2,0
6579,καλοί,4,2,2
6580,πρωτοπαγεῖς,1,1,0
6581,νεοτευχέες,1,1,0
6582,πέπλοι,4,2,2
6583,πέπτανται,1,1,0
6584,δίζυγες,2,2,0
6585,ἑστᾶσι,1,1,0
6586,κρῖ,6,3,3
6587,ὀλύρας,2,2,0
6588,αἰχμητά,2,2,0
6589,Λυκάων,1,1,0
6590,ἐρχομένῳ,3,1,2
6591,δόμοις,11,6,5
6592,ποιητοῖσιν,1,1,0
6593,ἵπποισίν,2,2,0
6594,ἐκέλευε,7,5,2
6595,ἐμβεβαῶτα,1,1,0
6596,ἀρχεύειν,1,1,0
6597,πιθόμην,4,3,1
6598,φειδόμενος,1,1,0
6599,φορβῆς,2,2,0
6600,εἰλομένων,2,2,0
6601,εἰωθότες,1,1,0
6602,ἄδην,1,1,0
6603,εἰλήλουθα,7,4,3
6604,τόξοισιν,3,3,0
6605,πίσυνος,5,4,1
6606,ὀνήσειν,1,1,0
6607,δοιοῖσιν,2,2,0
6608,ἀμφοτέροιιν,1,1,0
6609,ἀτρεκές,2,1,1
6610,ἔσσευα,1,1,0
6611,ἤγειρα,3,2,1
6612,πασσάλου,2,1,1
6613,ἀγκύλα,3,2,1
6614,ἑλόμην,3,3,0
6615,ἡγεόμην,1,1,0
6616,Ἕκτορι,66,66,0
6617,νοστήσω,1,1,0
6618,ἐσόψομαι,1,1,0
6619,ὀφθαλμοῖσι,20,9,11
6620,πατρίδ,16,4,12
6621,ἐμήν,24,10,14
6622,ἄλοχόν,10,7,3
6623,ὑψερεφές,12,2,10
6624,τάμοι,3,2,1
6625,ἀλλότριος,3,1,2
6626,θείην,1,1,0
6627,διακλάσσας,1,1,0
6628,ὀπηδεῖ,7,3,4
6629,ἄλλως,17,7,10
6630,νώ,2,1,1
6631,ἐλθόντε,2,2,0
6632,ἔντεσι,7,7,0
6633,πειρηθῆναι,5,4,1
6634,ἐμῶν,8,4,4
6635,ἐπιβήσεο,3,3,0
6636,οἷοι,7,7,0
6637,Τρώϊοι,3,3,0
6638,κραιπνά,4,3,1
6639,διωκέμεν,2,2,0
6640,φέβεσθαι,2,2,0
6641,σαώσετον,2,2,0
6642,μάστιγα,11,10,1
6643,σιγαλόεντα,21,8,13
6644,δέξαι,7,7,0
6645,ἀποβήσομαι,2,2,0
6646,μάχωμαι,4,4,0
6647,δέδεξο,3,3,0
6648,μελήσουσιν,2,2,0
6649,τεώ,2,2,0
6650,ἵππω,13,12,1
6651,ἡνιόχῳ,5,5,0
6652,εἰωθότι,1,1,0
6653,καμπύλον,1,1,0
6654,οἴσετον,1,1,0
6655,φεβώμεθα,1,1,0
6656,δείσαντε,2,2,0
6657,ματήσετον,1,1,0
6658,ἐκφερέμεν,1,1,0
6659,φθόγγον,5,1,4
6660,ποθέοντε,1,1,0
6661,ἐλάσσῃ,1,1,0
6662,μώνυχας,26,25,1
6663,ἐπιόντα,4,4,0
6664,δεδέξομαι,1,1,0
6665,φωνήσαντες,1,1,0
6666,βάντες,11,3,8
6667,ἐμμεμαῶτ,1,1,0
6668,ἴδε,28,17,11
6669,Τυδεΐδη,10,10,0
6670,κεχαρισμένε,6,5,1
6671,ὁρόω,7,3,4
6672,κρατερώ,3,1,2
6673,μεμαῶτε,9,9,0
6674,ἶν,3,2,1
6675,ἀπέλεθρον,4,3,1
6676,ἔχοντας,5,4,1
6677,ἐκγεγάμεν,3,3,0
6678,ἐστ,7,6,1
6679,χαζώμεθ,1,1,0
6680,ὀλέσσῃς,4,3,1
6681,ἀγόρευ,5,3,2
6682,σέ,75,41,34
6683,πεισέμεν,2,2,0
6684,οἴω,15,13,2
6685,γενναῖον,1,1,0
6686,ἀλυσκάζοντι,1,1,0
6687,καταπτώσσειν,1,1,0
6688,ἔμπεδόν,3,1,2
6689,ὀκνείω,1,1,0
6690,ἐπιβαινέμεν,4,2,2
6691,τρεῖν,1,1,0
6692,ἐᾷ,2,1,1
6693,τούτω,5,4,1
6694,ἀποίσετον,1,1,0
6695,ὠκέες,11,10,1
6696,ἡμείων,4,2,2
6697,ἕτερός,1,1,0
6698,φύγῃσιν,1,1,0
6699,πολύβουλος,2,1,1
6700,κτεῖναι,11,6,5
6701,ἐρυκακέειν,4,1,3
6702,ἄντυγος,4,4,0
6703,τείνας,2,2,0
6704,Αἰνείαο,14,14,0
6705,ἐπαΐξαι,4,4,0
6706,μεμνημένος,8,4,4
6707,ἐλάσαι,3,2,1
6708,γενεῆς,7,7,0
6709,Τρωΐ,1,1,0
6710,δῶχ,3,1,2
6711,ποινήν,7,6,1
6712,Γανυμήδεος,1,1,0
6713,ἠῶ,9,4,5
6714,ἠέλιόν,5,3,2
6715,ἔκλεψεν,1,1,0
6716,Ἀγχίσης,2,2,0
6717,Λαομέδοντος,5,5,0
6718,ὑποσχών,1,1,0
6719,θήλεας,1,1,0
6720,ἕξ,16,7,9
6721,τέσσαρας,2,1,1
6722,ἀτίταλλ,1,1,0
6723,φάτνῃ,7,5,2
6724,Αἰνείᾳ,6,6,0
6725,μήστωρε,2,2,0
6726,φόβοιο,13,13,0
6727,λάβοιμεν,2,2,0
6728,ἀροίμεθά,1,1,0
6729,τοιαῦτα,26,8,18
6730,ἐλαύνοντ,1,1,0
6731,καρτερόθυμε,1,1,0
6732,ἀγαυοῦ,15,12,3
6733,δαμάσσατο,1,1,0
6734,τύχωμι,3,2,1
6735,Τυδεΐδαο,2,2,0
6736,πταμένη,3,3,0
6737,θώρηκι,1,1,0
6738,πελάσθη,1,1,0
6739,βέβληαι,3,3,0
6740,κενεῶνα,5,4,1
6741,εὖχος,19,16,3
6742,ἔδωκας,5,3,2
6743,ταρβήσας,9,8,1
6744,ἤμβροτες,2,2,0
6745,ἔτυχες,1,1,0
6746,σφῶΐ,1,1,0
6747,ἀποπαύσεσθαι,1,1,0
6748,ἕτερόν,6,3,3
6749,αἵματος,21,9,12
6750,ἆσαι,8,8,0
6751,ταλαύρινον,4,4,0
6752,πολεμιστήν,8,8,0
6753,φάμενος,1,1,0
6754,ῥῖνα,3,1,2
6755,ὀφθαλμόν,3,1,2
6756,λευκούς,1,1,0
6757,ἐπέρησεν,1,1,0
6758,πρυμνήν,3,3,0
6759,ἐξελύθη,1,1,0
6760,ἀνθερεῶνα,2,2,0
6761,αἰόλα,1,1,0
6762,παμφανόωντα,12,8,4
6763,παρέτρεσσαν,1,1,0
6764,ὠκύποδες,7,7,0
6765,λύθη,4,4,0
6766,ψυχή,37,14,23
6767,πώς,21,11,10
6768,ἐρυσαίατο,1,1,0
6769,βαῖνε,8,3,5
6770,ἀλκί,6,5,1
6771,ἔσχε,4,3,1
6772,πάντοσ,18,17,1
6773,ἐΐσην,14,14,0
6774,κτάμεναι,4,2,2
6775,ἔλθοι,33,9,24
6776,σμερδαλέα,9,8,1
6777,ἰάχων,12,11,1
6778,χερμάδιον,3,3,0
6779,ἄνδρε,9,5,4
6780,φέροιεν,4,3,1
6781,ῥέα,10,10,0
6782,πάλλε,3,3,0
6783,ἰσχίον,2,2,0
6784,μηρός,1,1,0
6785,ἰσχίῳ,2,1,1
6786,ἐνστρέφεται,1,1,0
6787,κοτύλην,5,3,2
6788,θλάσσε,2,2,0
6789,ῥῆξε,9,9,0
6790,ῥινόν,6,3,3
6791,τρηχύς,1,1,0
6792,ἐριπών,3,3,0
6793,ἐρείσατο,2,2,0
6794,κελαινή,3,3,0
6795,ἀπόλοιτο,6,5,1
6796,βουκολέοντι,2,2,0
6797,ἐχεύατο,2,2,0
6798,πήχεε,4,1,3
6799,λευκώ,3,2,1
6800,πέπλοιο,1,1,0
6801,φαεινοῦ,8,6,2
6802,πτύγμα,1,1,0
6803,ὑπεξέφερεν,2,2,0
6804,ἐλήθετο,1,1,0
6805,συνθεσιάων,1,1,0
6806,ἑούς,1,1,0
6807,ἠρύκακε,3,3,0
6808,φλοίσβου,2,2,0
6809,καλλίτριχας,11,8,3
6810,ἐξέλασε,2,2,0
6811,Δηϊπύλῳ,1,1,0
6812,ἑτάρῳ,1,1,0
6813,τῖεν,2,2,0
6814,ὁμηλικίης,1,1,0
6815,ἄρτια,4,2,2
6816,γλαφυρῇσιν,11,10,1
6817,ἐλαυνέμεν,9,7,2
6818,ἐπιβάς,3,1,2
6819,ἔλαβ,2,2,0
6820,μέθεπε,2,2,0
6821,κρατερώνυχας,6,4,2
6822,Κύπριν,1,1,0
6823,κοιρανέουσιν,6,2,4
6824,Ἐνυώ,2,2,0
6825,ἐκίχανε,1,1,0
6826,ὀπάζων,3,2,1
6827,ἐπορεξάμενος,1,1,0
6828,ἄκρην,4,4,0
6829,μετάλμενος,6,6,0
6830,ἀβληχρήν,1,1,0
6831,εἶθαρ,9,9,0
6832,ἀντετόρησεν,1,1,0
6833,ἀμβροσίου,1,1,0
6834,πέπλου,1,1,0
6835,Χάριτες,2,1,1
6836,πρυμνόν,5,4,1
6837,ὕπερ,9,6,3
6838,θέναρος,1,1,0
6839,ἄμβροτον,6,3,3
6840,ἰχώρ,1,1,0
6841,οἷός,10,4,6
6842,ῥέει,4,3,1
6843,σῖτον,32,3,29
6844,ἔδουσ,1,1,0
6845,πίνουσ,1,1,0
6846,ἀναίμονές,1,1,0
6847,καλέονται,7,2,5
6848,ἰάχουσα,3,2,1
6849,κάββαλεν,3,2,1
6850,κυανέῃ,1,1,0
6851,εἶκε,3,2,1
6852,θύγατερ,9,5,4
6853,δηϊοτῆτος,9,9,0
6854,γυναῖκας,34,16,18
6855,ἀνάλκιδας,2,2,0
6856,ἠπεροπεύεις,1,1,0
6857,πωλήσεαι,1,1,0
6858,ῥιγήσειν,1,1,0
6859,ἑτέρωθι,4,2,2
6860,πύθηαι,5,3,2
6861,ἀλύουσ,1,1,0
6862,ἔξαγ,2,2,0
6863,ἀχθομένην,1,1,0
6864,ὀδύνῃσι,6,4,2
6865,μελαίνετο,1,1,0
6866,ἐκέκλιτο,1,1,0
6867,ταχέ,2,2,0
6868,ἐριποῦσα,2,2,0
6869,φίλοιο,10,4,6
6870,χρυσάμπυκας,4,4,0
6871,ᾔτεεν,1,1,0
6872,κόμισαί,1,1,0
6873,ἄχθομαι,1,1,0
6874,οὔτασεν,5,5,0
6875,μάχοιτο,8,5,3
6876,ἔβαινεν,2,1,1
6877,ἀκηχεμένη,1,1,0
6878,ἔβαινε,5,4,1
6879,μάστιξεν,10,6,4
6880,ἐλάαν,14,6,8
6881,πετέσθην,14,11,3
6882,αἰπύν,25,13,12
6883,ἔστησε,9,5,4
6884,λύσασ,2,2,0
6885,ἀμβρόσιον,3,3,0
6886,εἶδαρ,5,2,3
6887,γούνασι,13,6,7
6888,πῖπτε,9,7,2
6889,Διώνης,1,1,0
6890,μητρός,25,9,16
6891,ἑῆς,3,1,2
6892,ἀγκάς,6,5,1
6893,ἐλάζετο,1,1,0
6894,θυγατέρα,5,5,0
6895,τοιάδ,2,2,0
6896,ἔρεξε,5,2,3
6897,Οὐρανιώνων,4,4,0
6898,μαψιδίως,9,2,7
6899,ῥέζουσαν,2,2,0
6900,ἐνωπῇ,2,2,0
6901,φιλομμειδής,2,1,1
6902,οὖτά,1,1,0
6903,ὑπέρθυμος,3,2,1
6904,ὑπεξέφερον,1,1,0
6905,Αἰνείαν,16,16,0
6906,φίλτατός,2,1,1
6907,μάχονται,8,8,0
6908,Διώνη,1,1,0
6909,τλῆμεν,1,1,0
6910,χαλέπ,2,1,1
6911,τιθέντες,3,2,1
6912,τλῆ,4,4,0
6913,Ὦτος,1,1,0
6914,Ἐφιάλτης,1,1,0
6915,Ἀλωῆος,2,1,1
6916,δῆσαν,4,3,1
6917,δεσμῷ,7,2,5
6918,χαλκέῳ,2,1,1
6919,κεράμῳ,1,1,0
6920,δέδετο,3,1,2
6921,τρισκαίδεκα,2,1,1
6922,μῆνας,2,1,1
6923,ἆτος,4,4,0
6924,μητρυιή,1,1,0
6925,περικαλλής,1,1,0
6926,Ἠερίβοια,1,1,0
6927,Ἑρμέᾳ,1,1,0
6928,ἐξήγγειλεν,1,1,0
6929,ἐξέκλεψεν,1,1,0
6930,τειρόμενον,6,4,2
6931,χαλεπός,7,2,5
6932,δεσμός,2,1,1
6933,ἐδάμνα,4,4,0
6934,Ἀμφιτρύωνος,3,1,2
6935,δεξιτερόν,3,3,0
6936,ὀϊστῷ,7,7,0
6937,τριγλώχινι,2,2,0
6938,ἀνήκεστον,1,1,0
6939,Ἀΐδης,4,4,0
6940,ὠκύν,4,1,3
6941,εὖτέ,3,3,0
6942,ωὐτός,1,1,0
6943,νεκύεσσι,8,5,3
6944,ὀδύνῃσιν,3,2,1
6945,πεπαρμένος,1,1,0
6946,ὤμῳ,8,3,5
6947,στιβαρῷ,1,1,0
6948,ἠλήλατο,1,1,0
6949,κῆδε,2,2,0
6950,Παιήων,2,2,0
6951,ὀδυνήφατα,2,2,0
6952,πάσσων,2,2,0
6953,ἠκέσατ,2,2,0
6954,καταθνητός,2,2,0
6955,τέτυκτο,18,10,8
6956,ὀβριμοεργός,1,1,0
6957,ὄθετ,1,1,0
6958,αἴσυλα,6,4,2
6959,ῥέζων,4,3,1
6960,ἔκηδε,1,1,0
6961,θεούς,26,15,11
6962,ἔχουσι,16,8,8
6963,τοῦτον,36,19,17
6964,ἀνῆκε,11,8,3
6965,δηναιός,1,1,0
6966,μάχηται,3,3,0
6967,παππάζουσιν,1,1,0
6968,αἰνῆς,4,3,1
6969,φραζέσθω,3,3,0
6970,Αἰγιάλεια,1,1,0
6971,περίφρων,46,1,45
6972,Ἀδρηστίνη,1,1,0
6973,γοόωσα,7,4,3
6974,οἰκῆας,2,2,0
6975,ἐγείρῃ,1,1,0
6976,κουρίδιον,6,2,4
6977,ποθέουσα,3,1,2
6978,ἰφθίμη,3,1,2
6979,Διομήδεος,14,13,1
6980,ἀμφοτέρῃσιν,5,2,3
6981,ἰχῶ,1,1,0
6982,ὀμόργνυ,1,1,0
6983,ἄλθετο,1,1,0
6984,ὀδύναι,3,3,0
6985,κατηπιόωντο,1,1,0
6986,βαρεῖαι,3,2,1
6987,ἐρέθιζον,2,1,1
6988,κεχολώσεαι,2,2,0
6989,Κύπρις,1,1,0
6990,Ἀχαιϊάδων,6,2,4
6991,ἀνιεῖσα,1,1,0
6992,σπέσθαι,3,1,2
6993,ἔκπαγλα,1,1,0
6994,φίλησε,3,2,1
6995,καρρέζουσα,1,1,0
6996,ἐϋπέπλων,3,3,0
6997,χρυσῇ,2,2,0
6998,περόνῃ,1,1,0
6999,καταμύξατο,1,1,0
7000,ἀραιήν,1,1,0
7001,καλεσσάμενος,4,1,3
7002,χρυσῆν,2,2,0
7003,Ἀφροδίτην,2,2,0
7004,δέδοται,1,1,0
7005,μετέρχεο,2,2,0
7006,γάμοιο,5,1,4
7007,θοῷ,9,9,0
7008,μελήσει,10,5,5
7009,ὑπείρεχε,1,1,0
7010,ἅζετο,2,2,0
7011,δῦσαι,2,2,0
7012,ἐστυφέλιξε,2,2,0
7013,φαεινήν,12,9,3
7014,τέταρτον,8,5,3
7015,ἐπέσσυτο,12,10,2
7016,δαίμονι,11,11,0
7017,ἶσος,22,19,3
7018,ὁμοκλήσας,9,8,1
7019,φράζεο,10,7,3
7020,χάζεο,3,3,0
7021,ἶσ,3,3,0
7022,ἔθελε,2,2,0
7023,φρονέειν,2,2,0
7024,φῦλον,4,1,3
7025,ὁμοῖον,5,4,1
7026,ἀνεχάζετο,6,6,0
7027,ἀλευάμενος,5,4,1
7028,ἀπάτερθεν,1,1,0
7029,Περγάμῳ,2,2,0
7030,ἱερῇ,1,1,0
7031,ἀδύτῳ,1,1,0
7032,ἀκέοντό,2,2,0
7033,κύδαινόν,1,1,0
7034,εἴδωλον,8,2,6
7035,τεῦξ,2,2,0
7036,ἴκελον,3,2,1
7037,τεύχεσι,17,16,1
7038,εἰδώλῳ,1,1,0
7039,δῖοι,9,7,2
7040,δῄουν,5,5,0
7041,βοείας,5,4,1
7042,ἀσπίδας,9,8,1
7043,εὐκύκλους,4,4,0
7044,λαισήϊά,2,2,0
7045,ἐρύσαιο,1,1,0
7046,Κύπριδα,2,2,0
7047,χεῖρ,16,10,6
7048,καρπῷ,12,8,4
7049,ἐφέζετο,3,2,1
7050,ἄκρῃ,6,5,1
7051,οὖλος,2,2,0
7052,εἰδόμενος,2,2,0
7053,Ἀκάμαντι,1,1,0
7054,ἡγήτορι,3,2,1
7055,υἱάσι,7,3,4
7056,διοτρεφέεσσι,2,1,1
7057,κέλευεν,3,3,0
7058,υἱεῖς,4,1,3
7059,κτείνεσθαι,1,1,0
7060,ἐάσετε,1,1,0
7061,πύλῃς,2,2,0
7062,ποιητῇσι,1,1,0
7063,μάχωνται,3,3,0
7064,ἐτίομεν,4,3,1
7065,φλοίσβοιο,2,2,0
7066,σαώσομεν,4,3,1
7067,ἑκάστου,25,19,6
7068,νείκεσεν,3,2,1
7069,Ἕκτορα,77,77,0
7070,οἴχεται,10,4,6
7071,ἔχεσκες,1,1,0
7072,φῆς,3,1,2
7073,ἑξέμεν,1,1,0
7074,γαμβροῖσι,1,1,0
7075,κασιγνήτοισί,1,1,0
7076,δύναμ,1,1,0
7077,καταπτώσσουσι,1,1,0
7078,μαχόμεσθ,1,1,0
7079,ἔνειμεν,1,1,0
7080,ἥκω,1,1,0
7081,τηλοῦ,10,3,7
7082,Λυκίη,1,1,0
7083,Ξάνθῳ,1,1,0
7084,δινήεντι,3,3,0
7085,ἔλιπον,2,2,0
7086,νήπιον,6,5,1
7087,ἔλδεται,1,1,0
7088,ἐπιδευής,3,2,1
7089,Λυκίους,3,3,0
7090,ὀτρύνω,3,2,1
7091,μέμον,1,1,0
7092,μαχήσασθαι,2,1,1
7093,οἷόν,12,4,8
7094,ἄγοιεν,2,1,1
7095,τύνη,6,6,0
7096,ἕστηκας,1,1,0
7097,κελεύεις,25,11,14
7098,λαοῖσιν,7,6,1
7099,μενέμεν,3,1,2
7100,ἀμυνέμεναι,6,5,1
7101,ὤρεσσι,1,1,0
7102,ἀψῖσι,1,1,0
7103,λίνου,1,1,0
7104,ἁλόντε,1,1,0
7105,πανάγρου,1,1,0
7106,δυσμενέεσσιν,6,4,2
7107,ἕλωρ,8,4,4
7108,κύρμα,6,3,3
7109,γένησθε,1,1,0
7110,ἐκπέρσουσ,1,1,0
7111,ναιομένην,4,3,1
7112,ὑμήν,1,1,0
7113,μέλειν,1,1,0
7114,νύκτάς,5,5,0
7115,λισσομένῳ,2,2,0
7116,τηλεκλειτῶν,1,1,0
7117,δάκε,1,1,0
7118,μῦθος,21,5,16
7119,ἔγειρε,12,10,2
7120,ἐλελίχθησαν,4,4,0
7121,ἐναντίοι,7,6,1
7122,ὑπέμειναν,2,2,0
7123,ἀολλέες,26,17,9
7124,φόβηθεν,5,4,1
7125,ἄχνας,2,2,0
7126,φορέει,1,1,0
7127,ἱεράς,5,1,4
7128,ἀλωάς,1,1,0
7129,λικμώντων,1,1,0
7130,ξανθή,1,1,0
7131,Δημήτηρ,2,1,1
7132,κρίνῃ,1,1,0
7133,ἐπειγομένων,1,1,0
7134,ὑπολευκαίνονται,1,1,0
7135,ἀχυρμιαί,1,1,0
7136,λευκοί,4,3,1
7137,κονισάλῳ,1,1,0
7138,πολύχαλκον,3,2,1
7139,ἐπέπληγον,1,1,0
7140,πόδες,21,15,6
7141,ἐπιμισγομένων,1,1,0
7142,ἔστρεφον,1,1,0
7143,ἡνιοχῆες,1,1,0
7144,χειρῶν,36,23,13
7145,ἰθύς,44,33,11
7146,θοῦρος,2,2,0
7147,ἀρήγων,4,4,0
7148,ἐποιχόμενος,9,7,2
7149,ἐκραίαινεν,1,1,0
7150,ἐφετμάς,4,4,0
7151,Φοίβου,4,3,1
7152,χρυσαόρου,1,1,0
7153,ἐγεῖραι,1,1,0
7154,οἰχομένην,1,1,0
7155,ἀρηγών,1,1,0
7156,πίονος,2,2,0
7157,ἀδύτοιο,1,1,0
7158,μεθίστατο,1,1,0
7159,χάρησαν,2,2,0
7160,εἶδον,10,4,6
7161,ζωόν,20,16,4
7162,ἀρτεμέα,2,2,0
7163,προσιόντα,6,5,1
7164,ἔχοντα,30,10,20
7165,μετάλλησάν,1,1,0
7166,ἔγειρεν,6,4,2
7167,βροτολοιγός,3,3,0
7168,ὄτρυνον,8,6,2
7169,Δαναούς,8,8,0
7170,πολεμιζέμεν,3,3,0
7171,βίας,10,3,7
7172,ὑπεδείδισαν,1,1,0
7173,ἰωκάς,1,1,0
7174,ἔμενον,2,2,0
7175,νεφέλῃσιν,2,2,0
7176,νηνεμίης,1,1,0
7177,ἔστησεν,3,2,1
7178,ἀκροπόλοισιν,2,1,1
7179,ὄρεσσιν,4,2,2
7180,εὕδῃσι,1,1,0
7181,Βορέαο,7,4,3
7182,ζαχρειῶν,1,1,0
7183,νέφεα,8,5,3
7184,πνοιῇσιν,1,1,0
7185,λιγυρῇσι,1,1,0
7186,διασκιδνᾶσιν,1,1,0
7187,ἀέντες,1,1,0
7188,μένον,19,7,12
7189,ἔμπεδον,28,17,11
7190,φέβοντο,6,6,0
7191,κελεύων,10,10,0
7192,ἕλεσθε,3,3,0
7193,αἰδεῖσθε,2,2,0
7194,αἰδομένων,2,2,0
7195,πλέονες,6,2,4
7196,φευγόντων,5,5,0
7197,ὄρνυται,4,3,1
7198,Αἰνείω,1,1,0
7199,ἕταρον,6,5,1
7200,Δηϊκόωντα,1,1,0
7201,Περγασίδην,1,1,0
7202,τῖον,3,3,0
7203,πρώτοισι,17,17,0
7204,νειαίρῃ,3,3,0
7205,γαστρί,3,3,0
7206,Διοκλῆος,4,2,2
7207,Κρήθωνά,1,1,0
7208,Ὀρσίλοχόν,1,1,0
7209,ἔναιεν,6,5,1
7210,ἐϋκτιμένῃ,6,4,2
7211,Φηρῇ,1,1,0
7212,Ἀλφειοῦ,1,1,0
7213,Ὀρτίλοχον,1,1,0
7214,πολέεσσ,1,1,0
7215,ἄνδρεσσιν,8,7,1
7216,Ὀρτίλοχος,1,1,0
7217,ἔτικτε,8,5,3
7218,Διοκλῆα,1,1,0
7219,μεγάθυμον,10,5,5
7220,διδυμάονε,2,2,0
7221,γενέσθην,3,1,2
7222,Κρήθων,1,1,0
7223,Ὀρσίλοχός,1,1,0
7224,ἡβήσαντε,1,1,0
7225,εὔπωλον,3,2,1
7226,ἑπέσθην,1,1,0
7227,ἀρνυμένω,1,1,0
7228,οἵω,1,1,0
7229,λέοντε,4,4,0
7230,κορυφῇσιν,1,1,0
7231,ἐτραφέτην,1,1,0
7232,τάρφεσιν,2,2,0
7233,ὕλης,8,3,5
7234,ἁρπάζοντε,1,1,0
7235,βόας,14,6,8
7236,ἴφια,13,6,7
7237,κεραΐζετον,1,1,0
7238,παλάμῃσι,9,6,3
7239,κατέκταθεν,3,2,1
7240,τοίω,2,2,0
7241,δαμέντε,2,2,0
7242,καππεσέτην,1,1,0
7243,ἐλάτῃσιν,2,1,1
7244,ὑψηλῇσι,1,1,0
7245,πεσόντ,4,4,0
7246,ἐλέησεν,6,4,2
7247,σείων,3,3,0
7248,ἐγχείην,1,1,0
7249,δαμείη,4,2,2
7250,Νέστορος,24,13,11
7251,δίε,5,4,1
7252,πάθοι,5,3,2
7253,σφας,1,1,0
7254,ἀποσφήλειε,1,1,0
7255,πόνοιο,7,7,0
7256,χεῖράς,15,5,10
7257,ὀξυόεντα,2,1,1
7258,ἐχέτην,2,2,0
7259,μεῖνε,4,3,1
7260,πολεμιστής,4,4,0
7261,φῶτε,3,3,0
7262,μένοντε,3,1,2
7263,ἔρυσαν,3,2,1
7264,δειλώ,3,2,1
7265,βαλέτην,1,1,0
7266,ἑταίρων,38,22,16
7267,στρεφθέντε,1,1,0
7268,μαχέσθην,2,2,0
7269,Πυλαιμένεα,1,1,0
7270,ἑλέτην,4,3,1
7271,νύξε,5,5,0
7272,Μύδωνα,1,1,0
7273,ἡνίοχον,7,7,0
7274,θεράποντα,12,12,0
7275,Ἀτυμνιάδην,1,1,0
7276,ὑπέστρεφε,1,1,0
7277,ἀγκῶνα,1,1,0
7278,λεύκ,8,2,6
7279,ἐλέφαντι,4,1,3
7280,πέσον,10,6,4
7281,ξίφει,4,4,0
7282,ἀσθμαίνων,2,2,0
7283,εὐεργέος,4,3,1
7284,κύμβαχος,1,1,0
7285,βρεχμόν,1,1,0
7286,δηθά,16,5,11
7287,τύχε,2,2,0
7288,ἀμάθοιο,1,1,0
7289,πλήξαντε,1,1,0
7290,ἵμασ,1,1,0
7291,ἤλασ,2,1,1
7292,ὦρτο,43,33,10
7293,εἵποντο,2,2,0
7294,καρτεραί,2,2,0
7295,πότνι,3,2,1
7296,ἔχουσα,17,9,8
7297,Κυδοιμόν,1,1,0
7298,ἀναιδέα,1,1,0
7299,φοίτα,5,4,1
7300,ἄλλοτε,33,22,11
7301,ὄπισθε,22,17,5
7302,ῥίγησε,2,2,0
7303,ἀπάλαμνος,1,1,0
7304,στήῃ,1,1,0
7305,ὠκυρόῳ,2,2,0
7306,προρέοντι,1,1,0
7307,ἀφρῷ,3,3,0
7308,μορμύροντα,1,1,0
7309,ἔδραμ,1,1,0
7310,εἶπέ,7,4,3
7311,θαρσαλέον,4,4,0
7312,τετραμμένοι,1,1,0
7313,μενεαινέμεν,2,2,0
7314,κατέκτανεν,2,1,1
7315,ἐόντε,6,3,3
7316,Μενέσθην,1,1,0
7317,Ἀγχίαλόν,1,1,0
7318,ἐλέησε,8,8,0
7319,Ἄμφιον,1,1,0
7320,Σελάγου,1,1,0
7321,Παισῷ,1,1,0
7322,ναῖε,9,6,3
7323,πολυκτήμων,1,1,0
7324,πολυλήϊος,1,1,0
7325,ἐπικουρήσοντα,1,1,0
7326,ἐπέδραμε,1,1,0
7327,συλήσων,4,4,0
7328,δούρατ,9,7,2
7329,ἀνεδέξατο,1,1,0
7330,λάξ,8,6,2
7331,προσβάς,2,2,0
7332,νεκροῦ,7,6,1
7333,ἐσπάσατ,3,3,0
7334,ἄλλα,49,17,32
7335,δυνήσατο,5,4,1
7336,ὤμοιιν,12,10,2
7337,ἀφελέσθαι,3,3,0
7338,ἐπείγετο,3,2,1
7339,βελέεσσι,6,6,0
7340,δεῖσε,3,3,0
7341,ἀμφίβασιν,1,1,0
7342,ἐφέστασαν,6,5,1
7343,ἔγχε,5,3,2
7344,Τληπόλεμον,2,2,0
7345,Ἡρακλεΐδην,1,1,0
7346,ἠΰν,4,4,0
7347,Σαρπηδόνι,2,2,0
7348,υἱωνός,2,1,1
7349,νεφεληγερέταο,6,6,0
7350,Σαρπῆδον,1,1,0
7351,ἀνάγκη,6,5,1
7352,πτώσσειν,2,1,1
7353,ἀδαήμονι,1,1,0
7354,ψευδόμενοι,1,1,0
7355,φασι,12,6,6
7356,γόνον,10,3,7
7357,κείνων,6,3,3
7358,ἐξεγένοντο,4,4,0
7359,προτέρων,5,4,1
7360,τινά,33,19,14
7361,Ἡρακληείην,3,2,1
7362,θρασυμέμνονα,2,1,1
7363,θυμολέοντα,5,2,3
7364,οἴῃς,1,1,0
7365,παυροτέροισιν,1,1,0
7366,ἐξαλάπαξε,1,1,0
7367,χήρωσε,1,1,0
7368,ἀγυιάς,2,2,0
7369,ἀποφθινύθουσι,2,2,0
7370,ἄλκαρ,2,2,0
7371,ἔσεσθαι,12,5,7
7372,Ἀΐδαο,21,15,6
7373,περήσειν,1,1,0
7374,Τληπόλεμ,1,1,0
7375,ἀπώλεσεν,2,2,0
7376,ἀφραδίῃσιν,5,2,3
7377,ἕρξαντα,1,1,0
7378,ἀπέδωχ,1,1,0
7379,τεύξεσθαι,3,3,0
7380,δαμέντα,4,4,0
7381,δώσειν,8,7,1
7382,ψυχήν,13,9,4
7383,κλυτοπώλῳ,3,3,0
7384,ἀνέσχετο,5,4,1
7385,μείλινον,11,11,0
7386,ἁμαρτῇ,3,3,0
7387,δούρατα,7,3,4
7388,ἤϊξαν,2,1,1
7389,ἦλθ,18,8,10
7390,ἀλεγεινή,2,2,0
7391,ἐρεβεννή,6,6,0
7392,μηρόν,7,7,0
7393,βεβλήκειν,2,1,1
7394,μαιμώωσα,2,2,0
7395,ὀστέω,1,1,0
7396,ἐγχριμφθεῖσα,1,1,0
7397,Σαρπηδόνα,11,11,0
7398,ἐξέφερον,5,5,0
7399,βάρυνε,1,1,0
7400,ἑλκόμενον,2,2,0
7401,ἐπεφράσατ,3,1,2
7402,ἐξερύσαι,1,1,0
7403,ἐπιβαίη,2,1,1
7404,σπευδόντων,1,1,0
7405,τλήμονα,1,1,0
7406,μαίμησε,1,1,0
7407,μερμήριξε,11,3,8
7408,ἐριγδούποιο,2,2,0
7409,διώκοι,1,1,0
7410,πλεόνων,3,3,0
7411,Ὀδυσσῆϊ,6,2,4
7412,μεγαλήτορι,12,9,3
7413,μόρσιμον,3,2,1
7414,ἀποκτάμεν,1,1,0
7415,τράπε,2,2,0
7416,Κοίρανον,2,2,0
7417,Ἄλκανδρόν,1,1,0
7418,Ἅλιόν,1,1,0
7419,Νοήμονά,1,1,0
7420,Πρύτανίν,1,1,0
7421,πλέονας,4,2,2
7422,κτάνε,4,3,1
7423,δεῖμα,1,1,0
7424,χάρη,3,3,0
7425,προσιόντι,1,1,0
7426,ὀλοφυδνόν,3,2,1
7427,Πριαμίδη,2,2,0
7428,ἐάσῃς,2,2,0
7429,κεῖσθαι,9,9,0
7430,ἐπάμυνον,2,2,0
7431,λίποι,3,1,2
7432,πόλει,13,7,6
7433,ὑμετέρῃ,4,1,3
7434,εὐφρανέειν,1,1,0
7435,παρήϊξεν,2,2,0
7436,ὤσαιτ,1,1,0
7437,πολέων,13,7,6
7438,φηγῷ,4,4,0
7439,θύραζε,34,8,26
7440,ἴφθιμος,3,3,0
7441,Πελάγων,1,1,0
7442,ἔλιπε,2,1,1
7443,κέχυτ,5,4,1
7444,ἀχλύς,5,3,2
7445,ἐμπνύνθη,1,1,0
7446,πνοιή,3,1,2
7447,ζώγρει,3,3,0
7448,ἐπιπνείουσα,1,1,0
7449,κεκαφηότα,2,1,1
7450,χαλκοκορυστῇ,5,5,0
7451,προτρέποντο,1,1,0
7452,ἀντεφέροντο,1,1,0
7453,χάζονθ,1,1,0
7454,ἐπύθοντο,4,4,0
7455,τίνα,9,7,2
7456,ὕστατον,7,5,2
7457,ἐξενάριξαν,1,1,0
7458,χάλκεος,9,9,0
7459,Τεύθραντ,1,1,0
7460,Ὀρέστην,3,3,0
7461,Τρῆχόν,1,1,0
7462,Αἰτώλιον,1,1,0
7463,Οἰνόμαόν,2,2,0
7464,Οἰνοπίδην,1,1,0
7465,Ἕλενον,1,1,0
7466,Ὀρέσβιον,1,1,0
7467,αἰολομίτρην,1,1,0
7468,Ὕλῃ,2,2,0
7469,ναίεσκε,2,2,0
7470,πλούτοιο,1,1,0
7471,μεμηλώς,3,3,0
7472,λίμνῃ,3,2,1
7473,κεκλιμένος,3,3,0
7474,Κηφισίδι,1,1,0
7475,Βοιωτοί,2,2,0
7476,ὀλέκοντας,2,2,0
7477,ὑπέστημεν,2,2,0
7478,μαίνεσθαι,1,1,0
7479,ἐάσομεν,15,8,7
7480,ἐποιχομένη,9,2,7
7481,ἔντυεν,2,2,0
7482,πρέσβα,6,5,1
7483,Κρόνοιο,4,4,0
7484,ὀχέεσσι,2,2,0
7485,κύκλα,2,2,0
7486,χάλκεα,5,5,0
7487,ὀκτάκνημα,1,1,0
7488,σιδηρέῳ,1,1,0
7489,ἄξονι,1,1,0
7490,χρυσέη,2,1,1
7491,ἴτυς,1,1,0
7492,ἄφθιτος,1,1,0
7493,χάλκε,1,1,0
7494,ἐπίσσωτρα,1,1,0
7495,προσαρηρότα,1,1,0
7496,θαῦμα,16,9,7
7497,πλῆμναι,1,1,0
7498,περίδρομοι,2,2,0
7499,ἀμφοτέρωθεν,17,9,8
7500,δίφρος,2,1,1
7501,χρυσέοισι,3,3,0
7502,ἱμᾶσιν,4,4,0
7503,ἐντέταται,1,1,0
7504,ἄντυγές,1,1,0
7505,ἀργύρεος,4,2,2
7506,ῥυμός,2,2,0
7507,ἄκρῳ,6,5,1
7508,δῆσε,2,2,0
7509,χρύσειον,6,3,3
7510,ζυγόν,20,17,3
7511,λέπαδνα,1,1,0
7512,χρύσει,1,1,0
7513,ὠκύποδας,2,1,1
7514,μεμαυῖ,1,1,0
7515,πέπλον,7,5,2
7516,ἑανόν,3,3,0
7517,οὔδει,11,11,0
7518,ποικίλον,10,6,4
7519,ποιήσατο,7,6,1
7520,χιτῶν,4,3,1
7521,ἐνδῦσα,2,2,0
7522,θωρήσσετο,2,2,0
7523,δακρυόεντα,3,3,0
7524,βάλετ,5,1,4
7525,θυσσανόεσσαν,5,5,0
7526,δεινήν,11,8,3
7527,ἐστεφάνωται,3,2,1
7528,Ἀλκή,1,1,0
7529,κρυόεσσα,1,1,0
7530,Ἰωκή,1,1,0
7531,Γοργείη,1,1,0
7532,κεφαλή,8,6,2
7533,δεινοῖο,5,2,3
7534,πελώρου,3,1,2
7535,σμερδνή,1,1,0
7536,ἀμφίφαλον,2,2,0
7537,τετραφάληρον,2,2,0
7538,χρυσείην,11,8,3
7539,πρυλέεσσ,1,1,0
7540,ἀραρυῖαν,10,5,5
7541,ὄχεα,5,5,0
7542,φλόγεα,2,2,0
7543,ποσί,19,14,5
7544,βριθύ,6,5,1
7545,δάμνησι,4,3,1
7546,οἷσίν,4,1,3
7547,κοτέσσεται,3,2,1
7548,ὀβριμοπάτρη,3,2,1
7549,μάστιγι,10,9,1
7550,ἐπεμαίετ,2,2,0
7551,αὐτόμαται,2,2,0
7552,μύκον,3,3,0
7553,οὐρανοῦ,11,8,3
7554,Ὧραι,3,3,0
7555,τῇς,6,4,2
7556,ἐπιτέτραπται,2,2,0
7557,οὐρανός,9,5,4
7558,Οὔλυμπός,2,2,0
7559,ἀνακλῖναι,3,2,1
7560,ἐπιθεῖναι,5,4,1
7561,αὐτάων,6,6,0
7562,κεντρηνεκέας,2,2,0
7563,στήσασα,3,2,1
7564,Ζῆν,8,7,1
7565,ὕπατον,3,3,0
7566,ἐξείρετο,4,3,1
7567,νεμεσίζῃ,2,2,0
7568,Ἄρῃ,3,3,0
7569,καρτερά,2,2,0
7570,ὁσσάτιόν,1,1,0
7571,ἀπώλεσε,4,2,2
7572,ἕκηλοι,9,5,4
7573,τέρπονται,2,1,1
7574,Κύπρίς,1,1,0
7575,ἄφρονα,4,2,2
7576,ἀνέντες,1,1,0
7577,θέμιστα,1,1,0
7578,λυγρῶς,1,1,0
7579,πεπληγυῖα,4,1,3
7580,ἐξαποδίωμαι,1,1,0
7581,ἄγρει,5,4,1
7582,ἔπορσον,1,1,0
7583,ἀγελείην,1,1,0
7584,εἴωθε,2,1,1
7585,κακῇς,1,1,0
7586,πελάζειν,1,1,0
7587,ἀστερόεντος,5,4,1
7588,ἠεροειδές,5,1,4
7589,ἥμενος,15,4,11
7590,σκοπιῇ,1,1,0
7591,λεύσσων,2,2,0
7592,ἐπιθρῴσκουσι,1,1,0
7593,ὑψηχέες,1,1,0
7594,ἷξον,11,6,5
7595,ποταμώ,1,1,0
7596,ῥέοντε,1,1,0
7597,Σιμόεις,3,3,0
7598,Σκάμανδρος,4,4,0
7599,ἠέρα,10,7,3
7600,πουλύν,7,5,2
7601,ἔχευε,5,3,2
7602,ἀνέτειλε,1,1,0
7603,νέμεσθαι,2,1,1
7604,τρήρωσι,1,1,0
7605,πελειάσιν,1,1,0
7606,ἴθμαθ,1,1,0
7607,ὁμοῖαι,2,2,0
7608,μεμαυῖαι,2,2,0
7609,εἰλόμενοι,1,1,0
7610,λείουσιν,3,3,0
7611,ὠμοφάγοισιν,2,2,0
7612,συσί,2,2,0
7613,κάπροισιν,2,2,0
7614,ἀλαπαδνόν,4,3,1
7615,στᾶσ,4,4,0
7616,ἤϋσε,2,2,0
7617,Στέντορι,1,1,0
7618,εἰσαμένη,2,2,0
7619,χαλκεοφώνῳ,1,1,0
7620,αὐδήσασχ,1,1,0
7621,αἰδώς,11,9,2
7622,ἐλέγχεα,5,3,2
7623,ἀγητοί,2,2,0
7624,πυλάων,15,15,0
7625,Δαρδανιάων,3,3,0
7626,οἴχνεσκον,1,1,0
7627,ἐδείδισαν,2,2,0
7628,ἑκάς,19,9,10
7629,ἀναψύχοντα,1,1,0
7630,ἰῷ,16,15,1
7631,ἱδρώς,11,10,1
7632,ἔτειρεν,1,1,0
7633,πλατέος,2,2,0
7634,τελαμῶνος,1,1,0
7635,εὐκύκλου,1,1,0
7636,κάμνε,1,1,0
7637,ἴσχων,2,1,1
7638,τελαμῶνα,4,3,1
7639,ἀπομόργνυ,2,2,0
7640,ἱππείου,1,1,0
7641,ζυγοῦ,3,2,1
7642,μικρός,2,1,1
7643,μαχητής,2,1,1
7644,εἴασκον,1,1,0
7645,ἐκπαιφάσσειν,1,1,0
7646,Θήβας,4,4,0
7647,Καδμείωνας,2,2,0
7648,δαίνυσθαί,2,1,1
7649,ἄνωγον,4,1,3
7650,ἕκηλον,2,1,1
7651,καρτερόν,9,5,4
7652,Καδμείων,2,1,1
7653,ἐπιτάρροθος,2,1,1
7654,ἦα,12,1,11
7655,φυλάσσω,6,1,5
7656,προφρονέως,5,5,0
7657,σευ,13,8,5
7658,πολυᾶϊξ,1,1,0
7659,δέδυκεν,3,2,1
7660,ἀκήριον,4,4,0
7661,ἔκγονός,2,1,1
7662,Οἰνεΐδαο,2,2,0
7663,γιγνώσκω,12,6,6
7664,ἐπικεύσω,10,2,8
7665,ὄκνος,1,1,0
7666,σέων,1,1,0
7667,μέμνημαι,4,3,1
7668,ἐπέτειλας,1,1,0
7669,εἴας,2,1,1
7670,ἀναχάζομαι,1,1,0
7671,ἐκέλευσα,9,1,8
7672,ἀλήμεναι,3,3,0
7673,δείδιθι,3,2,1
7674,ἐπιτάρροθός,3,3,0
7675,τύψον,1,1,0
7676,σχεδίην,6,1,5
7677,ἅζεο,2,1,1
7678,μαινόμενον,1,1,0
7679,τυκτόν,1,1,0
7680,ἀλλοπρόσαλλον,1,1,0
7681,πρῴην,2,2,0
7682,στεῦτ,1,1,0
7683,μαχήσεσθαι,2,2,0
7684,ὁμιλεῖ,2,2,0
7685,λέλασται,1,1,0
7686,φαμένη,7,3,4
7687,ἐρύσασ,1,1,0
7688,ἐμμαπέως,2,1,1
7689,ἀπόρουσεν,2,2,0
7690,ἐμμεμαυῖα,1,1,0
7691,φήγινος,1,1,0
7692,ἄξων,4,4,0
7693,βριθοσύνῃ,2,2,0
7694,ἄνδρά,1,1,0
7695,Περίφαντα,2,2,0
7696,ἐξενάριζεν,2,2,0
7697,Ὀχησίου,1,1,0
7698,μιαιφόνος,2,2,0
7699,δῦν,2,2,0
7700,ὄβριμος,10,10,0
7701,κτείνων,3,3,0
7702,ὠρέξαθ,1,1,0
7703,ἑλέσθαι,23,13,10
7704,ὦσεν,3,3,0
7705,ὑπέκ,6,2,4
7706,δίφροιο,11,10,1
7707,ἀϊχθῆναι,1,1,0
7708,δεύτερος,12,12,0
7709,ὡρμᾶτο,1,1,0
7710,ἐπέρεισε,3,2,1
7711,ζωννύσκετο,1,1,0
7712,μίτρῃ,1,1,0
7713,ἔδαψεν,1,1,0
7714,σπάσεν,1,1,0
7715,ὅσσόν,4,4,0
7716,ἐννεάχιλοι,2,2,0
7717,ἐπίαχον,5,5,0
7718,δεκάχιλοι,2,2,0
7719,ξυνάγοντες,2,2,0
7720,δείσαντας,1,1,0
7721,ἔβραχ,1,1,0
7722,οἵη,11,4,7
7723,νεφέων,8,7,1
7724,ἀήρ,3,1,2
7725,καύματος,1,1,0
7726,ἀνέμοιο,22,9,13
7727,δυσαέος,3,2,1
7728,ὀρνυμένοιο,2,2,0
7729,φαίνεθ,2,1,1
7730,νεφέεσσιν,2,1,1
7731,ἀχεύων,11,5,6
7732,δεῖξεν,2,2,0
7733,ὀλοφυρόμενος,9,4,5
7734,ὁρῶν,1,1,0
7735,ῥίγιστα,1,1,0
7736,τετληότες,1,1,0
7737,εἰμέν,10,5,5
7738,ἰότητι,11,3,8
7739,ἄνδρεσσι,12,8,4
7740,μαχόμεσθα,2,2,0
7741,τέκες,1,1,0
7742,ᾗ,42,30,12
7743,ἀήσυλα,1,1,0
7744,μέμηλεν,5,3,2
7745,ἐπιπείθονται,1,1,0
7746,δεδμήμεσθα,1,1,0
7747,ταύτην,4,1,3
7748,ἔπεϊ,1,1,0
7749,προτιβάλλεαι,1,1,0
7750,ἀνιεῖς,1,1,0
7751,ἐγείναο,1,1,0
7752,παῖδ,20,11,9
7753,ὑπερφίαλον,2,1,1
7754,μαργαίνειν,1,1,0
7755,ἀνέηκεν,1,1,0
7756,ὑπήνεικαν,1,1,0
7757,πήματ,4,1,3
7758,αἰνῇσιν,1,1,0
7759,νεκάδεσσιν,1,1,0
7760,ζώς,1,1,0
7761,ἀμενηνός,1,1,0
7762,χαλκοῖο,1,1,0
7763,τυπῇσι,1,1,0
7764,ἀλλοπρόσαλλε,1,1,0
7765,παρεζόμενος,3,1,2
7766,μινύριζε,1,1,0
7767,ἔχουσιν,37,5,32
7768,ἀάσχετον,2,2,0
7769,ἐπιεικτόν,4,3,1
7770,Ἥρης,14,10,4
7771,δάμνημ,1,1,0
7772,κείνης,2,1,1
7773,ἐννεσίῃσιν,1,1,0
7774,ἀνέξομαι,2,1,1
7775,ἄλλου,13,4,9
7776,γένευ,1,1,0
7777,ἀΐδηλος,2,1,1
7778,ἦσθα,10,5,5
7779,ἐνέρτερος,1,1,0
7780,Παιήον,1,1,0
7781,ἀνώγειν,1,1,0
7782,ἰήσασθαι,1,1,0
7783,ὀπός,3,3,0
7784,ἐπειγόμενος,4,2,2
7785,συνέπηξεν,1,1,0
7786,ὑγρόν,8,2,6
7787,περιτρέφεται,1,1,0
7788,κυκόωντι,1,1,0
7789,ἰήσατο,1,1,0
7790,λοῦσεν,5,2,3
7791,χαρίεντα,8,4,4
7792,ἕσσε,4,3,1
7793,νέοντο,2,2,0
7794,παύσασαι,1,1,0
7795,βροτολοιγόν,2,2,0
7796,Ἄρη,1,1,0
7797,ἀνδροκτασιάων,1,1,0
7798,οἰώθη,2,2,0
7799,ἴθυσε,2,2,0
7800,μάχη,11,11,0
7801,ἰθυνομένων,1,1,0
7802,χαλκήρεα,3,2,1
7803,Ξάνθοιο,5,5,0
7804,φάλαγγα,1,1,0
7805,Θρῄκεσσι,1,1,0
7806,Ἐϋσσώρου,1,1,0
7807,Ἀκάμαντ,2,2,0
7808,Ἄξυλον,1,1,0
7809,Τευθρανίδην,1,1,0
7810,Ἀρίσβῃ,1,1,0
7811,φιλέεσκεν,4,2,2
7812,ὁδῷ,8,7,1
7813,οἰκία,17,8,9
7814,ἤρκεσε,6,5,1
7815,ὑπαντιάσας,1,1,0
7816,ἀπηύρα,19,15,4
7817,Καλήσιον,1,1,0
7818,τόθ,11,11,0
7819,ἔσκεν,11,4,7
7820,ὑφηνίοχος,1,1,0
7821,ἐδύτην,3,3,0
7822,Δρῆσον,1,1,0
7823,Ὀφέλτιον,2,2,0
7824,Αἴσηπον,1,1,0
7825,Πήδασον,8,8,0
7826,νύμφη,11,3,8
7827,νηΐς,3,3,0
7828,Ἀβαρβαρέη,1,1,0
7829,τέκ,2,1,1
7830,ἀμύμονι,7,6,1
7831,Βουκολίωνι,1,1,0
7832,Βουκολίων,1,1,0
7833,πρεσβύτατος,1,1,0
7834,σκότιον,1,1,0
7835,ποιμαίνων,1,1,0
7836,ὄεσσι,3,2,1
7837,ὑποκυσαμένη,2,1,1
7838,ὑπέλυσε,3,3,0
7839,φαίδιμα,7,7,0
7840,Μηκιστηϊάδης,1,1,0
7841,Ἀστύαλον,1,1,0
7842,Πιδύτην,1,1,0
7843,Περκώσιον,1,1,0
7844,Τεῦκρος,18,18,0
7845,Ἀρετάονα,1,1,0
7846,Ἄβληρον,1,1,0
7847,Νεστορίδης,8,2,6
7848,Ἔλατον,2,1,1
7849,Σατνιόεντος,2,2,0
7850,ἐϋρρείταο,1,1,0
7851,Φύλακον,1,1,0
7852,φεύγοντ,3,3,0
7853,Μελάνθιον,4,1,3
7854,Ἄδρηστον,3,3,0
7855,ἀτυζομένω,1,1,0
7856,βλαφθέντε,1,1,0
7857,μυρικίνῳ,1,1,0
7858,ἀγκύλον,1,1,0
7859,ἄξαντ,2,2,0
7860,ῥυμῷ,3,3,0
7861,ἐβήτην,1,1,0
7862,ἀτυζόμενοι,4,4,0
7863,φοβέοντο,4,4,0
7864,τροχόν,6,3,3
7865,ἐξεκυλίσθη,2,2,0
7866,στόμα,20,16,4
7867,ἐλίσσετο,1,1,0
7868,ἄξια,3,3,0
7869,ἀφνειοῦ,3,2,1
7870,κειμήλια,15,5,10
7871,χρυσός,10,6,4
7872,πολύκμητός,4,3,1
7873,χαρίσαιτο,3,3,0
7874,πεπύθοιτ,3,3,0
7875,ἔπειθε,2,2,0
7876,ἔμελλε,20,12,8
7877,θεράποντι,2,2,0
7878,καταξέμεν,1,1,0
7879,θέων,20,17,3
7880,κήδεαι,3,2,1
7881,πεποίηται,2,1,1
7882,ὑπεκφύγοι,4,1,3
7883,ἡμετέρας,3,3,0
7884,γαστέρι,6,4,2
7885,κοῦρον,2,1,1
7886,φέροι,12,8,4
7887,φύγοι,7,4,3
7888,ἐξαπολοίατ,1,1,0
7889,ἀκήδεστοι,1,1,0
7890,ἄφαντοι,1,1,0
7891,ἔτρεψεν,1,1,0
7892,αἴσιμα,12,3,9
7893,παρειπών,4,4,0
7894,ὤσατο,1,1,0
7895,ἥρω,3,2,1
7896,ἀνετράπετ,2,2,0
7897,στήθεσι,6,6,0
7898,βάς,3,1,2
7899,ἐξέσπασε,1,1,0
7900,ἐκέκλετο,20,16,4
7901,ἐνάρων,3,3,0
7902,ἐπιβαλλόμενος,1,1,0
7903,μετόπισθε,17,12,5
7904,μιμνέτω,2,2,0
7905,πλεῖστα,8,2,6
7906,κτείνωμεν,1,1,0
7907,συλήσετε,1,1,0
7908,τεθνηῶτας,1,1,0
7909,ἀρηϊφίλων,4,4,0
7910,εἰσανέβησαν,2,2,0
7911,ἀναλκείῃσι,3,3,0
7912,δαμέντες,8,8,0
7913,Ἕλενος,4,4,0
7914,ὔμμι,5,4,1
7915,ἐγκέκλιται,1,1,0
7916,πᾶσαν,33,21,12
7917,ἰθύν,5,2,3
7918,μάχεσθαί,1,1,0
7919,στῆτ,2,2,0
7920,ἐρυκάκετε,1,1,0
7921,ἐποιχόμενοι,2,2,0
7922,φεύγοντας,3,3,0
7923,πεσέειν,3,3,0
7924,ἐποτρύνητον,1,1,0
7925,ἁπάσας,5,3,2
7926,μαχησόμεθ,5,5,0
7927,τειρόμενοί,1,1,0
7928,ἀναγκαίη,2,1,1
7929,ἐπείγει,4,3,1
7930,μητέρι,11,4,7
7931,ξυνάγουσα,1,1,0
7932,γεραιάς,3,3,0
7933,γλαυκώπιδος,3,1,2
7934,οἴξασα,1,1,0
7935,κληῗδι,3,2,1
7936,θύρας,25,6,19
7937,ἱεροῖο,1,1,0
7938,δόμοιο,7,1,6
7939,δοκέει,9,4,5
7940,χαριέστατος,2,2,0
7941,μέγιστος,7,5,2
7942,φίλτατος,12,12,0
7943,γούνασιν,5,4,1
7944,ὑποσχέσθαι,3,3,0
7945,ἤνις,3,3,0
7946,ἠκέστας,3,3,0
7947,ἱερευσέμεν,4,2,2
7948,ἐλεήσῃ,7,6,1
7949,ἄστύ,3,3,0
7950,ἀπόσχῃ,2,2,0
7951,ἱρῆς,3,3,0
7952,μήστωρα,5,5,0
7953,κάρτιστον,3,2,1
7954,Ἀχιλῆά,1,1,0
7955,ἐδείδιμεν,1,1,0
7956,ὄρχαμον,2,1,1
7957,ἐξέμμεναι,1,1,0
7958,δύναται,16,5,11
7959,ἰσοφαρίζειν,1,1,0
7960,κασιγνήτῳ,5,3,2
7961,ὑπεχώρησαν,1,1,0
7962,λῆξαν,1,1,0
7963,φόνοιο,4,2,2
7964,φάν,4,1,3
7965,ἀλεξήσοντα,1,1,0
7966,κατελθέμεν,2,1,1
7967,ἐλέλιχθεν,1,1,0
7968,ὑπέρθυμοι,9,5,4
7969,τηλεκλειτοί,3,3,0
7970,μνήσασθε,10,10,0
7971,βείω,1,1,0
7972,βουλευτῇσι,1,1,0
7973,ἡμετέρῃς,2,2,0
7974,ἀλόχοισι,4,4,0
7975,δαίμοσιν,2,2,0
7976,ἀρήσασθαι,1,1,0
7977,τύπτε,4,3,1
7978,δέρμα,10,4,6
7979,ἄντυξ,1,1,0
7980,πυμάτη,1,1,0
7981,θέεν,3,2,1
7982,ὀμφαλοέσσης,4,4,0
7983,Ἱππολόχοιο,6,6,0
7984,συνίτην,4,4,0
7985,ἰόντε,4,4,0
7986,φέριστε,5,3,2
7987,καταθνητῶν,7,1,6
7988,κυδιανείρῃ,4,4,0
7989,προβέβηκας,2,2,0
7990,ἁπάντων,22,13,9
7991,ἔμεινας,1,1,0
7992,δυστήνων,2,2,0
7993,μένει,16,11,5
7994,ἀντιόωσιν,1,1,0
7995,ἐπουρανίοισι,2,2,0
7996,μαχοίμην,6,4,2
7997,Δρύαντος,1,1,0
7998,Λυκόοργος,4,4,0
7999,ἐπουρανίοισιν,1,1,0
8000,μαινομένοιο,1,1,0
8001,Διωνύσοιο,2,1,1
8002,τιθήνας,1,1,0
8003,σεῦε,2,2,0
8004,ἠγάθεον,1,1,0
8005,Νυσήϊον,1,1,0
8006,θύσθλα,1,1,0
8007,κατέχευαν,1,1,0
8008,Λυκούργου,1,1,0
8009,θεινόμεναι,1,1,0
8010,βουπλῆγι,1,1,0
8011,Διώνυσος,1,1,0
8012,φοβηθείς,2,2,0
8013,δύσεθ,2,2,0
8014,ὑπεδέξατο,3,2,1
8015,κόλπῳ,7,6,1
8016,δειδιότα,2,1,1
8017,ὁμοκλῇ,1,1,0
8018,ὀδύσαντο,2,1,1
8019,ζώοντες,4,1,3
8020,τυφλόν,1,1,0
8021,βροτῶν,44,10,34
8022,ἔδουσιν,13,1,12
8023,ὀλέθρου,6,4,2
8024,πείραθ,4,3,1
8025,ἵκηαι,10,4,6
8026,μεγάθυμε,2,2,0
8027,γενεήν,17,12,5
8028,ἐρεείνεις,6,3,3
8029,φύλλων,6,1,5
8030,γενεή,9,6,3
8031,χέει,6,5,1
8032,τηλεθόωσα,2,1,1
8033,φύει,3,2,1
8034,ἔαρος,2,1,1
8035,ἐπιγίγνεται,1,1,0
8036,ὥρη,10,1,9
8037,ἀπολήγει,4,4,0
8038,δαήμεναι,5,3,2
8039,ἡμετέρην,4,2,2
8040,ἴσασιν,6,3,3
8041,Ἐφύρη,1,1,0
8042,μυχῷ,13,5,8
8043,Σίσυφος,2,2,0
8044,κέρδιστος,1,1,0
8045,Αἰολίδης,1,1,0
8046,Γλαῦκον,4,4,0
8047,τέκεθ,4,4,0
8048,τίκτεν,1,1,0
8049,Βελλεροφόντην,4,4,0
8050,κάλλός,1,1,0
8051,ἠνορέην,1,1,0
8052,ὤπασαν,3,1,2
8053,Προῖτος,1,1,0
8054,μήσατο,5,2,3
8055,ἐδάμασσε,7,3,4
8056,Προίτου,1,1,0
8057,ἐπεμήνατο,1,1,0
8058,Ἄντεια,1,1,0
8059,κρυπταδίῃ,1,1,0
8060,μιγήμεναι,5,5,0
8061,πεῖθ,2,1,1
8062,ἀγαθά,5,3,2
8063,ψευσαμένη,1,1,0
8064,Προῖτον,1,1,0
8065,τεθναίης,1,1,0
8066,Προῖτ,1,1,0
8067,κάκτανε,1,1,0
8068,ἔθελεν,4,4,0
8069,ἐθελούσῃ,3,1,2
8070,ἀλέεινε,5,3,2
8071,σεβάσσατο,2,2,0
8072,πέμπε,13,9,4
8073,Λυκίην,6,6,0
8074,πόρεν,11,5,6
8075,γράψας,1,1,0
8076,πίνακι,1,1,0
8077,πτυκτῷ,1,1,0
8078,θυμοφθόρα,2,1,1
8079,ἠνώγειν,2,1,1
8080,πενθερῷ,1,1,0
8081,πομπῇ,3,1,2
8082,ἷξε,6,4,2
8083,ῥέοντα,1,1,0
8084,εὐρείης,8,5,3
8085,ξείνισσε,1,1,0
8086,ἱέρευσεν,4,2,2
8087,δεκάτη,4,3,1
8088,ἐρέεινε,6,1,5
8089,ᾔτεε,4,2,2
8090,γαμβροῖο,1,1,0
8091,Προίτοιο,1,1,0
8092,φέροιτο,3,3,0
8093,παρεδέξατο,1,1,0
8094,γαμβροῦ,1,1,0
8095,Χίμαιραν,2,2,0
8096,ἀμαιμακέτην,2,2,0
8097,πεφνέμεν,1,1,0
8098,μέσση,2,1,1
8099,χίμαιρα,1,1,0
8100,ἀποπνείουσα,1,1,0
8101,αἰθομένοιο,13,10,3
8102,κατέπεφνε,5,2,3
8103,Σολύμοισι,2,2,0
8104,μαχέσσατο,1,1,0
8105,κυδαλίμοισι,3,2,1
8106,καρτίστην,1,1,0
8107,δύμεναι,4,4,0
8108,κατέπεφνεν,9,3,6
8109,Ἀμαζόνας,1,1,0
8110,ἀντιανείρας,1,1,0
8111,δόλον,16,2,14
8112,κρίνας,7,2,5
8113,φῶτας,11,8,3
8114,εἷσε,7,1,6
8115,Βελλεροφόντης,2,2,0
8116,γίγνωσκε,3,2,1
8117,κατέρυκε,11,4,7
8118,βασιληΐδος,1,1,0
8119,ἥμισυ,11,7,4
8120,Λύκιοι,13,13,0
8121,τάμον,2,2,0
8122,φυταλιῆς,3,3,0
8123,ἔτεκε,2,2,0
8124,τρία,2,1,1
8125,Βελλεροφόντῃ,1,1,0
8126,Ἴσανδρόν,1,1,0
8127,Ἱππόλοχον,2,2,0
8128,Λαοδάμειαν,1,1,0
8129,Λαοδαμείῃ,1,1,0
8130,ἔτεκ,1,1,0
8131,χαλκοκορυστήν,4,4,0
8132,κάπ,3,3,0
8133,Ἀλήϊον,1,1,0
8134,ἀλᾶτο,1,1,0
8135,κατέδων,1,1,0
8136,πάτον,1,1,0
8137,Ἴσανδρον,1,1,0
8138,κατέκτανε,4,2,2
8139,χρυσήνιος,2,1,1
8140,ἔκτα,7,2,5
8141,Ἱππόλοχος,2,2,0
8142,ἐπέτελλεν,9,7,2
8143,ἀριστεύειν,2,2,0
8144,ὑπείροχον,2,2,0
8145,αἰσχυνέμεν,1,1,0
8146,Ἐφύρῃ,1,1,0
8147,εὐρείῃ,15,7,8
8148,ταύτης,5,4,1
8149,εὔχομαι,18,9,9
8150,κατέπηξεν,2,2,0
8151,μειλιχίοισι,11,5,6
8152,πατρώϊός,1,1,0
8153,παλαιός,2,2,0
8154,Οἰνεύς,5,5,0
8155,ξείνισ,1,1,0
8156,ἤματ,4,2,2
8157,ἐρύξας,2,1,1
8158,ξεινήϊα,3,2,1
8159,χρύσεον,15,7,8
8160,κατέλειπον,4,1,3
8161,δώμασ,1,1,0
8162,ἐμοῖσι,8,2,6
8163,Τυδέα,1,1,0
8164,κάλλιφ,2,2,0
8165,Θήβῃσιν,2,2,0
8166,ἀπώλετο,4,1,3
8167,εἰμί,18,4,14
8168,κλειτοί,2,2,0
8169,κτείνειν,6,4,2
8170,πόρῃ,2,1,1
8171,ἐναιρέμεν,3,3,0
8172,δύνηαι,1,1,0
8173,ἐπαμείψομεν,1,1,0
8174,γνῶσιν,1,1,0
8175,ξεῖνοι,8,1,7
8176,πατρώϊοι,2,1,1
8177,φωνήσαντε,3,2,1
8178,ἀΐξαντε,3,3,0
8179,λαβέτην,2,2,0
8180,πιστώσαντο,1,1,0
8181,Γλαύκῳ,2,2,0
8182,ἐξέλετο,4,4,0
8183,ἄμειβε,1,1,0
8184,χρύσεα,4,3,1
8185,χαλκείων,1,1,0
8186,ἑκατόμβοι,1,1,0
8187,ἐννεαβοίων,1,1,0
8188,Σκαιάς,4,4,0
8189,φηγόν,4,4,0
8190,θέον,3,3,0
8191,θύγατρες,5,4,1
8192,εἰρόμεναι,1,1,0
8193,παῖδάς,2,1,1
8194,κασιγνήτους,2,2,0
8195,ἔτας,2,2,0
8196,πόσιας,1,1,0
8197,εὔχεσθαι,6,5,1
8198,πολλῇσι,2,2,0
8199,ἐφῆπτο,2,1,1
8200,ξεστῇς,3,2,1
8201,αἰθούσῃσι,1,1,0
8202,τετυγμένον,9,5,4
8203,πεντήκοντ,3,3,0
8204,ἔνεσαν,3,1,2
8205,θάλαμοι,2,2,0
8206,ξεστοῖο,2,2,0
8207,λίθοιο,3,2,1
8208,δεδμημένοι,5,4,1
8209,κοιμῶντο,2,2,0
8210,μνηστῇς,1,1,0
8211,κουράων,2,1,1
8212,ἔνδοθεν,7,2,5
8213,δώδεκ,2,1,1
8214,τέγεοι,1,1,0
8215,γαμβροί,2,2,0
8216,αἰδοίῃς,3,2,1
8217,ἀλόχοισιν,4,2,2
8218,ἠπιόδωρος,1,1,0
8219,ἐναντίη,5,3,2
8220,ἐσάγουσα,1,1,0
8221,φῦ,11,6,5
8222,θρασύν,14,13,1
8223,τείρουσι,3,3,0
8224,δυσώνυμοι,1,1,0
8225,μαρνάμενοι,4,3,1
8226,ἄκρης,8,6,2
8227,ἀνασχεῖν,1,1,0
8228,μελιηδέα,17,7,10
8229,ἐνείκω,3,1,2
8230,σπείσῃς,2,1,1
8231,καὐτός,3,2,1
8232,ὀνήσεαι,1,1,0
8233,πίῃσθα,1,1,0
8234,κεκμηῶτι,1,1,0
8235,ἀέξει,4,1,3
8236,κέκμηκας,1,1,0
8237,ἀμύνων,8,5,3
8238,σοῖσιν,7,1,6
8239,ἔτῃσι,1,1,0
8240,ἄειρε,3,3,0
8241,μελίφρονα,9,5,4
8242,ἀπογυιώσῃς,1,1,0
8243,λάθωμαι,2,2,0
8244,ἀνίπτοισιν,1,1,0
8245,λείβειν,1,1,0
8246,ἅζομαι,1,1,0
8247,πῃ,19,11,8
8248,λύθρῳ,4,3,1
8249,πεπαλαγμένον,3,1,2
8250,εὐχετάασθαι,4,3,1
8251,ἀγελείης,4,3,1
8252,ἔρχεο,15,7,8
8253,θυέεσσιν,1,1,0
8254,ἀολλίσσασα,1,1,0
8255,ἔστιν,20,6,14
8256,θές,2,1,1
8257,ἔρχευ,11,2,9
8258,Πάριν,3,3,0
8259,μετελεύσομαι,1,1,0
8260,καλέσσω,2,1,1
8261,ἐθέλῃσ,2,1,1
8262,εἰπόντος,2,1,1
8263,κεῖνόν,3,1,2
8264,ἴδοιμι,3,1,2
8265,κατελθόντ,1,1,0
8266,φαίην,2,1,1
8267,φρέν,3,1,2
8268,ἀτέρπου,1,1,0
8269,ὀϊζύος,2,1,1
8270,ἐκλελαθέσθαι,1,1,0
8271,μολοῦσα,1,1,0
8272,μέγαρ,4,1,3
8273,ἀμφιπόλοισι,22,3,19
8274,κέκλετο,9,7,2
8275,ἀόλλισσαν,1,1,0
8276,κατεβήσετο,7,3,4
8277,κηώεντα,3,2,1
8278,ἔσάν,1,1,0
8279,παμποίκιλα,1,1,0
8280,Σιδονίων,3,1,2
8281,ἤγαγε,13,4,9
8282,Σιδονίηθεν,1,1,0
8283,ἐπιπλώς,1,1,0
8284,ἀνήγαγεν,3,2,1
8285,εὐπατέρειαν,2,1,1
8286,ἕν,8,3,5
8287,ἀειραμένη,2,1,1
8288,Ἑκάβη,5,5,0
8289,δῶρον,13,5,8
8290,ποικίλμασιν,2,1,1
8291,ἀστήρ,7,5,2
8292,ἀπέλαμπεν,3,2,1
8293,νείατος,2,1,1
8294,μετεσσεύοντο,1,1,0
8295,γεραιαί,1,1,0
8296,Ἀθήνης,6,4,2
8297,τῇσι,11,7,4
8298,ὤϊξε,2,2,0
8299,καλλιπάρῃος,6,4,2
8300,Κισσηΐς,1,1,0
8301,ἔθηκαν,6,1,5
8302,ἱέρειαν,1,1,0
8303,ὀλολυγῇ,1,1,0
8304,εὐχομένη,2,2,0
8305,κούρῃ,24,7,17
8306,ἐρυσίπτολι,1,1,0
8307,ἆξον,1,1,0
8308,πρηνέα,2,2,0
8309,ἱερεύσομεν,2,1,1
8310,ἐλεήσῃς,1,1,0
8311,ἀνένευε,3,2,1
8312,ἔτευξε,1,1,0
8313,τέκτονες,4,3,1
8314,ἐποίησαν,5,1,4
8315,αὐλήν,7,2,5
8316,ἐγγύθι,11,7,4
8317,ἑνδεκάπηχυ,2,2,0
8318,πάροιθε,7,3,4
8319,λάμπετο,3,3,0
8320,χρύσεος,4,3,1
8321,θέε,4,3,1
8322,πόρκης,2,2,0
8323,ἕποντα,1,1,0
8324,ἁφόωντα,1,1,0
8325,δμῳῇσι,7,2,5
8326,γυναιξίν,15,1,14
8327,περικλυτά,4,4,0
8328,φθινύθουσι,4,1,3
8329,πτόλεμός,4,4,0
8330,ἀμφιδέδηε,1,1,0
8331,μαχέσαιο,1,1,0
8332,μεθιέντα,3,3,0
8333,θέρηται,1,1,0
8334,ἄκουσον,9,2,7
8335,χόλῳ,3,3,0
8336,νεμέσσι,1,1,0
8337,ἥμην,3,1,2
8338,ἄχεϊ,6,2,4
8339,προτραπέσθαι,1,1,0
8340,παρειποῦσ,1,1,0
8341,μαλακοῖς,4,1,3
8342,ὅρμησ,1,1,0
8343,λώϊον,3,1,2
8344,ἔσσεσθαι,5,3,2
8345,ἐπαμείβεται,1,1,0
8346,ἐπίμεινον,5,2,3
8347,Ἀρήϊα,2,1,1
8348,μέτειμι,1,1,0
8349,κιχήσεσθαι,3,2,1
8350,δᾶερ,2,2,0
8351,κακομηχάνου,2,2,0
8352,ὀκρυοέσσης,1,1,0
8353,ὄφελ,3,3,0
8354,οἴχεσθαι,2,1,1
8355,προφέρουσα,2,1,1
8356,κακή,13,4,9
8357,θύελλα,11,2,9
8358,κῦμ,5,1,4
8359,ἀπόερσε,1,1,0
8360,τεκμήραντο,1,1,0
8361,ὤφελλον,2,2,0
8362,ἀμείνονος,1,1,0
8363,νέμεσίν,1,1,0
8364,ἔμπεδοι,2,1,1
8365,ἔσσονται,5,3,2
8366,ἐπαυρήσεσθαι,1,1,0
8367,εἴσελθε,2,1,1
8368,ἕζεο,1,1,0
8369,ἀμφιβέβηκεν,2,1,1
8370,ἄτης,4,3,1
8371,μόρον,14,5,9
8372,πελώμεθ,1,1,0
8373,ἀοίδιμοι,1,1,0
8374,ἐπαμύνω,2,2,0
8375,Τρώεσσ,5,4,1
8376,ποθήν,2,1,1
8377,ἀπεόντος,1,1,0
8378,ὄρνυθι,4,3,1
8379,ἔντοσθεν,15,5,10
8380,καταμάρψῃ,1,1,0
8381,ἐλεύσομαι,5,3,2
8382,ὑπότροπος,2,1,1
8383,ἵξομαι,1,1,0
8384,δαμόωσιν,1,1,0
8385,δόμους,16,4,12
8386,ναιετάοντας,10,3,7
8387,Ἀνδρομάχην,1,1,0
8388,λευκώλενον,3,2,1
8389,ξύν,9,4,5
8390,παιδί,26,9,17
8391,ἀμφιπόλῳ,2,1,1
8392,ἐϋπέπλῳ,1,1,0
8393,ἐφεστήκει,2,2,0
8394,γοόωσά,2,2,0
8395,μυρομένη,2,2,0
8396,ἔνδον,54,16,38
8397,τέτμεν,2,1,1
8398,ἄκοιτιν,18,8,10
8399,οὐδόν,25,1,24
8400,δμῳῇσιν,10,2,8
8401,δμῳαί,19,4,15
8402,νημερτέα,11,1,10
8403,μυθήσασθε,1,1,0
8404,Ἀνδρομάχη,6,6,0
8405,μεγάροιο,48,4,44
8406,γαλόων,3,3,0
8407,εἰνατέρων,3,3,0
8408,ἐξοίχεται,2,2,0
8409,ἄλλαι,19,4,15
8410,ἐϋπλόκαμοι,2,2,0
8411,ἱλάσκονται,2,2,0
8412,ὀτρηρή,1,1,0
8413,ταμίη,18,2,16
8414,ἄνωγας,6,3,3
8415,ἀληθέα,7,1,6
8416,τείρεσθαι,1,1,0
8417,ἐπειγομένη,3,2,1
8418,ἀφικάνει,1,1,0
8419,μαινομένῃ,1,1,0
8420,φέρει,17,9,8
8421,τιθήνη,1,1,0
8422,ἀπέσσυτο,2,2,0
8423,δώματος,8,4,4
8424,εὖτε,6,5,1
8425,διερχόμενος,1,1,0
8426,διεξίμεναι,1,1,0
8427,πολύδωρος,3,2,1
8428,θέουσα,6,4,2
8429,Ἠετίων,2,2,0
8430,Πλάκῳ,3,3,0
8431,ὑληέσσῃ,3,3,0
8432,Θήβῃ,4,3,1
8433,Ὑποπλακίῃ,1,1,0
8434,Κιλίκεσσ,1,1,0
8435,ἀνάσσων,7,5,2
8436,ἔχεθ,2,2,0
8437,ἀμφίπολος,14,2,12
8438,ἀταλάφρονα,1,1,0
8439,Ἑκτορίδην,1,1,0
8440,ἀγαπητόν,3,1,2
8441,ἀλίγκιον,1,1,0
8442,ἀστέρι,1,1,0
8443,καλῷ,4,2,2
8444,καλέεσκε,1,1,0
8445,Ἀστυάνακτ,1,1,0
8446,ἐρύετο,1,1,0
8447,δαιμόνιε,3,2,1
8448,φθίσει,2,2,0
8449,ἐλεαίρεις,4,3,1
8450,νηπίαχον,1,1,0
8451,ἄμμορον,2,2,0
8452,χήρη,1,1,0
8453,ἔσομαι,4,1,3
8454,κατακτανέουσιν,1,1,0
8455,ἐφορμηθέντες,1,1,0
8456,ἀφαμαρτούσῃ,1,1,0
8457,θαλπωρή,3,2,1
8458,ἐπίσπῃς,2,2,0
8459,πατέρ,28,5,23
8460,ἁμόν,2,2,0
8461,ἀπέκτανε,3,3,0
8462,πέρσεν,3,3,0
8463,Κιλίκων,1,1,0
8464,ναιετάουσαν,1,1,0
8465,ὑψίπυλον,3,3,0
8466,ἔκτανεν,5,3,2
8467,Ἠετίωνα,1,1,0
8468,κατέκηε,1,1,0
8469,δαιδαλέοισιν,2,2,0
8470,σῆμ,4,4,0
8471,ἔχεεν,1,1,0
8472,πτελέας,1,1,0
8473,ἐφύτευσαν,1,1,0
8474,νύμφαι,8,1,7
8475,ὀρεστιάδες,1,1,0
8476,κασίγνητοι,3,1,2
8477,βουσίν,9,5,4
8478,εἰλιπόδεσσι,2,2,0
8479,ἀργεννῇς,2,1,1
8480,βασίλευεν,2,1,1
8481,ἤγαγ,2,2,0
8482,κτεάτεσσιν,9,2,7
8483,κασίγνητος,4,4,0
8484,θαλερός,2,2,0
8485,παρακοίτης,1,1,0
8486,ἐλέαιρε,7,3,4
8487,μίμν,2,2,0
8488,ὀρφανικόν,2,2,0
8489,θήῃς,3,2,1
8490,χήρην,4,4,0
8491,στῆσον,1,1,0
8492,ἐρινεόν,5,4,1
8493,ἀμβατός,2,1,1
8494,ἐπίδρομον,1,1,0
8495,ἐλθόντες,22,5,17
8496,ἐπειρήσανθ,1,1,0
8497,ἀγακλυτόν,5,1,4
8498,Ἀτρεΐδας,1,1,0
8499,πού,40,17,23
8500,θεοπροπίων,1,1,0
8501,ἐποτρύνει,9,5,4
8502,αἰδέομαι,9,4,5
8503,Τρῳάδας,3,3,0
8504,ἑλκεσιπέπλους,3,3,0
8505,ἀλυσκάζω,1,1,0
8506,μάθον,1,1,0
8507,ἀρνύμενος,2,1,1
8508,αὐτῆς,40,17,23
8509,Ἑκάβης,2,2,0
8510,κασιγνήτων,3,1,2
8511,πέσοιεν,2,2,0
8512,δακρυόεσσαν,2,2,0
8513,ἄγηται,1,1,0
8514,ἐλεύθερον,4,4,0
8515,Ἄργει,2,1,1
8516,ἐοῦσα,9,7,2
8517,ἄλλης,2,2,0
8518,ὑφαίνοις,1,1,0
8519,φορέοις,1,1,0
8520,Μεσσηΐδος,1,1,0
8521,Ὑπερείης,1,1,0
8522,ἀεκαζομένη,1,1,0
8523,κρατερή,7,6,1
8524,ἐπικείσετ,1,1,0
8525,εἴπῃσιν,5,3,2
8526,χέουσαν,1,1,0
8527,ἀριστεύεσκε,5,5,0
8528,ἀμφεμάχοντο,2,2,0
8529,χήτεϊ,2,2,0
8530,τοιοῦδ,4,2,2
8531,ἀμύνειν,9,8,1
8532,δούλιον,3,1,2
8533,τεθνηῶτα,8,7,1
8534,χυτή,2,2,0
8535,καλύπτοι,1,1,0
8536,γέ,12,2,10
8537,σῆς,10,4,6
8538,βοῆς,4,1,3
8539,σοῦ,4,2,2
8540,ἑλκηθμοῖο,1,1,0
8541,ὀρέξατο,2,2,0
8542,τιθήνης,2,2,0
8543,φίλου,11,5,6
8544,ὄψιν,1,1,0
8545,ἀτυχθείς,1,1,0
8546,λόφον,8,7,1
8547,ἱππιοχαίτην,1,1,0
8548,ἀκροτάτης,4,4,0
8549,νεύοντα,1,1,0
8550,νοήσας,8,4,4
8551,ἐγέλασσε,4,3,1
8552,κόρυθ,4,4,0
8553,παμφανόωσαν,3,3,0
8554,κύσε,6,2,4
8555,πῆλέ,1,1,0
8556,ἄλλοισίν,5,2,3
8557,δότε,5,1,4
8558,ἀριπρεπέα,3,3,0
8559,ἀνιόντα,3,1,2
8560,ἔναρα,9,9,0
8561,βροτόεντα,8,8,0
8562,κτείνας,8,4,4
8563,χαρείη,1,1,0
8564,κηώδεϊ,1,1,0
8565,δακρυόεν,1,1,0
8566,γελάσασα,1,1,0
8567,ἀκαχίζεο,1,1,0
8568,προϊάψει,1,1,0
8569,πεφυγμένον,3,2,1
8570,κόμιζε,3,1,2
8571,ἠλακάτην,4,1,3
8572,ἐποίχεσθαι,6,1,5
8573,Ἰλίῳ,3,3,0
8574,ἐγγεγάασιν,3,2,1
8575,ἐντροπαλιζομένη,1,1,0
8576,ἀμφιπόλους,2,1,1
8577,τῇσιν,8,5,3
8578,πάσῃσιν,1,1,0
8579,ἐνῶρσεν,1,1,0
8580,ἔφαντο,6,4,2
8581,ὑπότροπον,3,1,2
8582,ἵξεσθαι,7,5,2
8583,προφυγόντα,2,2,0
8584,δήθυνεν,1,1,0
8585,ὑψηλοῖσι,5,2,3
8586,δόμοισιν,14,5,9
8587,σεύατ,4,3,1
8588,κραιπνοῖσι,8,7,1
8589,στατός,2,2,0
8590,ἀκοστήσας,2,2,0
8591,δεσμόν,9,3,6
8592,ἀπορρήξας,3,2,1
8593,θείῃ,3,2,1
8594,κροαίνων,2,2,0
8595,εἰωθώς,2,2,0
8596,λούεσθαι,2,2,0
8597,ἐϋρρεῖος,5,5,0
8598,ὤμοις,8,3,5
8599,ἀΐσσονται,3,3,0
8600,ἀγλαΐηφι,2,2,0
8601,ῥίμφά,3,3,0
8602,γοῦνα,13,9,4
8603,ἤθεα,3,2,1
8604,νομόν,5,4,1
8605,παμφαίνων,3,3,0
8606,ἠλέκτωρ,2,2,0
8607,ἐβεβήκει,7,7,0
8608,καγχαλόων,2,2,0
8609,ἔτετμεν,3,1,2
8610,στρέψεσθ,1,1,0
8611,χώρης,3,2,1
8612,ὀάριζε,1,1,0
8613,ἠθεῖ,3,3,0
8614,ἐσσύμενον,4,3,1
8615,κατερύκω,1,1,0
8616,δηθύνων,1,1,0
8617,ἐναίσιμον,3,1,2
8618,ἐκέλευες,3,2,1
8619,ἐναίσιμος,3,1,2
8620,ἀτιμήσειε,1,1,0
8621,ἄλκιμός,1,1,0
8622,μεθιεῖς,1,1,0
8623,ἄχνυται,5,4,1
8624,αἴσχε,1,1,0
8625,ἀκούω,2,1,1
8626,δώῃ,20,14,6
8627,αἰειγενέτῃσι,2,1,1
8628,στήσασθαι,1,1,0
8629,Τροίης,14,5,9
8630,ἐλάσαντας,1,1,0
8631,πυλέων,2,2,0
8632,ἐξέσσυτο,4,1,3
8633,κί,3,2,1
8634,ἀμφότεροι,7,7,0
8635,ναύτῃσιν,1,1,0
8636,ἐελδομένοισιν,2,1,1
8637,κάμωσιν,1,1,0
8638,ἐϋξέστῃς,3,1,2
8639,ἐλάτῃσι,1,1,0
8640,ἐλαύνοντες,1,1,0
8641,καμάτῳ,14,8,6
8642,ἐελδομένοισι,2,1,1
8643,φανήτην,1,1,0
8644,Ἀρηϊθόοιο,2,2,0
8645,Ἄρνῃ,1,1,0
8646,ναιετάοντα,2,1,1
8647,Μενέσθιον,1,1,0
8648,κορυνήτης,1,1,0
8649,Ἀρηΐθοος,1,1,0
8650,Φυλομέδουσα,1,1,0
8651,Ἠϊονῆα,1,1,0
8652,αὐχέν,9,8,1
8653,στεφάνης,2,2,0
8654,εὐχάλκου,1,1,0
8655,λύντο,3,3,0
8656,Ἰφίνοον,1,1,0
8657,Δεξιάδην,1,1,0
8658,ἐπιάλμενον,1,1,0
8659,βούλετο,5,4,1
8660,νίκην,24,23,1
8661,συναντέσθην,1,1,0
8662,ἦλθες,11,2,9
8663,ἑτεραλκέα,6,5,1
8664,δῷς,1,1,0
8665,ἀπολλυμένους,1,1,0
8666,παύσωμεν,1,1,0
8667,δηϊοτῆτα,7,7,0
8668,σήμερον,10,7,3
8669,εὕρωσιν,1,1,0
8670,διαπραθέειν,3,3,0
8671,ἑκάεργε,3,3,0
8672,μέμονας,5,5,0
8673,καταπαυσέμεν,3,3,0
8674,ὄρσωμεν,1,1,0
8675,προκαλέσσεται,1,1,0
8676,οἰόθεν,2,2,0
8677,ἀγασσάμενοι,9,8,1
8678,χαλκοκνήμιδες,1,1,0
8679,ἐπόρσειαν,1,1,0
8680,παῖς,11,3,8
8681,σύνθετο,3,1,2
8682,ἐφήνδανε,1,1,0
8683,μητιόωσι,3,3,0
8684,ἀτάλαντε,2,2,0
8685,θανεῖν,1,1,0
8686,ἐπισπεῖν,7,2,5
8687,ὄπ,7,3,4
8688,ἑζέσθην,4,2,2
8689,ὄρνισιν,1,1,0
8690,αἰγυπιοῖσι,1,1,0
8691,τερπόμενοι,6,3,3
8692,εἵατο,4,4,0
8693,πυκναί,2,2,0
8694,κορύθεσσι,3,3,0
8695,φρίξ,1,1,0
8696,μελάνει,1,1,0
8697,τεκμαίρεται,1,1,0
8698,εὔπυργον,1,1,0
8699,ἕλητε,1,1,0
8700,δαμείετε,1,1,0
8701,ἀριστῆες,9,7,2
8702,ἴτω,11,9,2
8703,πρόμος,5,4,1
8704,μυθέομαι,3,3,0
8705,ἄμμ,1,1,0
8706,ἐπιμάρτυρος,1,1,0
8707,ἕλῃ,5,4,1
8708,ταναήκεϊ,4,3,1
8709,συλήσας,2,2,0
8710,φερέτω,1,1,0
8711,σῶμα,3,2,1
8712,λελάχωσι,3,3,0
8713,θανόντα,5,4,1
8714,ἕλω,1,1,0
8715,σύλησας,1,1,0
8716,οἴσω,3,1,2
8717,κρεμόω,1,1,0
8718,ἀποδώσω,2,2,0
8719,ταρχύσωσι,1,1,0
8720,σῆμά,7,3,4
8721,χεύωσιν,1,1,0
8722,πλατεῖ,2,1,1
8723,Ἑλλησπόντῳ,2,1,1
8724,εἴπῃσι,9,3,6
8725,πολυκλήϊδι,3,2,1
8726,πλέων,4,2,2
8727,κατατεθνηῶτος,3,3,0
8728,ἀριστεύοντα,3,3,0
8729,αἴδεσθεν,1,1,0
8730,ἀνήνασθαι,4,1,3
8731,δεῖσαν,1,1,0
8732,ὑποδέχθαι,1,1,0
8733,ἀνίστατο,9,7,2
8734,νείκει,2,2,0
8735,ἀπειλητῆρες,1,1,0
8736,λώβη,4,2,2
8737,αἰνόθεν,1,1,0
8738,γένοισθε,1,1,0
8739,ἥμενοι,9,3,6
8740,ἀκήριοι,4,2,2
8741,ἀκλεές,1,1,0
8742,τῷδε,8,6,2
8743,θωρήξομαι,3,3,0
8744,νίκης,9,8,1
8745,πείρατ,10,4,6
8746,ἔχονται,6,3,3
8747,κατεδύσετο,2,2,0
8748,τελευτή,3,3,0
8749,παλάμῃσιν,4,4,0
8750,ἀναΐξαντες,3,1,2
8751,δεξιτερῆς,2,2,0
8752,ὀνόμαζεν,21,5,16
8753,ἀφραίνεις,1,1,0
8754,διοτρεφές,37,20,17
8755,ἀφροσύνης,1,1,0
8756,σχέο,2,2,0
8757,κηδόμενός,1,1,0
8758,ἀμείνονι,1,1,0
8759,Πριαμίδῃ,6,6,0
8760,στυγέουσι,4,4,0
8761,ἔρριγ,1,1,0
8762,ἀναστήσουσιν,1,1,0
8763,ἀδειής,1,1,0
8764,μόθου,1,1,0
8765,ἔστ,21,8,13
8766,ἀκόρητος,1,1,0
8767,ἀσπασίως,11,5,6
8768,γόνυ,5,5,0
8769,κάμψειν,2,2,0
8770,φύγῃσι,4,4,0
8771,δηΐου,5,5,0
8772,παρέπεισεν,3,3,0
8773,γηθόσυνοι,2,2,0
8774,οἰμώξειε,1,1,0
8775,Πηλεύς,15,15,0
8776,εἰρόμενος,1,1,0
8777,ἐγήθεεν,1,1,0
8778,ἐρέων,6,4,2
8779,τόκον,3,3,0
8780,πτώσσοντας,1,1,0
8781,ἀκούσαι,2,2,0
8782,ἀείραι,1,1,0
8783,μελέων,12,6,6
8784,ἡβῷμ,1,1,0
8785,Κελάδοντι,1,1,0
8786,ἀγρόμενοι,3,3,0
8787,Πύλιοί,1,1,0
8788,ἐγχεσίμωροι,1,1,0
8789,Φειᾶς,1,1,0
8790,τείχεσσιν,1,1,0
8791,Ἰαρδάνου,2,1,1
8792,Ἐρευθαλίων,1,1,0
8793,ἵστατο,10,5,5
8794,δίου,2,1,1
8795,Ἀρηϊθόου,1,1,0
8796,ἐπίκλησιν,6,5,1
8797,κορυνήτην,1,1,0
8798,κίκλησκον,2,1,1
8799,καλλίζωνοί,1,1,0
8800,τόξοισι,2,2,0
8801,μαχέσκετο,1,1,0
8802,σιδηρείῃ,1,1,0
8803,κορύνῃ,1,1,0
8804,ῥήγνυσκε,1,1,0
8805,δόλῳ,14,4,10
8806,κράτεΐ,1,1,0
8807,στεινωπῷ,2,2,0
8808,κορύνη,1,1,0
8809,χραῖσμε,1,1,0
8810,σιδηρείη,1,1,0
8811,ὑποφθάς,1,1,0
8812,περόνησεν,1,1,0
8813,ἐρείσθη,3,3,0
8814,φόρει,2,1,1
8815,ἐγήρα,3,2,1
8816,Ἐρευθαλίωνι,1,1,0
8817,ἐτρόμεον,1,1,0
8818,πολυτλήμων,2,1,1
8819,θάρσεϊ,1,1,0
8820,νεώτατος,3,2,1
8821,ἔσκον,1,1,0
8822,μήκιστον,1,1,0
8823,κτάνον,3,3,0
8824,πολλός,5,3,2
8825,παρήορος,3,3,0
8826,ἡβώοιμι,5,3,2
8827,ἀντήσειε,1,1,0
8828,ὑμέων,5,2,3
8829,μέμαθ,1,1,0
8830,νείκεσσ,1,1,0
8831,Αἴαντες,4,4,0
8832,θοῦριν,6,6,0
8833,ἐπιειμένοι,3,3,0
8834,ὀπάων,4,4,0
8835,Ἀνδραιμονίδης,1,1,0
8836,κλήρῳ,4,3,1
8837,πεπάλασθε,1,1,0
8838,λάχῃσιν,1,1,0
8839,ὀνήσει,4,3,1
8840,ὀνήσεται,2,2,0
8841,κλῆρον,1,1,0
8842,ἐσημήναντο,1,1,0
8843,λαχεῖν,1,1,0
8844,πολυχρύσοιο,3,2,1
8845,Μυκήνης,4,2,2
8846,ἔθορε,3,2,1
8847,κυνέης,4,4,0
8848,ἁπάντῃ,3,2,1
8849,δεῖξ,2,1,1
8850,γιγνώσκοντες,1,1,0
8851,ἀπηνήναντο,1,1,0
8852,ἐπιγράψας,2,2,0
8853,ὑπέσχεθε,1,1,0
8854,ἔμβαλεν,2,2,0
8855,κλήρου,1,1,0
8856,γήθησε,5,1,4
8857,πόδ,1,1,0
8858,χαίρω,4,2,2
8859,δοκέω,1,1,0
8860,τόφρ,10,8,2
8861,εὔχεσθε,1,1,0
8862,πύθωνται,1,1,0
8863,ἀμφαδίην,3,2,1
8864,δείδιμεν,3,2,1
8865,ἀέκοντα,11,4,7
8866,δίηται,5,5,0
8867,ἰδρείῃ,2,2,0
8868,νήϊδά,1,1,0
8869,ἔλπομαι,5,5,0
8870,Σαλαμῖνι,1,1,0
8871,τραφέμεν,3,2,1
8872,Αἴαντι,6,6,0
8873,ἀρέσθαι,12,10,2
8874,Ἕκτορά,4,4,0
8875,φιλέεις,1,1,0
8876,ὄπασσον,3,2,1
8877,κορύσσετο,3,3,0
8878,νώροπι,3,3,0
8879,χροΐ,42,17,25
8880,ἕσσατο,2,2,0
8881,θυμοβόρου,1,1,0
8882,μένεϊ,4,1,3
8883,μειδιόων,2,2,0
8884,βλοσυροῖσι,1,1,0
8885,προσώπασι,1,1,0
8886,νέρθε,7,6,1
8887,ποσσίν,20,14,6
8888,βιβάς,4,3,1
8889,κραδάων,4,3,1
8890,ἐγήθεον,1,1,0
8891,αἰνός,6,5,1
8892,ὑπήλυθε,3,2,1
8893,Ἕκτορί,1,1,0
8894,πάτασσεν,1,1,0
8895,εἶχεν,5,4,1
8896,ὑποτρέσαι,1,1,0
8897,ἀναδῦναι,1,1,0
8898,προκαλέσσατο,3,3,0
8899,χάρμῃ,4,4,0
8900,ἑπταβόειον,5,5,0
8901,Τυχίος,1,1,0
8902,σκυτοτόμων,1,1,0
8903,ἐποίησεν,3,2,1
8904,αἰόλον,3,3,0
8905,ζατρεφέων,3,1,2
8906,ὄγδοον,1,1,0
8907,ἀπειλήσας,7,5,2
8908,εἴσεαι,5,2,3
8909,μετέασι,1,1,0
8910,Ἀχιλλῆα,7,7,0
8911,ῥηξήνορα,2,2,0
8912,ἀντιάσαιμεν,1,1,0
8913,πτολέμοιο,18,18,0
8914,Αἶαν,11,10,1
8915,Τελαμώνιε,4,4,0
8916,κοίρανε,4,4,0
8917,ἀφαυροῦ,1,1,0
8918,πειρήτιζε,2,1,1
8919,οἶδεν,10,2,8
8920,ἀνδροκτασίας,1,1,0
8921,δεξιά,1,1,0
8922,νωμῆσαι,1,1,0
8923,βῶν,1,1,0
8924,ἀζαλέην,1,1,0
8925,μόθον,4,4,0
8926,σταδίῃ,5,5,0
8927,μέλπεσθαι,1,1,0
8928,τοιοῦτον,10,2,8
8929,ὀπιπεύσας,1,1,0
8930,ἀμφαδόν,6,2,4
8931,ὄγδοος,1,1,0
8932,πτύχας,5,4,1
8933,δαΐζων,5,4,1
8934,ἑβδομάτῃ,3,1,2
8935,ῥινῷ,1,1,0
8936,σχέτο,2,2,0
8937,ἐκσπασσαμένω,1,1,0
8938,ἔπεσον,8,5,3
8939,νύξεν,3,3,0
8940,ἐπάλμενος,7,6,1
8941,ἤλυθεν,22,7,15
8942,ἐγχείη,5,5,0
8943,στυφέλιξε,3,3,0
8944,τμήδην,1,1,0
8945,ἐπῆλθε,7,3,4
8946,ἀνεκήκιεν,2,2,0
8947,ἀπέληγε,2,2,0
8948,ἀναχασσάμενος,4,2,2
8949,λίθον,6,2,4
8950,κείμενον,18,12,6
8951,μέλανα,3,2,1
8952,τρηχύν,2,2,0
8953,ἐπομφάλιον,1,1,0
8954,περιήχησεν,1,1,0
8955,μείζονα,5,2,3
8956,ἀείρας,25,14,11
8957,ἧκ,2,1,1
8958,ἔαξε,3,3,0
8959,μυλοειδέϊ,1,1,0
8960,πέτρῳ,3,3,0
8961,βλάψε,2,1,1
8962,ἐξετανύσθη,1,1,0
8963,ἐγχριμφθείς,2,2,0
8964,ὤρθωσεν,1,1,0
8965,ξιφέεσσ,2,2,0
8966,αὐτοσχεδόν,8,7,1
8967,οὐτάζοντο,2,2,0
8968,Ταλθύβιός,1,1,0
8969,σκῆπτρα,2,2,0
8970,πεπνυμένα,11,2,9
8971,φίλω,1,1,0
8972,πολεμίζετε,1,1,0
8973,μάχεσθον,3,3,0
8974,τελέθει,3,2,1
8975,πιθέσθαι,4,3,1
8976,Ἰδαῖ,2,2,0
8977,κελεύετε,3,2,1
8978,ἀρχέτω,1,1,0
8979,πείσομαι,3,2,1
8980,πινυτήν,2,1,1
8981,παυσώμεσθα,1,1,0
8982,διακρίνῃ,3,3,0
8983,ἑτέροισί,3,3,0
8984,ἐϋφρήνῃς,1,1,0
8985,σούς,3,3,0
8986,ἐϋφρανέω,1,1,0
8987,εὐχόμεναι,1,1,0
8988,δύσονται,1,1,0
8989,ἀγῶνα,11,9,2
8990,δώομεν,3,2,1
8991,ἐμαρνάσθην,2,2,0
8992,πέρι,38,15,23
8993,θυμοβόροιο,3,3,0
8994,ἀρθμήσαντε,1,1,0
8995,κολεῷ,3,2,1
8996,ἐϋτμήτῳ,2,2,0
8997,τελαμῶνι,4,4,0
8998,διακρινθέντε,2,2,0
8999,ὅμαδον,2,1,1
9000,ἀελπτέοντες,1,1,0
9001,σόον,3,3,0
9002,κεχαρηότα,1,1,0
9003,νίκῃ,1,1,0
9004,κλισίῃσιν,12,12,0
9005,ἄρσενα,4,1,3
9006,δέρον,3,1,2
9007,ἕπον,4,2,2
9008,διέχευαν,4,1,3
9009,ἅπαντα,29,10,19
9010,ἐπισταμένως,14,3,11
9011,πεῖράν,3,2,1
9012,ὄπτησάν,2,2,0
9013,νώτοισιν,2,1,1
9014,διηνεκέεσσι,2,1,1
9015,γέραιρεν,2,1,1
9016,πάμπρωτος,2,2,0
9017,ὑφαίνειν,3,2,1
9018,ἤρχετο,9,2,7
9019,ἐϋφρονέων,8,5,3
9020,τεθνᾶσι,3,2,1
9021,ἐΰρροον,1,1,0
9022,Σκάμανδρον,3,3,0
9023,ἐσκέδασ,1,1,0
9024,ὀξύς,2,2,0
9025,ψυχαί,6,2,4
9026,κατῆλθον,1,1,0
9027,ἠοῖ,15,6,9
9028,παῦσαι,3,1,2
9029,κυκλήσομεν,1,1,0
9030,ἡμιόνοισιν,1,1,0
9031,κατακήομεν,1,1,0
9032,ἄγῃ,1,1,0
9033,πυρήν,9,6,3
9034,χεύομεν,1,1,0
9035,ἐξαγαγόντες,5,3,2
9036,ἄκριτον,4,2,2
9037,πεδίου,7,6,1
9038,δείμομεν,1,1,0
9039,πύργους,5,5,0
9040,εἶλαρ,5,4,1
9041,ποιήσομεν,1,1,0
9042,ἱππηλασίη,2,2,0
9043,ὁδός,14,4,10
9044,ἔκτοσθεν,8,4,4
9045,ὀρύξομεν,1,1,0
9046,τάφρον,19,18,1
9047,ἵππον,15,12,3
9048,ἐρυκάκοι,1,1,0
9049,ἐπῄνησαν,4,4,0
9050,τετρηχυῖα,1,1,0
9051,δεῦτ,3,2,1
9052,ψευσάμενοι,1,1,0
9053,ἐκτελέεσθαι,2,2,0
9054,ῥέξομεν,4,2,2
9055,Ἀντῆνορ,1,1,0
9056,τοῦδε,6,5,1
9057,σπουδῆς,3,2,1
9058,ὤλεσαν,5,2,3
9059,μεθ,28,14,14
9060,ἱπποδάμοις,3,3,0
9061,ἀγορεύσω,14,2,12
9062,ἀπόφημι,1,1,0
9063,ὅσσ,22,11,11
9064,ἀγόμην,1,1,0
9065,ἡμέτερον,18,6,12
9066,οἴκοθεν,5,5,0
9067,ἄλλ,22,7,15
9068,θεόφιν,7,5,2
9069,μήστωρ,6,4,2
9070,δόρπον,26,8,18
9071,φυλακῆς,3,3,0
9072,ἐγρήγορθε,2,2,0
9073,ἠῶθεν,20,7,13
9074,εἰπέμεν,7,2,5
9075,ὄρωρε,3,3,0
9076,εἰπέμεναι,3,1,2
9077,ἐθέλωσι,4,2,2
9078,κήομεν,2,2,0
9079,κλύον,13,7,6
9080,εἵλοντο,3,2,1
9081,τελέεσσιν,1,1,0
9082,θεράποντας,2,1,1
9083,πρύμνῃ,4,2,2
9084,μέσσοισιν,4,3,1
9085,μετεφώνεεν,3,2,1
9086,ἠπύτα,1,1,0
9087,ἠνώγει,8,4,4
9088,Πρίαμός,1,1,0
9089,ὅσ,14,6,8
9090,ἠγάγετο,4,3,1
9091,Τροίηνδ,3,3,0
9092,ὤφελλ,3,1,2
9093,κουριδίην,3,3,0
9094,φησιν,3,3,0
9095,κέλονται,5,2,3
9096,ἠνώγεον,1,1,0
9097,ἐθέλητε,2,2,0
9098,μήτ,12,6,6
9099,κτήματ,20,1,19
9100,δεχέσθω,1,1,0
9101,μήθ,1,1,0
9102,γνωτόν,6,5,1
9103,νήπιός,5,2,3
9104,Ἰδαῖον,2,2,0
9105,ἀκούεις,3,1,2
9106,ὑποκρίνονται,2,1,1
9107,ἐπιανδάνει,1,1,0
9108,νεκροῖσιν,1,1,0
9109,κατακαιέμεν,1,1,0
9110,φειδώ,3,1,2
9111,κατατεθνηώτων,9,3,6
9112,γίγνετ,11,9,2
9113,θάνωσι,1,1,0
9114,μειλισσέμεν,1,1,0
9115,ἴστω,11,5,6
9116,ἐρίγδουπος,7,4,3
9117,ἀνέσχεθε,2,2,0
9118,ἄψορρον,8,4,4
9119,ἕατ,1,1,0
9120,Δαρδανίωνες,2,2,0
9121,ποτιδέγμενοι,8,2,6
9122,ἀπέειπε,3,2,1
9123,ὁπλίζοντο,2,2,0
9124,νέκυάς,4,3,1
9125,ἕτεροι,4,4,0
9126,ἐϋσσέλμων,2,1,1
9127,ὀτρύνοντο,1,1,0
9128,νέκυς,6,5,1
9129,Ἠέλιος,11,5,6
9130,προσέβαλλεν,2,1,1
9131,ἀρούρας,5,3,2
9132,ἀκαλαρρείταο,2,1,1
9133,βαθυρρόου,4,2,2
9134,Ὠκεανοῖο,20,12,8
9135,εἰσανιών,1,1,0
9136,ἤντεον,1,1,0
9137,διαγνῶναι,1,1,0
9138,χαλεπῶς,2,2,0
9139,ὕδατι,13,6,7
9140,νίζοντες,1,1,0
9141,βρότον,5,4,1
9142,αἱματόεντα,9,8,1
9143,θερμά,12,7,5
9144,χέοντες,8,3,5
9145,ἀμαξάων,1,1,0
9146,ἐπάειραν,1,1,0
9147,εἴα,13,7,6
9148,κλαίειν,5,2,3
9149,πυρκαϊῆς,4,4,0
9150,ἐπινήνεον,2,2,0
9151,ἀχνύμενοι,10,4,6
9152,πρήσαντες,2,2,0
9153,ἀμφιλύκη,1,1,0
9154,τῆμος,8,4,4
9155,κριτός,1,1,0
9156,ποίεον,2,2,0
9157,ἔδειμαν,2,2,0
9158,ἐνεποίεον,1,1,0
9159,ὄρυξαν,1,1,0
9160,σκόλοπας,4,4,0
9161,κατέπηξαν,1,1,0
9162,ἀστεροπητῇ,1,1,0
9163,θηεῦντο,4,2,2
9164,ἐνοσίχθων,40,23,17
9165,ἐνίψει,2,1,1
9166,ὁράᾳς,4,3,1
9167,ἐτειχίσσαντο,1,1,0
9168,κλειτάς,2,2,0
9169,ἐπιλήσονται,1,1,0
9170,ἥρῳ,2,1,1
9171,Λαομέδοντι,2,2,0
9172,πολίσσαμεν,1,1,0
9173,ἀθλήσαντε,1,1,0
9174,ἐννοσίγαι,5,4,1
9175,εὐρυσθενές,3,2,1
9176,ἄλλός,1,1,0
9177,δείσειε,1,1,0
9178,νόημα,13,3,10
9179,ἀφαυρότερος,1,1,0
9180,οἴχωνται,3,2,1
9181,ἀναρρήξας,1,1,0
9182,καταχεῦαι,1,1,0
9183,ἠϊόνα,2,2,0
9184,ψαμάθοισι,6,3,3
9185,καλύψαι,2,2,0
9186,ἀμαλδύνηται,1,1,0
9187,δύσετο,4,3,1
9188,τετέλεστο,4,2,2
9189,βουφόνεον,1,1,0
9190,Λήμνοιο,2,2,0
9191,παρέσταν,1,1,0
9192,ἄγουσαι,1,1,0
9193,προέηκεν,7,1,6
9194,Ἰησονίδης,3,3,0
9195,Εὔνηος,2,2,0
9196,ἔτεχ,3,2,1
9197,Ὑψιπύλη,1,1,0
9198,Ἰήσονι,1,1,0
9199,χωρίς,7,1,6
9200,μέθυ,17,2,15
9201,χίλια,1,1,0
9202,μέτρα,7,3,4
9203,οἰνίζοντο,2,2,0
9204,ῥινοῖς,1,1,0
9205,αὐτῇσι,3,1,2
9206,βόεσσιν,4,3,1
9207,ἀνδραπόδεσσι,1,1,0
9208,τίθεντο,2,2,0
9209,θάλειαν,2,1,1
9210,δαίνυντο,3,2,1
9211,παννύχιος,4,1,3
9212,κτυπέων,1,1,0
9213,χλωρόν,12,4,8
9214,δεπάων,1,1,0
9215,χέον,2,1,1
9216,λεῖψαι,2,1,1
9217,κοιμήσαντ,1,1,0
9218,κροκόπεπλος,4,4,0
9219,ἐκίδνατο,2,2,0
9220,τερπικέραυνος,5,3,2
9221,ἄκουον,6,3,3
9222,πάντές,4,4,0
9223,πᾶσαί,4,3,1
9224,θέαιναι,4,3,1
9225,μήτέ,7,7,0
9226,θήλεια,1,1,0
9227,ἄρσην,1,1,0
9228,πειράτω,2,2,0
9229,διακέρσαι,1,1,0
9230,αἰνεῖτ,1,1,0
9231,τελευτήσω,2,1,1
9232,ἀρηγέμεν,1,1,0
9233,πληγείς,2,2,0
9234,ῥίψω,1,1,0
9235,Τάρταρον,1,1,0
9236,ἠερόεντα,8,4,4
9237,τῆλε,19,13,6
9238,βάθιστον,1,1,0
9239,βέρεθρον,1,1,0
9240,σιδήρειαί,1,1,0
9241,οὐδός,3,2,1
9242,ἔνερθ,1,1,0
9243,Ἀΐδεω,2,1,1
9244,γνώσετ,1,1,0
9245,κάρτιστος,3,3,0
9246,πειρήσασθε,2,1,1
9247,εἴδετε,1,1,0
9248,σειρήν,4,2,2
9249,κρεμάσαντες,1,1,0
9250,ἐξάπτεσθε,1,1,0
9251,ἐρύσαιτ,1,1,0
9252,κάμοιτε,1,1,0
9253,ἐρύσσαι,2,2,0
9254,ἐρύσαιμ,1,1,0
9255,θαλάσσῃ,4,3,1
9256,ῥίον,4,3,1
9257,δησαίμην,1,1,0
9258,μετήορα,2,2,0
9259,εἴμ,6,4,2
9260,κρατερῶς,13,11,2
9261,ἀγόρευσεν,1,1,0
9262,ἡμέτερε,4,1,3
9263,ὕπατε,4,1,3
9264,κρειόντων,5,2,3
9265,ὀλοφυρόμεθ,2,2,0
9266,ἀναπλήσαντες,4,4,0
9267,ὄλωνται,5,5,0
9268,ἀφεξόμεθ,2,2,0
9269,ὑποθησόμεθ,3,3,0
9270,ὀδυσσαμένοιο,2,2,0
9271,τεοῖο,2,2,0
9272,πρόφρονι,4,3,1
9273,ἤπιος,11,4,7
9274,τιτύσκετο,7,7,0
9275,χαλκόποδ,2,2,0
9276,ὠκυπέτα,2,2,0
9277,χρυσέῃσιν,2,2,0
9278,ἐθείρῃσιν,2,2,0
9279,κομόωντε,2,2,0
9280,ἔδυνε,5,5,0
9281,γέντο,5,5,0
9282,ἱμάσθλην,4,3,1
9283,ἐπεβήσετο,7,6,1
9284,Ἴδην,6,6,0
9285,πολυπίδακα,3,3,0
9286,θηρῶν,4,4,0
9287,Γάργαρον,2,2,0
9288,θυήεις,3,2,1
9289,λύσας,2,2,0
9290,ἔχευεν,10,3,7
9291,ῥίμφα,16,11,5
9292,παυρότεροι,4,3,1
9293,χρειοῖ,1,1,0
9294,παίδων,14,7,7
9295,ἀέξετο,5,2,3
9296,βέλε,5,5,0
9297,ἥπτετο,5,5,0
9298,ἀμφιβεβήκει,3,2,1
9299,ἐτίταινε,3,2,1
9300,τάλαντα,16,12,4
9301,ἐτίθει,14,8,6
9302,κῆρε,2,2,0
9303,τανηλεγέος,8,2,6
9304,μέσσα,2,2,0
9305,ῥέπε,2,2,0
9306,αἴσιμον,8,6,2
9307,ἄερθεν,1,1,0
9308,ἔκτυπε,4,3,1
9309,δαιόμενον,2,2,0
9310,σέλας,10,9,1
9311,θάμβησαν,3,2,1
9312,μίμνειν,8,5,3
9313,μενέτην,2,2,0
9314,ἔμιμνε,4,4,0
9315,οὖρος,10,4,6
9316,ἐτείρετο,2,2,0
9317,κορυφήν,4,1,3
9318,πρῶται,4,4,0
9319,τρίχες,5,3,2
9320,κρανίῳ,1,1,0
9321,ἐμπεφύασι,1,1,0
9322,καίριόν,2,2,0
9323,ἀνέπαλτο,1,1,0
9324,ἐγκέφαλον,1,1,0
9325,δῦ,4,4,0
9326,ἐτάραξε,3,1,2
9327,κυλινδόμενος,5,4,1
9328,ἵπποιο,1,1,0
9329,παρηορίας,1,1,0
9330,ἀπέταμνε,1,1,0
9331,ἀΐσσων,3,3,0
9332,ἰωχμόν,2,2,0
9333,φορέοντες,1,1,0
9334,ὄλεσσεν,3,2,1
9335,ἐβόησεν,2,2,0
9336,ἐποτρύνων,12,8,4
9337,φεύγεις,2,2,0
9338,φεύγοντι,4,3,1
9339,πήξῃ,1,1,0
9340,ἀπώσομεν,2,1,1
9341,ἐσάκουσε,1,1,0
9342,πολύτλας,42,5,37
9343,Νηληϊάδαο,4,3,1
9344,μαχηταί,1,1,0
9345,λέλυται,2,2,0
9346,χαλεπόν,16,5,11
9347,ἠπεδανός,2,1,1
9348,βραδέες,1,1,0
9349,κομείτων,1,1,0
9350,τώδε,2,1,1
9351,ἰθύνομεν,2,2,0
9352,Νεστορέας,1,1,0
9353,κομείτην,1,1,0
9354,ἴφθιμοι,5,4,1
9355,Σθένελός,2,2,0
9356,ἀγαπήνωρ,1,1,0
9357,βήτην,11,7,4
9358,λάβ,3,3,0
9359,μεμαῶτος,1,1,0
9360,ἀφάμαρτεν,4,4,0
9361,Θηβαίου,7,1,6
9362,Ἠνιοπῆα,1,1,0
9363,ἡνί,3,3,0
9364,ὑπερώησαν,3,3,0
9365,πύκασε,3,3,0
9366,ἡνιόχοιο,6,6,0
9367,εἴασε,5,3,2
9368,ἑταίρου,17,15,2
9369,δευέσθην,1,1,0
9370,σημάντορος,2,2,0
9371,Ἰφιτίδην,1,1,0
9372,Ἀρχεπτόλεμον,2,2,0
9373,ὠκυπόδων,3,2,1
9374,ἐπέβησε,1,1,0
9375,λοιγός,2,2,0
9376,ἀμήχανα,2,2,0
9377,σήκασθεν,1,1,0
9378,ἄρνες,3,2,1
9379,βροντήσας,1,1,0
9380,ἀφῆκ,1,1,0
9381,ἀργῆτα,1,1,0
9382,κεραυνόν,5,2,3
9383,φλόξ,6,5,1
9384,θεείου,4,2,2
9385,καιομένοιο,3,2,1
9386,καταπτήτην,1,1,0
9387,γιγνώσκεις,2,2,0
9388,ἕπετ,6,4,2
9389,ἐθέλῃσι,10,6,4
9390,εἰρύσσαιτο,2,1,1
9391,φήσει,2,2,0
9392,φοβεύμενος,1,1,0
9393,ἀπειλήσει,1,1,0
9394,ἀνάλκιδα,8,8,0
9395,πείσονται,3,2,1
9396,βάλες,2,2,0
9397,θαλερούς,2,2,0
9398,παρακοίτας,1,1,0
9399,φύγαδε,2,2,0
9400,βέλεα,6,5,1
9401,στονόεντα,5,3,2
9402,χέοντο,2,2,0
9403,τίον,2,2,0
9404,ταχύπωλοι,2,2,0
9405,ἕδρῃ,2,2,0
9406,κρέασίν,2,2,0
9407,πλείοις,2,2,0
9408,ἀτιμήσουσι,2,1,1
9409,τέτυξο,1,1,0
9410,ἔρρε,2,1,1
9411,γλήνη,1,1,0
9412,εἴξαντος,1,1,0
9413,πύργων,10,10,0
9414,ἡμετέρων,4,1,3
9415,ἐπιβήσεαι,1,1,0
9416,δαίμονα,2,2,0
9417,δώσω,32,16,16
9418,στρέψαι,2,2,0
9419,ἐναντίβιον,12,10,2
9420,Ἰδαίων,10,10,0
9421,ὀρέων,21,14,7
9422,κτύπε,1,1,0
9423,τιθείς,1,1,0
9424,κατένευσε,6,4,2
9425,Δαναοῖσί,1,1,0
9426,νήπιοι,11,6,5
9427,μηχανόωντο,4,2,2
9428,ἀβλήχρ,1,1,0
9429,οὐδενόσωρα,1,1,0
9430,ἐρύξει,6,4,2
9431,ὑπερθορέονται,1,1,0
9432,ὀρυκτήν,4,4,0
9433,γένωμαι,6,3,3
9434,μνημοσύνη,1,1,0
9435,γενέσθω,4,1,3
9436,ἐνιπρήσω,1,1,0
9437,κτείνω,1,1,0
9438,ἀτυζομένους,1,1,0
9439,καπνοῦ,5,2,3
9440,Ξάνθέ,2,2,0
9441,Πόδαργε,1,1,0
9442,Αἴθων,2,1,1
9443,Λάμπέ,1,1,0
9444,δῖε,6,5,1
9445,κομιδήν,1,1,0
9446,ἀποτίνετον,1,1,0
9447,προτέροισι,3,1,2
9448,πυρόν,5,2,3
9449,οἶνόν,2,2,0
9450,ἐγκεράσασα,1,1,0
9451,πιεῖν,3,1,2
9452,ἐφομαρτεῖτον,2,2,0
9453,σπεύδετον,2,2,0
9454,λάβωμεν,1,1,0
9455,Νεστορέην,1,1,0
9456,ἵκει,12,5,7
9457,κανόνας,1,1,0
9458,δαιδάλεον,3,2,1
9459,ἐελποίμην,2,2,0
9460,αὐτονυχί,1,1,0
9461,ἐπιβησέμεν,1,1,0
9462,σείσατο,1,1,0
9463,εἰνί,5,2,3
9464,θρόνῳ,4,3,1
9465,ἐλέλιξε,2,1,1
9466,Ποσειδάωνα,3,2,1
9467,ὀλοφύρεται,4,4,0
9468,Αἰγάς,3,2,1
9469,ἀνάγουσι,1,1,0
9470,βούλεο,1,1,0
9471,ἀρωγοί,5,4,1
9472,ἀπώσασθαι,5,4,1
9473,ἐρυκέμεν,4,4,0
9474,ἀκάχοιτο,2,2,0
9475,καθήμενος,14,3,11
9476,Ἴδῃ,2,2,0
9477,ἀπτοεπές,1,1,0
9478,ἡμέας,27,7,20
9479,πύργου,7,7,0
9480,τάφρος,5,5,0
9481,ἔεργε,4,3,1
9482,πλῆθεν,1,1,0
9483,εἴλει,3,1,2
9484,ἔδωκε,34,19,15
9485,ἐνέπρησεν,2,2,0
9486,κηλέῳ,7,5,2
9487,θῆκ,8,6,2
9488,ποιπνύσαντι,1,1,0
9489,ὀτρῦναι,3,1,2
9490,μεγακήτεϊ,3,3,0
9491,μεσσάτῳ,2,2,0
9492,γεγωνέμεν,2,2,0
9493,ἀμφοτέρωσε,3,3,0
9494,Τελαμωνιάδαο,8,7,1
9495,ἔσχατα,2,2,0
9496,εἴρυσαν,3,3,0
9497,ἠνορέῃ,4,3,1
9498,πίσυνοι,2,2,0
9499,κάρτεϊ,5,3,2
9500,ἤϋσεν,8,7,1
9501,διαπρύσιον,7,7,0
9502,γεγωνώς,6,6,0
9503,εὐχωλαί,1,1,0
9504,φάμεν,5,2,3
9505,ὁπότ,15,7,8
9506,κενεαυχέες,1,1,0
9507,ἠγοράασθε,1,1,0
9508,ἔσθοντες,1,1,0
9509,ὀρθοκραιράων,5,4,1
9510,ἐπιστεφέας,2,1,1
9511,οἴνοιο,13,5,8
9512,ἄνθ,1,1,0
9513,διηκοσίων,1,1,0
9514,στήσεσθ,1,1,0
9515,ἑνός,8,5,3
9516,ἄξιοί,1,1,0
9517,εἰμεν,12,6,6
9518,ἐνιπρήσει,1,1,0
9519,ὑπερμενέων,4,2,2
9520,τῇδ,3,2,1
9521,ἄασας,1,1,0
9522,ἀπηύρας,1,1,0
9523,παρελθέμεν,1,1,0
9524,ἔρρων,3,3,0
9525,δημόν,7,6,1
9526,ἱέμενος,6,2,4
9527,ἔασον,4,3,1
9528,ὑπεκφυγέειν,2,1,1
9529,ἀλύξαι,7,3,4
9530,δάμνασθαι,2,2,0
9531,ὀλοφύρατο,4,2,2
9532,χέοντα,5,3,2
9533,αἰετόν,2,2,0
9534,τελειότατον,2,2,0
9535,νεβρόν,4,3,1
9536,ὀνύχεσσι,5,3,2
9537,ταχείης,3,2,1
9538,βωμῷ,2,1,1
9539,κάββαλε,2,1,1
9540,πανομφαίῳ,1,1,0
9541,ῥέζεσκον,3,1,2
9542,ὄρνις,14,8,6
9543,θόρον,3,3,0
9544,ἐόντων,15,4,11
9545,εὔξατο,4,1,3
9546,σχέμεν,1,1,0
9547,τάφρου,3,3,0
9548,ἐξελάσαι,3,2,1
9549,Φραδμονίδην,1,1,0
9550,Ἀγέλαον,2,2,0
9551,φύγαδ,3,3,0
9552,μεταστρεφθέντι,2,2,0
9553,εἴνατος,1,1,0
9554,παλίντονα,2,2,0
9555,σάκεϊ,5,5,0
9556,βεβλήκοι,1,1,0
9557,δύσκεν,1,1,0
9558,Αἴανθ,4,3,1
9559,κρύπτασκε,1,1,0
9560,Ὀρσίλοχον,2,1,1
9561,Ὄρμενον,2,2,0
9562,Ὀφελέστην,2,2,0
9563,Δαίτορά,1,1,0
9564,Λυκοφόντην,1,1,0
9565,Πολυαιμονίδην,1,1,0
9566,Ἀμοπάονα,1,1,0
9567,Μελάνιππον,5,5,0
9568,ἐπασσυτέρους,3,3,0
9569,πέλασε,3,3,0
9570,τόξου,11,3,8
9571,κρατεροῦ,3,2,1
9572,ὀλέκοντα,3,3,0
9573,Τεῦκρε,2,2,0
9574,γένηαι,3,2,1
9575,Τελαμῶνι,1,1,0
9576,κομίσσατο,2,1,1
9577,τηλόθ,5,2,3
9578,ἐϋκλείης,1,1,0
9579,ἐπίβησον,1,1,0
9580,πρεσβήϊον,1,1,0
9581,χερί,3,3,0
9582,θήσω,4,2,2
9583,τρίποδ,6,5,1
9584,αὐτοῖσιν,5,4,1
9585,γυναῖχ,1,1,0
9586,ὁμόν,3,3,0
9587,εἰσαναβαίνοι,1,1,0
9588,ὀτρύνεις,2,2,0
9589,ὅση,4,2,2
9590,δύναμίς,5,3,2
9591,πάρεστι,4,2,2
9592,παύομαι,2,1,1
9593,ὠσάμεθ,1,1,0
9594,ἐναίρω,1,1,0
9595,προέηκα,2,2,0
9596,τανυγλώχινας,1,1,0
9597,ὀϊστούς,4,2,2
9598,πῆχθεν,1,1,0
9599,ἀρηϊθόων,3,3,0
9600,κύνα,3,3,0
9601,λυσσητῆρα,1,1,0
9602,νευρῆφιν,5,4,1
9603,ἴαλλεν,3,2,1
9604,ἀφάμαρθ,1,1,0
9605,Γοργυθίωνα,1,1,0
9606,ἐΰν,2,1,1
9607,Αἰσύμηθεν,1,1,0
9608,ὀπυιομένη,1,1,0
9609,καλή,10,5,5
9610,Καστιάνειρα,1,1,0
9611,θεῇσι,3,2,1
9612,μήκων,1,1,0
9613,ἑτέρωσε,8,5,3
9614,κήπῳ,1,1,0
9615,βριθομένη,1,1,0
9616,νοτίῃσί,1,1,0
9617,εἰαρινῇσιν,1,1,0
9618,ἤμυσε,2,2,0
9619,πήληκι,3,3,0
9620,βαρυνθέν,1,1,0
9621,ἅμαρτε,5,4,1
9622,παρέσφηλεν,1,1,0
9623,ἡνιοχῆα,3,3,0
9624,ἱέμενον,4,1,3
9625,Κεβριόνην,5,5,0
9626,ἐκέλευσεν,15,5,10
9627,θόρε,4,4,0
9628,παμφανόωντος,2,2,0
9629,Τεύκρου,3,3,0
9630,αὐερύοντα,1,1,0
9631,κληΐς,2,2,0
9632,ἀποέργει,2,1,1
9633,στῆθός,2,1,1
9634,λίθῳ,1,1,0
9635,νάρκησε,1,1,0
9636,ἀμέλησε,3,3,0
9637,περίβη,2,2,0
9638,ὑποδύντε,3,3,0
9639,Μηκιστεύς,2,2,0
9640,Ἐχίοιο,2,2,0
9641,Ἀλάστωρ,2,2,0
9642,φερέτην,2,2,0
9643,βαρέα,8,4,4
9644,στενάχοντα,11,6,5
9645,τάφροιο,3,3,0
9646,σθένεϊ,11,11,0
9647,βλεμεαίνων,4,4,0
9648,κύων,10,3,7
9649,συός,5,4,1
9650,λέοντος,8,6,2
9651,ἅπτηται,2,1,1
9652,κατόπισθε,6,1,5
9653,ποσίν,30,14,16
9654,ταχέεσσι,7,6,1
9655,ἰσχία,2,2,0
9656,γλουτούς,1,1,0
9657,ἑλισσόμενόν,1,1,0
9658,δοκεύει,4,3,1
9659,ὤπαζε,1,1,0
9660,ἀποκτείνων,3,3,0
9661,ὀπίστατον,2,2,0
9662,ἔβησαν,9,7,2
9663,φεύγοντες,10,10,0
9664,δάμεν,5,4,1
9665,ἐρητύοντο,4,3,1
9666,ἀλλήλοισί,2,2,0
9667,κεκλόμενοι,5,5,0
9668,ἀνίσχοντες,2,2,0
9669,εὐχετόωντο,9,4,5
9670,ἀμφιπεριστρώφα,1,1,0
9671,Γοργοῦς,1,1,0
9672,βροτολοιγοῦ,1,1,0
9673,κεκαδησόμεθ,1,1,0
9674,ὑστάτιόν,1,1,0
9675,ῥιπῇ,1,1,0
9676,ἀνεκτῶς,2,1,1
9677,ὀλέσειε,2,1,1
9678,φθίμενος,1,1,0
9679,οὑμός,1,1,0
9680,ἀγαθῇσι,2,1,1
9681,ἀλιτρός,3,2,1
9682,μενέων,1,1,0
9683,ἀπερωεύς,1,1,0
9684,μέμνηται,4,1,3
9685,πολλάκις,3,2,1
9686,σώεσκον,1,1,0
9687,Εὐρυσθῆος,3,3,0
9688,ἀέθλων,12,2,10
9689,κλαίεσκε,1,1,0
9690,ἐπαλεξήσουσαν,1,1,0
9691,προΐαλλεν,1,1,0
9692,ᾔδε,3,1,2
9693,πευκαλίμῃσιν,1,1,0
9694,πυλάρταο,3,2,1
9695,προὔπεμψεν,1,1,0
9696,Ἐρέβευς,2,1,1
9697,ἄξοντα,1,1,0
9698,ὑπεξέφυγε,1,1,0
9699,ὕδατος,10,5,5
9700,αἰπά,2,2,0
9701,στυγέει,1,1,0
9702,ἐξήνυσε,1,1,0
9703,ἔκυσσε,2,1,1
9704,γενείου,3,2,1
9705,τιμῆσαι,2,2,0
9706,πτολίπορθον,6,4,2
9707,γλαυκώπιδα,1,1,0
9708,σά,13,5,8
9709,νῶϊν,24,13,11
9710,ἐπέντυε,1,1,0
9711,καταδῦσα,1,1,0
9712,γηθήσει,1,1,0
9713,προφανέντε,3,3,0
9714,κορέει,2,2,0
9715,δημῷ,7,5,2
9716,σάρκεσσι,2,2,0
9717,τοῖσίν,4,2,2
9718,χώσατ,1,1,0
9719,Ἶριν,5,5,0
9720,χρυσόπτερον,2,2,0
9721,ἀγγελέουσαν,2,2,0
9722,Ἶρι,6,6,0
9723,ταχεῖα,4,4,0
9724,τρέπε,4,2,2
9725,συνοισόμεθα,1,1,0
9726,πτόλεμον,1,1,0
9727,γυιώσω,1,1,0
9728,αὐτάς,8,6,2
9729,βαλέω,1,1,0
9730,δεκάτους,2,2,0
9731,περιτελλομένους,2,2,0
9732,ἐνιαυτούς,3,3,0
9733,ἀπαλθήσεσθον,2,2,0
9734,μάρπτῃσι,2,2,0
9735,κεραυνός,4,4,0
9736,ἰδῇ,1,1,0
9737,νεμεσίζομαι,2,1,1
9738,χολοῦμαι,1,1,0
9739,ἔωθεν,2,2,0
9740,ἐνικλᾶν,2,2,0
9741,ἀελλόπος,3,3,0
9742,ἀγγελέουσα,7,4,3
9743,πρώτῃσιν,1,1,0
9744,πολυπτύχου,4,4,0
9745,ἀντομένη,2,2,0
9746,μέματον,2,2,0
9747,ἐάᾳ,1,1,0
9748,ἐπαμυνέμεν,1,1,0
9749,ἠπείλησε,2,2,0
9750,τελέει,4,2,2
9751,γυιώσειν,1,1,0
9752,ἄξειν,4,3,1
9753,ἰδῇς,1,1,0
9754,γλαυκῶπι,2,1,1
9755,μάχηαι,1,1,0
9756,νεμεσίζεται,2,1,1
9757,χολοῦται,1,1,0
9758,αἰνοτάτη,1,1,0
9759,κύον,7,5,2
9760,ἀδεές,3,2,1
9761,τολμήσεις,1,1,0
9762,ἀεῖραι,1,1,0
9763,ἐῶ,1,1,0
9764,πτολεμίζειν,4,4,0
9765,ἀποφθίσθω,1,1,0
9766,βιώτω,1,1,0
9767,τύχῃ,2,2,0
9768,δικαζέτω,1,1,0
9769,φωνήσασα,10,8,2
9770,κατέδησαν,5,3,2
9771,ἀμβροσίῃσι,1,1,0
9772,κάπῃσιν,1,1,0
9773,ἐνώπια,4,2,2
9774,χρυσέοισιν,2,2,0
9775,κλισμοῖσι,4,3,1
9776,κάθιζον,2,2,0
9777,μίγδ,1,1,0
9778,τετιημέναι,1,1,0
9779,ἐΰτροχον,7,7,0
9780,δίωκε,3,3,0
9781,ἐξίκετο,3,2,1
9782,θώκους,1,1,0
9783,ἐννοσίγαιος,14,11,3
9784,βωμοῖσι,1,1,0
9785,λῖτα,2,1,1
9786,θρόνον,10,4,6
9787,πελεμίζετ,1,1,0
9788,Ὄλυμπος,2,2,0
9789,οἶαι,2,1,1
9790,τετίησθον,1,1,0
9791,θην,9,7,2
9792,κάμετόν,1,1,0
9793,ὀλλῦσαι,1,1,0
9794,ἔθεσθε,1,1,0
9795,πάντως,3,1,2
9796,ἄαπτοι,3,3,0
9797,τρέψειαν,1,1,0
9798,ἰδεῖν,4,2,2
9799,πολέμοιό,1,1,0
9800,μέρμερα,5,5,0
9801,ὑμετέρων,4,2,2
9802,πληγέντε,1,1,0
9803,κεραυνῷ,9,2,7
9804,ἵκεσθον,1,1,0
9805,ἠοῦς,3,3,0
9806,ὀλλύντ,1,1,0
9807,ἀποπαύσεται,1,1,0
9808,ὄρθαι,1,1,0
9809,ναῦφι,3,3,0
9810,ποδώκεα,10,10,0
9811,πρύμνῃσι,3,3,0
9812,στείνει,2,1,1
9813,αἰνοτάτῳ,1,1,0
9814,Πατρόκλοιο,21,20,1
9815,θανόντος,12,9,3
9816,θέσφατόν,3,1,2
9817,χωομένης,1,1,0
9818,νείατα,1,1,0
9819,πόντοιο,5,3,2
9820,Ἰάπετός,1,1,0
9821,αὐγῇς,1,1,0
9822,Ὑπερίονος,4,1,3
9823,Ἠελίοιο,13,1,12
9824,τέρποντ,3,1,2
9825,ἀνέμοισι,5,3,2
9826,βαθύς,1,1,0
9827,Τάρταρος,1,1,0
9828,ἀφίκηαι,4,2,2
9829,ἀλωμένη,1,1,0
9830,σκυζομένης,1,1,0
9831,ἀλέγω,3,2,1
9832,κύντερον,4,1,3
9833,ἔπεσ,9,6,3
9834,Ὠκεανῷ,3,1,2
9835,ἕλκον,6,3,3
9836,ζείδωρον,8,2,6
9837,ἄρουραν,14,6,8
9838,ἀέκουσιν,1,1,0
9839,ἀσπασίη,1,1,0
9840,τρίλλιστος,1,1,0
9841,ἐπήλυθε,8,2,6
9842,ἀγαγών,2,1,1
9843,καθαρῷ,4,3,1
9844,διεφαίνετο,3,2,1
9845,χῶρος,5,3,2
9846,ὀλέσας,5,1,4
9847,ἐσάωσε,6,4,2
9848,δόρπά,2,2,0
9849,ἐφοπλισόμεσθα,2,2,0
9850,λύσαθ,1,1,0
9851,ὑπέξ,2,1,1
9852,βάλλετ,2,1,1
9853,ἐδωδήν,4,1,3
9854,ἄξεσθε,1,1,0
9855,οἰνίζεσθε,1,1,0
9856,σῖτόν,3,2,1
9857,μεγάρων,14,2,12
9858,ξύλα,12,5,7
9859,λέγεσθε,1,1,0
9860,μέσφ,1,1,0
9861,ἠριγενείης,3,1,2
9862,καίωμεν,1,1,0
9863,πυρά,7,7,0
9864,ἵκῃ,1,1,0
9865,ὁρμήσωνται,1,1,0
9866,ἀσπουδί,3,3,0
9867,ἐπιβαῖεν,1,1,0
9868,τούτων,7,1,6
9869,οἴκοθι,3,1,2
9870,πέσσῃ,1,1,0
9871,στυγέῃσι,1,1,0
9872,ἱπποδάμοισι,3,3,0
9873,ἀγγελλόντων,1,1,0
9874,πρωθήβας,1,1,0
9875,πολιοκροτάφους,1,1,0
9876,θεοδμήτων,1,1,0
9877,θηλύτεραι,2,1,1
9878,ἑκάστη,7,3,4
9879,καιόντων,2,2,0
9880,φυλακή,1,1,0
9881,λόχος,2,1,1
9882,εἰσέλθῃσι,1,1,0
9883,ἀπεόντων,1,1,0
9884,μεγαλήτορες,5,4,1
9885,ὑγιής,1,1,0
9886,εἰρημένος,1,1,0
9887,ἐξελάαν,2,1,1
9888,ἐνθένδε,3,2,1
9889,κηρεσσιφορήτους,1,1,0
9890,φυλάξομεν,1,1,0
9891,πρῶϊ,4,3,1
9892,ὑπηοῖοι,3,3,0
9893,θωρηχθέντες,8,8,0
9894,εἴσομαι,5,4,1
9895,ἀπώσεται,1,1,0
9896,δῃώσας,3,3,0
9897,φέρωμαι,1,1,0
9898,αὔριον,10,6,4
9899,ἀρετήν,12,5,7
9900,διαείσεται,1,1,0
9901,μείνῃ,1,1,0
9902,κείσεται,1,1,0
9903,οὐτηθείς,1,1,0
9904,ἠελίου,6,4,2
9905,ἀνιόντος,3,2,1
9906,ἀγήρως,3,1,2
9907,ἤματα,54,14,40
9908,τιοίμην,2,2,0
9909,τίετ,2,2,0
9910,ἡμέρη,3,2,1
9911,κελάδησαν,3,3,0
9912,ἱδρώοντας,2,1,1
9913,ἱμάντεσσι,1,1,0
9914,ἄξοντο,1,1,0
9915,λέγοντο,2,2,0
9916,κνίσην,2,2,0
9917,ἄνεμοι,6,3,3
9918,φρονέοντες,7,4,3
9919,εἴατο,2,2,0
9920,καίετο,6,5,1
9921,ἄστρα,5,3,2
9922,σελήνην,3,3,0
9923,νήνεμος,1,1,0
9924,αἰθήρ,3,3,0
9925,ἔφανεν,2,2,0
9926,σκοπιαί,2,2,0
9927,πρώονες,2,2,0
9928,ἄκροι,2,2,0
9929,νάπαι,2,2,0
9930,ὑπερράγη,2,2,0
9931,ἄσπετος,7,5,2
9932,γέγηθε,2,1,1
9933,μεσηγύ,5,5,0
9934,Ἰλιόθι,4,3,1
9935,χίλι,2,2,0
9936,σέλᾳ,2,1,1
9937,ἐΰθρονον,4,1,3
9938,Ἠῶ,15,3,12
9939,φυλακάς,3,3,0
9940,θεσπεσίη,3,1,2
9941,φύζα,1,1,0
9942,φόβου,3,2,1
9943,κρυόεντος,1,1,0
9944,ἑταίρη,1,1,0
9945,πένθεϊ,4,3,1
9946,ἀτλήτῳ,1,1,0
9947,βεβολήατο,1,1,0
9948,ὀρίνετον,2,1,1
9949,ἰχθυόεντα,13,3,10
9950,Βορέης,7,3,4
9951,Θρῄκηθεν,2,2,0
9952,ἄητον,2,2,0
9953,ἄμυδις,15,10,5
9954,κορθύεται,1,1,0
9955,παρέξ,17,6,11
9956,φῦκος,1,1,0
9957,ἐδαΐζετο,2,2,0
9958,βεβολημένος,2,1,1
9959,κλήδην,1,1,0
9960,κικλήσκειν,1,1,0
9961,βοᾶν,1,1,0
9962,πονεῖτο,2,1,1
9963,ἷζον,5,4,1
9964,τετιηότες,3,3,0
9965,κρήνη,4,2,2
9966,μελάνυδρος,2,2,0
9967,αἰγίλιπος,3,3,0
9968,δνοφερόν,2,2,0
9969,ἀφραδέοντι,1,1,0
9970,χολωθῇς,1,1,0
9971,ὀνείδισας,1,1,0
9972,φάς,1,1,0
9973,ἀπτόλεμον,1,1,0
9974,ἴσασ,1,1,0
9975,τετιμῆσθαι,3,3,0
9976,ἔλπεαι,2,1,1
9977,ἀπτολέμους,1,1,0
9978,Μυκήνηθεν,1,1,0
9979,μενέουσι,1,1,0
9980,διαπέρσομεν,1,1,0
9981,εὕρωμεν,2,1,1
9982,εἰλήλουθμεν,2,1,1
9983,ὁμήλικας,2,1,1
9984,ἔπλευ,4,4,0
9985,ὀνόσσεται,1,1,0
9986,ἵκεο,3,2,1
9987,νέος,7,4,3
9988,εἴης,4,1,3
9989,ὁπλότατος,1,1,0
9990,γενεῆφιν,1,1,0
9991,γεραίτερος,4,3,1
9992,ἐξείπω,1,1,0
9993,διίξομαι,1,1,0
9994,ἀτιμήσει,1,1,0
9995,ἀφρήτωρ,1,1,0
9996,ἀθέμιστος,1,1,0
9997,ἀνέστιός,1,1,0
9998,ἐκεῖνος,6,2,4
9999,ἔραται,1,1,0
10000,ἐπιδημίου,1,1,0
10001,ὀκρυόεντος,1,1,0
10002,φυλακτῆρες,3,3,0
10003,λεξάσθων,1,1,0
10004,τείχεος,27,27,0
10005,κούροισιν,2,1,1
10006,βασιλεύτατός,1,1,0
10007,δαίνυ,4,3,1
10008,ἔοικέ,1,1,0
10009,ἀεικές,10,5,5
10010,ἠμάτιαι,1,1,0
10011,πᾶσά,1,1,0
10012,ἐσθ,3,2,1
10013,ὑποδεξίη,1,1,0
10014,πολέεσσι,7,5,2
10015,ἀγρομένων,3,1,2
10016,πείσεαι,1,1,0
10017,βουλεύσῃ,1,1,0
10018,χρεώ,15,10,5
10019,πυκινῆς,3,2,1
10020,δήϊοι,2,2,0
10021,καίουσιν,1,1,0
10022,γηθήσειε,1,1,0
10023,ἧδ,1,1,0
10024,διαρραίσει,2,1,1
10025,σαώσει,2,2,0
10026,πίθοντο,11,8,3
10027,Νεστορίδην,3,1,2
10028,Θρασυμήδεα,2,2,0
10029,Ἀσκάλαφον,2,2,0
10030,Ἰάλμενον,1,1,0
10031,Μηριόνην,5,5,0
10032,Ἀφαρῆά,2,2,0
10033,Δηΐπυρόν,3,3,0
10034,Κρείοντος,2,1,1
10035,Λυκομήδεα,2,2,0
10036,ἕπτ,4,4,0
10037,φυλάκων,3,3,0
10038,στεῖχον,1,1,0
10039,κήαντο,1,1,0
10040,δόρπα,2,2,0
10041,ἀολλέας,1,1,0
10042,ἦγεν,6,2,4
10043,μενοεικέα,12,6,6
10044,ὀνείαθ,14,3,11
10045,ἑτοῖμα,16,4,12
10046,προκείμενα,14,3,11
10047,ἴαλλον,14,3,11
10048,λήξω,3,3,0
10049,ἄρξομαι,1,1,0
10050,ἐγγυάλιξε,3,3,0
10051,βουλεύῃσθα,1,1,0
10052,ἐπακοῦσαι,3,1,2
10053,κρηῆναι,1,1,0
10054,ἀνώγῃ,5,4,1
10055,ἕξεται,1,1,0
10056,ἄρχῃ,1,1,0
10057,δοκεῖ,7,4,3
10058,νοήσει,1,1,0
10059,νοέω,8,3,5
10060,χωομένου,1,1,0
10061,ἔβης,1,1,0
10062,ἡμέτερόν,3,2,1
10063,ἀπεμυθεόμην,1,1,0
10064,εἴξας,3,3,0
10065,φέριστον,1,1,0
10066,ἀθάνατοί,3,2,1
10067,ἔτισαν,2,1,1
10068,ἠτίμησας,1,1,0
10069,φραζώμεσθ,2,1,1
10070,ἀρεσσάμενοι,2,1,1
10071,πεπίθωμεν,1,1,0
10072,δώροισίν,1,1,0
10073,ἀγανοῖσιν,1,1,0
10074,ἔπεσσί,4,2,2
10075,ἄτας,2,2,0
10076,κατέλεξας,6,2,4
10077,ἀασάμην,3,3,0
10078,ἀναίνομαι,2,1,1
10079,φιλήσῃ,3,2,1
10080,ἔτισε,1,1,0
10081,δάμασσε,5,5,0
10082,λευγαλέῃσι,1,1,0
10083,ἀρέσαι,2,2,0
10084,δόμεναί,3,2,1
10085,ἀπύρους,2,2,0
10086,τρίποδας,7,5,2
10087,χρυσοῖο,12,9,3
10088,αἴθωνας,4,4,0
10089,λέβητας,6,4,2
10090,ἐείκοσι,13,7,6
10091,δώδεκα,25,14,11
10092,πηγούς,2,2,0
10093,ἀθλοφόρους,2,2,0
10094,ἀέθλια,12,7,5
10095,ἄροντο,3,3,0
10096,ἀλήϊος,2,2,0
10097,ἀκτήμων,2,2,0
10098,ἐριτίμοιο,2,2,0
10099,ἠνείκαντο,1,1,0
10100,μώνυχες,8,8,0
10101,ἰδυίας,4,3,1
10102,Λεσβίδας,2,2,0
10103,Λέσβον,2,2,0
10104,ἐξελόμην,2,2,0
10105,κάλλει,3,3,0
10106,ἐνίκων,2,2,0
10107,εὐνῆς,20,9,11
10108,ἐπιβήμεναι,8,3,5
10109,μιγῆναι,6,4,2
10110,δώωσ,2,2,0
10111,ἀλαπάξαι,2,2,0
10112,νηησάσθω,1,1,0
10113,εἰσελθών,5,5,0
10114,δατεώμεθα,2,2,0
10115,ληΐδ,2,2,0
10116,Τρωϊάδας,3,3,0
10117,ἑλέσθω,3,2,1
10118,κάλλισται,2,2,0
10119,ἔωσιν,4,2,2
10120,ἱκοίμεθ,2,2,0
10121,Ἀχαιϊκόν,5,5,0
10122,οὖθαρ,2,2,0
10123,γαμβρός,9,5,4
10124,ἔοι,5,3,2
10125,τίσω,3,1,2
10126,Ὀρέστῃ,2,2,0
10127,τηλύγετος,3,2,1
10128,τρέφεται,3,3,0
10129,θαλίῃ,2,2,0
10130,Χρυσόθεμις,2,2,0
10131,Λαοδίκη,2,2,0
10132,Ἰφιάνασσα,2,2,0
10133,ἀνάεδνον,3,3,0
10134,μείλια,2,2,0
10135,ἑῇ,4,3,1
10136,ἐπέδωκε,2,2,0
10137,θυγατρί,2,2,0
10138,ναιόμενα,2,2,0
10139,πτολίεθρα,3,3,0
10140,Καρδαμύλην,2,2,0
10141,Ἐνόπην,2,2,0
10142,Ἱρήν,2,2,0
10143,ποιήεσσαν,2,2,0
10144,Φηράς,4,2,2
10145,ζαθέας,2,2,0
10146,Ἄνθειαν,2,2,0
10147,βαθύλειμον,2,2,0
10148,καλήν,23,10,13
10149,Αἴπειαν,2,2,0
10150,νέαται,2,2,0
10151,πολύρρηνες,2,2,0
10152,πολυβοῦται,2,2,0
10153,δωτίνῃσι,2,2,0
10154,λιπαράς,2,2,0
10155,τελέουσι,4,3,1
10156,τελέσαιμι,1,1,0
10157,μεταλήξαντι,3,3,0
10158,δμηθήτω,1,1,0
10159,ἀμείλιχος,1,1,0
10160,ἀδάμαστος,1,1,0
10161,βροτοῖσι,10,4,6
10162,ὑποστήτω,1,1,0
10163,βασιλεύτερός,3,3,0
10164,ὀνοστά,1,1,0
10165,διδοῖς,1,1,0
10166,ἄγετε,6,2,4
10167,κλητούς,1,1,0
10168,ὀτρύνομεν,3,1,2
10169,ἔλθωσ,1,1,0
10170,ἐπιόψομαι,2,1,1
10171,πιθέσθων,1,1,0
10172,Φοῖνιξ,9,8,1
10173,ἡγησάσθω,1,1,0
10174,κηρύκων,4,2,2
10175,ἑπέσθων,1,1,0
10176,φέρτε,1,1,0
10177,εὐφημῆσαί,1,1,0
10178,κέλεσθε,3,2,1
10179,Κρονίδῃ,3,1,2
10180,ἀρησόμεθ,1,1,0
10181,ἑαδότα,2,1,1
10182,σπεῖσάν,7,1,6
10183,ἔπιόν,5,1,4
10184,ἤθελε,23,12,11
10185,ὁρμῶντ,1,1,0
10186,δενδίλλων,1,1,0
10187,πεπίθοιεν,2,2,0
10188,εὐχομένω,1,1,0
10189,γαιηόχῳ,2,2,0
10190,ἐννοσιγαίῳ,2,2,0
10191,πεπιθεῖν,1,1,0
10192,μεγάλας,3,2,1
10193,τερπόμενον,1,1,0
10194,φόρμιγγι,4,3,1
10195,λιγείῃ,2,2,0
10196,δαιδαλέῃ,1,1,0
10197,ἀργύρεον,9,4,5
10198,ἄρετ,2,2,0
10199,ὀλέσσας,2,2,0
10200,ἔτερπεν,1,1,0
10201,κλέα,3,2,1
10202,ἐναντίος,3,2,1
10203,Αἰακίδην,2,2,0
10204,λήξειεν,2,1,1
10205,ἀείδων,3,1,2
10206,στάν,5,5,0
10207,ταφών,7,6,1
10208,ἀνόρουσεν,4,4,0
10209,θάασσεν,1,1,0
10210,δεικνύμενος,3,2,1
10211,χαίρετον,3,1,2
10212,ἱκάνετον,1,1,0
10213,σκυζομένῳ,1,1,0
10214,φίλτατοί,1,1,0
10215,ἐστον,2,1,1
10216,τάπησί,1,1,0
10217,πορφυρέοισιν,1,1,0
10218,Πάτροκλον,25,25,0
10219,προσεφώνεεν,18,7,11
10220,Μενοιτίου,13,13,0
10221,καθίστα,1,1,0
10222,ζωρότερον,1,1,0
10223,κέραιε,1,1,0
10224,ἔντυνον,2,1,1
10225,φίλτατοι,4,4,0
10226,ὑπέασι,1,1,0
10227,μελάθρῳ,2,1,1
10228,κρεῖον,7,1,6
10229,αὐγῇ,5,2,3
10230,ἔθηκ,1,1,0
10231,ὄϊος,2,1,1
10232,σιάλοιο,2,2,0
10233,ῥάχιν,1,1,0
10234,τεθαλυῖαν,2,1,1
10235,ἀλοιφῇ,6,4,2
10236,Αὐτομέδων,14,14,0
10237,τάμνεν,1,1,0
10238,μίστυλλε,1,1,0
10239,ἔπειρε,1,1,0
10240,Μενοιτιάδης,2,2,0
10241,ἐκάη,4,1,3
10242,ἐμαράνθη,1,1,0
10243,ἀνθρακιήν,1,1,0
10244,στορέσας,2,1,1
10245,ὀβελούς,2,1,1
10246,ἐφύπερθε,7,3,4
10247,τάνυσσε,1,1,0
10248,κρατευτάων,1,1,0
10249,ἐπαείρας,2,2,0
10250,ὤπτησε,1,1,0
10251,ἐλεοῖσιν,2,1,1
10252,ἐπένειμε,3,2,1
10253,τραπέζῃ,5,2,3
10254,καλοῖς,3,2,1
10255,κανέοισιν,5,2,3
10256,νεῖμεν,3,2,1
10257,ἷζεν,5,1,4
10258,τοίχου,3,2,1
10259,θῦσαι,1,1,0
10260,βάλλε,4,2,2
10261,θυηλάς,1,1,0
10262,νεῦσ,2,1,1
10263,Φοίνικι,4,4,0
10264,πλησάμενος,3,1,2
10265,δείδεκτ,1,1,0
10266,χαῖρ,3,1,2
10267,ἐπιδευεῖς,2,2,0
10268,δαίνυσθ,1,1,0
10269,ἐπηράτου,1,1,0
10270,δοιῇ,1,1,0
10271,σαωσέμεν,2,2,0
10272,δύσεαι,1,1,0
10273,αὖλιν,2,1,1
10274,κηάμενοι,1,1,0
10275,σχήσεσθ,4,4,0
10276,μελαίνῃσιν,5,5,0
10277,πεσέεσθαι,4,4,0
10278,ἀστράπτει,1,1,0
10279,τίει,4,1,3
10280,λύσσα,2,2,0
10281,ἀρᾶται,4,3,1
10282,φανήμεναι,1,1,0
10283,ἀποκόψειν,1,1,0
10284,ἄκρα,1,1,0
10285,κόρυμβα,1,1,0
10286,ἐμπρήσειν,1,1,0
10287,μαλεροῦ,1,1,0
10288,δῃώσειν,1,1,0
10289,ὀρινομένους,4,4,0
10290,ἀπειλάς,1,1,0
10291,ἐκτελέσωσι,1,1,0
10292,φθίσθαι,4,2,2
10293,μέμονάς,1,1,0
10294,τειρομένους,3,3,0
10295,ἐρύεσθαι,3,3,0
10296,ὀρυμαγδοῦ,3,3,0
10297,μετόπισθ,5,2,3
10298,ῥεχθέντος,1,1,0
10299,ἄκος,2,1,1
10300,εὑρεῖν,1,1,0
10301,φράζευ,4,1,3
10302,ἀλεξήσεις,1,1,0
10303,Φθίης,5,5,0
10304,κάρτος,6,3,3
10305,δώσουσ,2,1,1
10306,μεγαλήτορα,21,11,10
10307,ἴσχειν,4,4,0
10308,φιλοφροσύνη,1,1,0
10309,ληγέμεναι,1,1,0
10310,τίωσ,1,1,0
10311,ἐπέτελλ,3,3,0
10312,λήθεαι,2,2,0
10313,παύε,1,1,0
10314,δίδωσι,4,3,1
10315,καταλέξω,14,3,11
10316,ἕλες,1,1,0
10317,ἐξέλεθ,1,1,0
10318,ὀμεῖται,1,1,0
10319,ἤτ,2,2,0
10320,ἤτε,2,2,0
10321,νηήσασθαι,1,1,0
10322,ἔοις,1,1,0
10323,τίσει,1,1,0
10324,τελέσειε,5,2,3
10325,κηρόθι,9,2,7
10326,Παναχαιούς,1,1,0
10327,τίσουσ,1,1,0
10328,λύσσαν,1,1,0
10329,ὀλοήν,6,4,2
10330,ἔνεικαν,6,3,3
10331,ἀπηλεγέως,2,1,1
10332,ἀποειπεῖν,1,1,0
10333,τρύζητε,1,1,0
10334,παρήμενοι,4,2,2
10335,ἐχθρός,2,1,1
10336,πύλῃσιν,6,5,1
10337,κεύθῃ,1,1,0
10338,ἔμεγ,1,1,0
10339,χάρις,7,3,4
10340,μάρνασθαι,9,8,1
10341,δηΐοισιν,3,3,0
10342,νωλεμές,8,6,2
10343,ἴση,2,2,0
10344,μένοντι,2,2,0
10345,ἰῇ,4,4,0
10346,κάτθαν,1,1,0
10347,ἀεργός,1,1,0
10348,ἐοργώς,2,1,1
10349,περίκειται,1,1,0
10350,πάθον,10,5,5
10351,παραβαλλόμενος,1,1,0
10352,ἀπτῆσι,1,1,0
10353,νεοσσοῖσι,1,1,0
10354,προφέρῃσι,1,1,0
10355,μάστακ,1,1,0
10356,λάβῃσι,1,1,0
10357,ἀΰπνους,3,1,2
10358,νύκτας,21,3,18
10359,ἴαυον,7,2,5
10360,μαρνάμενος,2,2,0
10361,ὀάρων,1,1,0
10362,σφετεράων,1,1,0
10363,ἀλάπαξ,1,1,0
10364,ἕνδεκά,1,1,0
10365,ἐρίβωλον,6,5,1
10366,πασέων,6,2,4
10367,δόσκον,3,1,2
10368,θοῇσι,6,4,2
10369,δεξάμενος,4,2,2
10370,δασάσκετο,1,1,0
10371,ἀριστήεσσι,1,1,0
10372,βασιλεῦσι,2,2,0
10373,ἔμπεδα,10,3,7
10374,μούνου,1,1,0
10375,εἵλετ,1,1,0
10376,θυμαρέα,2,1,1
10377,παριαύων,1,1,0
10378,τερπέσθω,1,1,0
10379,δεῖ,1,1,0
10380,πολεμιζέμεναι,1,1,0
10381,μοῦνοι,3,2,1
10382,φιλέουσ,2,1,1
10383,ἐχέφρων,5,1,4
10384,φιλέει,4,1,3
10385,φίλεον,1,1,0
10386,δουρικτητήν,1,1,0
10387,ἀπάτησε,2,2,0
10388,εἰδότος,1,1,0
10389,πείσει,2,2,0
10390,Ὀδυσεῦ,16,5,11
10391,πονήσατο,1,1,0
10392,ἔδειμε,1,1,0
10393,πολέμιζον,2,2,0
10394,ἐθέλεσκε,1,1,0
10395,ὀρνύμεν,2,1,1
10396,μόγις,5,3,2
10397,ἔκφυγεν,2,2,0
10398,νηήσας,1,1,0
10399,προερύσσω,1,1,0
10400,ἦρι,3,1,2
10401,Ἑλλήσποντον,7,7,0
10402,πλεούσας,1,1,0
10403,ἐρεσσέμεναι,1,1,0
10404,μεμαῶτας,3,2,1
10405,εὐπλοίην,1,1,0
10406,ἤματί,2,1,1
10407,τριτάτῳ,2,2,0
10408,κάλλιπον,2,1,1
10409,ἐρυθρόν,9,2,7
10410,ἐϋζώνους,2,2,0
10411,πολιόν,9,6,3
10412,ἄξομαι,3,1,2
10413,ἔλαχόν,1,1,0
10414,ἐφυβρίζων,1,1,0
10415,ἕλετο,6,4,2
10416,ἐπισκύζωνται,1,1,0
10417,ἔλπεται,2,2,0
10418,ἐξαπατήσειν,1,1,0
10419,ἐπιειμένος,1,1,0
10420,τετλαίη,1,1,0
10421,κύνεός,1,1,0
10422,συμφράσσομαι,1,1,0
10423,ἤλιτεν,1,1,0
10424,ἐξαπάφοιτ,1,1,0
10425,ἕκηλος,8,2,6
10426,ἐρρέτω,3,2,1
10427,εὑ,6,6,0
10428,ἐχθρά,1,1,0
10429,καρός,1,1,0
10430,δεκάκις,2,2,0
10431,εἰκοσάκις,1,1,0
10432,τόσα,15,7,8
10433,δοίη,14,6,8
10434,ποθεν,12,2,10
10435,ποτινίσεται,1,1,0
10436,ὅσα,28,9,19
10437,Αἰγυπτίας,1,1,0
10438,ἑκατόμπυλοί,1,1,0
10439,διηκόσιοι,1,1,0
10440,ἑκάστας,1,1,0
10441,ἐξοιχνεῦσι,1,1,0
10442,ψάμαθός,1,1,0
10443,κόνις,2,2,0
10444,γαμέω,2,2,0
10445,χρυσείῃ,10,2,8
10446,Ἀφροδίτῃ,7,3,4
10447,κάλλος,6,1,5
10448,ἐρίζοι,2,1,1
10449,γλαυκώπιδι,6,4,2
10450,ἰσοφαρίζοι,1,1,0
10451,σαῶσι,1,1,0
10452,μάσσεται,1,1,0
10453,ἀριστήων,2,1,1
10454,ῥύονται,1,1,0
10455,ποιήσομ,1,1,0
10456,γήμαντα,1,1,0
10457,μνηστήν,2,1,1
10458,ἐϊκυῖαν,1,1,0
10459,τέρπεσθαι,1,1,0
10460,ἐκτήσατο,2,1,1
10461,ψυχῆς,9,5,4
10462,φασίν,4,2,2
10463,ἐκτῆσθαι,1,1,0
10464,λάϊνος,1,1,0
10465,ἀφήτορος,1,1,0
10466,Πυθοῖ,2,1,1
10467,πετρηέσσῃ,1,1,0
10468,ληϊστοί,1,1,0
10469,βόες,11,4,7
10470,κτητοί,1,1,0
10471,τρίποδές,1,1,0
10472,ξανθά,1,1,0
10473,λεϊστή,1,1,0
10474,οὔθ,13,4,9
10475,ἑλετή,1,1,0
10476,ἀμείψεται,2,1,1
10477,διχθαδίας,1,1,0
10478,φερέμεν,5,5,0
10479,ἀμφιμάχωμαι,1,1,0
10480,ὤλετο,8,2,6
10481,ἵκωμι,1,1,0
10482,ὤλετό,2,2,0
10483,παραμυθησαίμην,2,2,0
10484,ἀποπλείειν,3,2,1
10485,δήετε,2,2,0
10486,αἰπεινῆς,3,3,0
10487,ἑήν,12,4,8
10488,ὑπερέσχε,3,2,1
10489,τεθαρσήκασι,2,2,0
10490,ἀπόφασθε,2,2,0
10491,ἄλλην,11,2,9
10492,φράζωνται,1,1,0
10493,σαῷ,1,1,0
10494,γλαφυρῇς,1,1,0
10495,ἥδέ,1,1,0
10496,ἑτοίμη,1,1,0
10497,ἐφράσσαντο,2,1,1
10498,ἀπομηνίσαντος,2,2,0
10499,κατακοιμηθήτω,1,1,0
10500,ἕπηται,3,2,1
10501,ἀνάγκῃ,31,12,19
10502,ἀπέειπεν,1,1,0
10503,ἀναπρήσας,2,1,1
10504,φαίδιμ,10,4,6
10505,βάλλεαι,2,2,0
10506,λιποίμην,2,1,1
10507,εἰδόθ,1,1,0
10508,ὁμοιΐου,8,6,2
10509,ἀγορέων,1,1,0
10510,ἀριπρεπέες,2,1,1
10511,τελέθουσι,6,4,2
10512,διδασκέμεναι,1,1,0
10513,ῥητῆρ,1,1,0
10514,πρηκτῆρά,1,1,0
10515,ἔργων,9,4,5
10516,λείπεσθ,1,1,0
10517,ὑποσταίη,1,1,0
10518,ἀποξύσας,1,1,0
10519,ἡβώοντα,1,1,0
10520,Ἀμύντορος,2,2,0
10521,Ὀρμενίδαο,2,2,0
10522,παλλακίδος,1,1,0
10523,περιχώσατο,2,2,0
10524,καλλικόμοιο,2,1,1
10525,ἀτιμάζεσκε,1,1,0
10526,μητέρ,7,1,6
10527,λισσέσκετο,1,1,0
10528,παλλακίδι,1,1,0
10529,προμιγῆναι,1,1,0
10530,ἐχθήρειε,1,1,0
10531,ἔρεξα,4,1,3
10532,ὀϊσθείς,1,1,0
10533,κατηρᾶτο,1,1,0
10534,στυγεράς,2,1,1
10535,ἐπεκέκλετ,1,1,0
10536,Ἐρινῦς,1,1,0
10537,ἐφέσσεσθαι,1,1,0
10538,γεγαῶτα,2,1,1
10539,ἐτέλειον,2,2,0
10540,ἐπαράς,1,1,0
10541,καταχθόνιος,1,1,0
10542,ἐπαινή,1,1,0
10543,Περσεφόνεια,7,1,6
10544,ἐρητύετ,2,2,0
10545,μέγαρα,8,1,7
10546,στρωφᾶσθαι,1,1,0
10547,ἔται,5,3,2
10548,ἀνεψιοί,1,1,0
10549,λισσόμενοι,3,3,0
10550,κατερήτυον,1,1,0
10551,εἰλίποδας,8,4,4
10552,ἕλικας,11,5,6
10553,ἔσφαζον,3,1,2
10554,σύες,8,1,7
10555,θαλέθοντες,3,2,1
10556,εὑόμενοι,2,2,0
10557,τανύοντο,4,3,1
10558,φλογός,2,2,0
10559,κεράμων,1,1,0
10560,πίνετο,2,1,1
10561,εἰνάνυχες,1,1,0
10562,ἀμειβόμενοι,3,1,2
10563,ἔσβη,2,1,1
10564,αἰθούσῃ,10,2,8
10565,εὐερκέος,3,1,2
10566,προδόμῳ,8,2,6
10567,θυράων,15,3,12
10568,πυκινῶς,15,4,11
10569,ῥήξας,2,2,0
10570,ἐξῆλθον,1,1,0
10571,ὑπέρθορον,2,2,0
10572,ἑρκίον,2,1,1
10573,λαθών,6,5,1
10574,φύλακάς,1,1,0
10575,δμῳάς,13,2,11
10576,φεῦγον,3,2,1
10577,Ἑλλάδος,1,1,0
10578,εὐρυχόροιο,2,1,1
10579,ἐξικόμην,3,1,2
10580,Πηλῆα,1,1,0
10581,ἄναχθ,2,1,1
10582,ὑπέδεκτο,5,1,4
10583,ἐφίλησ,1,1,0
10584,μοῦνον,16,6,10
10585,τηλύγετον,3,2,1
10586,πολλοῖσιν,7,2,5
10587,ὤπασε,3,2,1
10588,ἐσχατιήν,4,2,2
10589,Δολόπεσσιν,1,1,0
10590,τοσοῦτον,2,2,0
10591,ἔθηκα,3,1,2
10592,ἐπιείκελ,6,5,1
10593,φιλέων,3,1,2
10594,ἐθέλεσκες,1,1,0
10595,δαῖτ,8,2,6
10596,πάσασθαι,3,2,1
10597,ἐμοῖσιν,10,4,6
10598,γούνεσσι,2,2,0
10599,καθίσσας,1,1,0
10600,ὄψου,1,1,0
10601,ἄσαιμι,1,1,0
10602,προταμών,2,1,1
10603,ἐπισχών,1,1,0
10604,κατέδευσας,1,1,0
10605,ἀποβλύζων,1,1,0
10606,νηπιέῃ,1,1,0
10607,ἐξετέλειον,2,1,1
10608,ποιεύμην,1,1,0
10609,ἀμύνῃς,2,2,0
10610,δάμασον,2,1,1
10611,νηλεές,12,10,2
10612,στρεπτοί,1,1,0
10613,μείζων,3,3,0
10614,ἀρετή,5,4,1
10615,θυέεσσι,1,1,0
10616,εὐχωλῇς,2,1,1
10617,ἀγανῇσι,2,1,1
10618,λοιβῇ,1,1,0
10619,παρατρωπῶσ,1,1,0
10620,ἄνθρωποι,11,4,7
10621,ὑπερβήῃ,1,1,0
10622,ἁμάρτῃ,2,1,1
10623,λιταί,1,1,0
10624,χωλαί,1,1,0
10625,ῥυσαί,1,1,0
10626,παραβλῶπές,1,1,0
10627,ὀφθαλμώ,2,2,0
10628,ἀλέγουσι,2,1,1
10629,κιοῦσαι,2,2,0
10630,ἄτη,3,3,0
10631,σθεναρή,1,1,0
10632,ἀρτίπος,2,1,1
10633,ὑπεκπροθέει,1,1,0
10634,φθάνει,2,2,0
10635,βλάπτουσ,2,2,0
10636,ἐξακέονται,1,1,0
10637,αἰδέσεται,3,3,0
10638,κούρας,3,1,2
10639,ἰούσας,2,2,0
10640,ὤνησαν,1,1,0
10641,εὐχομένοιο,1,1,0
10642,ἀνήνηται,1,1,0
10643,στερεῶς,5,4,1
10644,ἀποείπῃ,1,1,0
10645,λίσσονται,1,1,0
10646,βλαφθείς,2,2,0
10647,ἀποτίσῃ,3,2,1
10648,κούρῃσιν,3,1,2
10649,ἐπιγνάμπτει,1,1,0
10650,ὄπισθ,1,1,0
10651,ὀνομάζοι,1,1,0
10652,ἐπιζαφελῶς,2,1,1
10653,χαλεπαίνοι,4,1,3
10654,ἔγωγέ,2,2,0
10655,ἀπορρίψαντα,1,1,0
10656,κελοίμην,3,2,1
10657,χατέουσί,1,1,0
10658,διδοῖ,3,1,2
10659,ὑπέστη,4,4,0
10660,λίσσεσθαι,6,3,3
10661,ἐπιπροέηκεν,1,1,0
10662,κρινάμενος,5,3,2
10663,ἐλέγξῃς,1,1,0
10664,κεχολῶσθαι,7,4,3
10665,ἐπευθόμεθα,1,1,0
10666,ἐπιζάφελος,1,1,0
10667,ἵκοι,3,2,1
10668,δωρητοί,1,1,0
10669,πέλοντο,3,1,2
10670,παράρρητοί,1,1,0
10671,Κουρῆτές,1,1,0
10672,Αἰτωλοί,2,2,0
10673,μενεχάρμαι,1,1,0
10674,Καλυδῶνα,1,1,0
10675,ἐνάριζον,6,6,0
10676,ἀμυνόμενοι,5,5,0
10677,Καλυδῶνος,2,2,0
10678,ἐραννῆς,2,2,0
10679,Κουρῆτες,2,2,0
10680,θαλύσια,1,1,0
10681,γουνῷ,3,3,0
10682,ἀλωῆς,8,4,4
10683,ῥέξ,1,1,0
10684,δαίνυνθ,2,1,1
10685,οἴῃ,2,1,1
10686,ἔρρεξε,2,2,0
10687,λάθετ,1,1,0
10688,ἀάσατο,2,2,0
10689,χλούνην,1,1,0
10690,σῦν,4,2,2
10691,ἀργιόδοντα,1,1,0
10692,ἕρδεσκεν,1,1,0
10693,ἔθων,1,1,0
10694,ἀλωήν,6,5,1
10695,προθέλυμνα,1,1,0
10696,δένδρεα,10,3,7
10697,αὐτῇσιν,2,1,1
10698,ῥίζῃσι,1,1,0
10699,αὐτοῖς,8,4,4
10700,ἄνθεσι,1,1,0
10701,ἀπέκτεινεν,1,1,0
10702,θηρήτορας,1,1,0
10703,δάμη,5,2,3
10704,παύροισι,2,1,1
10705,τόσσος,3,3,0
10706,πολλούς,20,8,12
10707,ἐπέβησ,1,1,0
10708,κέλαδον,3,2,1
10709,δέρματι,1,1,0
10710,λαχνήεντι,1,1,0
10711,Κουρήτων,1,1,0
10712,ἄρηι,2,2,0
10713,πολέμιζε,2,2,0
10714,Κουρήτεσσι,1,1,0
10715,δύναντο,5,5,0
10716,Μελέαγρον,2,2,0
10717,οἰδάνει,1,1,0
10718,φρονεόντων,2,2,0
10719,Ἀλθαίῃ,1,1,0
10720,μνηστῇ,1,1,0
10721,Κλεοπάτρῃ,1,1,0
10722,Μαρπήσσης,1,1,0
10723,καλλισφύρου,3,3,0
10724,Εὐηνίνης,1,1,0
10725,Ἴδεώ,1,1,0
10726,νύμφης,5,1,4
10727,Ἀλκυόνην,1,1,0
10728,καλέεσκον,1,1,0
10729,ἐπώνυμον,3,1,2
10730,ἀλκυόνος,1,1,0
10731,πολυπενθέος,1,1,0
10732,κλαῖεν,6,2,4
10733,ἀνήρπασε,1,1,0
10734,παρκατέλεκτο,2,2,0
10735,πέσσων,1,1,0
10736,ἀρέων,1,1,0
10737,κεχολωμένος,10,6,4
10738,ἀχέουσ,1,1,0
10739,πολυφόρβην,1,1,0
10740,ἀλοία,1,1,0
10741,κικλήσκουσ,1,1,0
10742,Ἀΐδην,1,1,0
10743,ἐπαινήν,1,1,0
10744,Περσεφόνειαν,1,1,0
10745,πρόχνυ,3,2,1
10746,καθεζομένη,3,1,2
10747,δεύοντο,4,4,0
10748,δάκρυσι,5,2,3
10749,κόλποι,1,1,0
10750,ἠεροφοῖτις,2,2,0
10751,Ἐρινύς,3,2,1
10752,ἔκλυεν,8,2,6
10753,Ἐρέβεσφιν,1,1,0
10754,ἀμείλιχον,1,1,0
10755,δοῦπος,4,4,0
10756,βαλλομένων,5,5,0
10757,πέμπον,3,2,1
10758,ἱερῆας,1,1,0
10759,ἐξελθεῖν,3,3,0
10760,ὑποσχόμενοι,2,2,0
10761,ὁππόθι,1,1,0
10762,πιότατον,1,1,0
10763,ἤνωγον,3,1,2
10764,περικαλλές,9,4,5
10765,πεντηκοντόγυον,1,1,0
10766,οἰνοπέδοιο,3,1,2
10767,ψιλήν,2,1,1
10768,ἄροσιν,1,1,0
10769,ταμέσθαι,1,1,0
10770,λιτάνευε,1,1,0
10771,οὐδοῦ,12,1,11
10772,ἐπεμβεβαώς,1,1,0
10773,ὑψηρεφέος,1,1,0
10774,κολλητάς,2,1,1
10775,σανίδας,4,3,1
10776,γουνούμενος,3,2,1
10777,κασίγνηται,2,2,0
10778,ἐλλίσσονθ,1,1,0
10779,ἀναίνετο,4,3,1
10780,κεδνότατοι,1,1,0
10781,ἔπειθον,4,2,2
10782,θάλαμος,3,2,1
10783,πύκ,1,1,0
10784,ἐβάλλετο,2,2,0
10785,ἐνέπρηθον,1,1,0
10786,ἐΰζωνος,2,2,0
10787,λίσσετ,1,1,0
10788,κατέλεξεν,4,1,3
10789,ἁλώῃ,4,2,2
10790,κτείνουσι,1,1,0
10791,ἀμαθύνει,1,1,0
10792,βαθυζώνους,2,1,1
10793,ὠρίνετο,4,1,3
10794,ἀκούοντος,2,1,1
10795,Αἰτωλοῖσιν,2,2,0
10796,ἀπήμυνεν,1,1,0
10797,τέλεσσαν,2,1,1
10798,ἤμυνε,2,2,0
10799,νόει,2,1,1
10800,ἐνταῦθα,1,1,0
10801,τρέψειε,1,1,0
10802,κάκιον,3,1,2
10803,καιομένῃσιν,1,1,0
10804,ἀμυνέμεν,10,8,2
10805,δώρων,10,6,4
10806,τίσουσιν,1,1,0
10807,δύῃς,1,1,0
10808,οὐκέθ,2,1,1
10809,ἀλαλκών,1,1,0
10810,ἄττα,7,2,5
10811,γεραιέ,13,10,3
10812,ἕξει,4,2,2
10813,ἀϋτμή,7,4,3
10814,μένῃ,4,3,1
10815,ὀρώρῃ,5,4,1
10816,σύγχει,2,2,0
10817,ὀδυρόμενος,13,3,10
10818,ἥρωϊ,10,8,2
10819,φιλέειν,6,1,5
10820,ἀπέχθηαι,1,1,0
10821,φιλέοντι,2,1,1
10822,κήδειν,2,2,0
10823,κήδῃ,1,1,0
10824,βασίλευε,4,1,3
10825,μείρεο,1,1,0
10826,ἀγγελέουσι,1,1,0
10827,αὐτόθι,24,14,10
10828,λέξεο,2,1,1
10829,μίμνων,1,1,0
10830,μαλακῇ,4,3,1
10831,φαινομένηφι,6,3,3
10832,φρασσόμεθ,2,1,1
10833,νεώμεθ,1,1,0
10834,ἡμέτερ,2,1,1
10835,μένωμεν,1,1,0
10836,Πατρόκλῳ,25,25,0
10837,στορέσαι,5,3,2
10838,νόστοιο,7,1,6
10839,μεδοίατο,1,1,0
10840,ἀντίθεος,6,3,3
10841,Τελαμωνιάδης,2,2,0
10842,μύθοιο,2,2,0
10843,τῇδέ,1,1,0
10844,κρανέεσθαι,1,1,0
10845,ἀπαγγεῖλαι,2,1,1
10846,μετατρέπεται,1,1,0
10847,φιλότητος,9,4,5
10848,νηλής,1,1,0
10849,φονῆος,2,2,0
10850,τεθνηῶτος,8,6,2
10851,ἀποτίσας,1,1,0
10852,ἐρητύεται,1,1,0
10853,δεξαμένῳ,1,1,0
10854,ἄληκτόν,1,1,0
10855,οἴης,1,1,0
10856,παρίσχομεν,1,1,0
10857,ἔξοχ,5,2,3
10858,ἀρίστας,4,1,3
10859,ἄλλά,3,3,0
10860,ἵλαον,1,1,0
10861,αἴδεσσαι,1,1,0
10862,ὑπωρόφιοι,1,1,0
10863,πληθύος,1,1,0
10864,μέμαμεν,2,2,0
10865,κήδιστοί,1,1,0
10866,πάντά,1,1,0
10867,ἐείσαο,1,1,0
10868,οἰδάνεται,1,1,0
10869,μνήσομαι,1,1,0
10870,ἀσύφηλον,2,2,0
10871,ἀτίμητον,2,2,0
10872,μετανάστην,2,2,0
10873,ἔρχεσθε,4,1,3
10874,μεδήσομαι,1,1,0
10875,αἱματόεντος,2,2,0
10876,κτείνοντ,1,1,0
10877,σμῦξαι,1,1,0
10878,σχήσεσθαι,3,3,0
10879,σπείσαντες,7,2,5
10880,δμωῇσι,1,1,0
10881,ἐπιπειθόμεναι,1,1,0
10882,στόρεσαν,6,2,4
10883,κώεά,1,1,0
10884,ῥῆγός,2,1,1
10885,λίνοιό,1,1,0
10886,λεπτόν,6,1,5
10887,ἄωτον,1,1,0
10888,κατέλεκτο,2,1,1
10889,ἔμιμνεν,2,1,1
10890,εὗδε,8,4,4
10891,εὐπήκτου,1,1,0
10892,Λεσβόθεν,1,1,0
10893,Φόρβαντος,2,2,0
10894,Διομήδη,1,1,0
10895,ἐλέξατο,2,1,1
10896,Ἶφις,1,1,0
10897,Σκῦρον,1,1,0
10898,αἰπεῖαν,1,1,0
10899,Ἐνυῆος,1,1,0
10900,κυπέλλοις,1,1,0
10901,ἀνασταδόν,2,2,0
10902,ἐξερέεινεν,3,1,2
10903,πολύαιν,3,2,1
10904,κεῖνός,8,2,6
10905,σβέσσαι,2,2,0
10906,πιμπλάνεται,1,1,0
10907,ἀναίνεται,1,1,0
10908,φράζεσθαι,8,1,7
10909,σαῷς,1,1,0
10910,ἅλαδ,3,2,1
10911,παραμυθήσασθαι,1,1,0
10912,κατελέξατο,2,1,1
10913,ἄξει,6,3,3
10914,ἀγόρευσε,1,1,0
10915,μυρία,10,5,5
10916,διδούς,1,1,0
10917,ἀγηνορίῃσιν,1,1,0
10918,ἐνῆκας,1,1,0
10919,ἴῃσιν,1,1,0
10920,μαχήσεται,3,2,1
10921,ὄρσῃ,2,2,0
10922,κοιμήσασθε,1,1,0
10923,τεταρπόμενοι,1,1,0
10924,σίτου,20,8,12
10925,φανῇ,1,1,0
10926,μαλακῷ,3,2,1
10927,γλυκερός,3,1,2
10928,ὁρμαίνοντα,2,1,1
10929,ἀστράπτῃ,1,1,0
10930,χάλαζαν,1,1,0
10931,νιφετόν,1,1,0
10932,χιών,4,1,3
10933,ἐπάλυνεν,1,1,0
10934,πευκεδανοῖο,1,1,0
10935,πυκίν,1,1,0
10936,ἀνεστενάχιζ,1,1,0
10937,νειόθεν,1,1,0
10938,κραδίης,1,1,0
10939,τρομέοντο,1,1,0
10940,Τρωϊκόν,4,4,0
10941,ἀθρήσειε,3,3,0
10942,θαύμαζεν,5,2,3
10943,αὐλῶν,1,1,0
10944,συρίγγων,1,1,0
10945,ἐνοπήν,4,3,1
10946,ὅμαδόν,1,1,0
10947,προθελύμνους,1,1,0
10948,χαίτας,5,3,2
10949,ὑψόθ,3,3,0
10950,ἔστενε,4,3,1
10951,κυδάλιμον,4,3,1
10952,Νηλήϊον,2,2,0
10953,τεκτήναιτο,1,1,0
10954,ἀλεξίκακος,1,1,0
10955,δαφοινόν,1,1,0
10956,ἑέσσατο,2,2,0
10957,αἴθωνος,2,2,0
10958,ποδηνεκές,2,2,0
10959,βλεφάροισιν,8,3,5
10960,ἐφίζανε,1,1,0
10961,πάθοιεν,1,1,0
10962,ὑγρήν,7,3,4
10963,ὁρμαίνοντες,4,1,3
10964,παρδαλέῃ,1,1,0
10965,ποικίλῃ,1,1,0
10966,στεφάνην,1,1,0
10967,κεφαλῆφιν,7,7,0
10968,θήκατο,2,2,0
10969,χαλκείην,3,2,1
10970,ἀνστήσων,1,1,0
10971,ἤνασσε,5,3,2
10972,ὤμοισι,12,9,3
10973,τιθήμενον,1,1,0
10974,ἔντεα,16,14,2
10975,ἀσπάσιος,4,1,3
10976,ἠθεῖε,1,1,0
10977,κορύσσεαι,1,1,0
10978,ὀτρυνέεις,1,1,0
10979,ἐπίσκοπον,1,1,0
10980,δείδω,11,7,4
10981,ὑπόσχηται,1,1,0
10982,δυσμενέας,1,1,0
10983,σκοπιαζέμεν,1,1,0
10984,θρασυκάρδιος,2,2,0
10985,κερδαλέης,1,1,0
10986,ἐρύσσεται,1,1,0
10987,ἐτράπετο,2,1,1
10988,φρήν,1,1,0
10989,Ἑκτορέοις,1,1,0
10990,θῆχ,2,1,1
10991,ἱεροῖσιν,2,1,1
10992,ἰδόμην,4,1,3
10993,αὐδήσαντος,4,2,2
10994,τοσσάδε,1,1,0
10995,μέρμερ,1,1,0
10996,μητίσασθαι,3,2,1
10997,ἔρεξ,1,1,0
10998,μελησέμεν,1,1,0
10999,δολιχόν,6,4,2
11000,μήσατ,2,1,1
11001,ὀτρυνέω,1,1,0
11002,ἀνστήμεναι,1,1,0
11003,πιθοίατο,1,1,0
11004,σημαίνει,1,1,0
11005,φυλάκεσσι,2,2,0
11006,ἐπετράπομέν,1,1,0
11007,ἐπιτέλλεαι,2,2,0
11008,μένω,3,2,1
11009,ἔλθῃς,5,2,3
11010,θέω,1,1,0
11011,ἐπιτείλω,2,2,0
11012,ἀβροτάξομεν,1,1,0
11013,ἀλλήλοιιν,4,4,0
11014,ἐρχομένω,3,2,1
11015,κέλευθοι,2,1,1
11016,φθέγγεο,2,2,0
11017,ἴῃσθα,1,1,0
11018,ἐγρήγορθαι,1,1,0
11019,ἄνωχθι,12,6,6
11020,πατρόθεν,1,1,0
11021,ὀνομάζων,2,2,0
11022,κυδαίνων,2,2,0
11023,μεγαλίζεο,1,1,0
11024,πονεώμεθα,1,1,0
11025,γιγνομένοισιν,1,1,0
11026,κακότητα,9,2,7
11027,ἀπέπεμπεν,1,1,0
11028,ἐπιτείλας,2,2,0
11029,ἀσπίς,9,8,1
11030,φαεινή,3,3,0
11031,ζώννυθ,1,1,0
11032,θωρήσσοιτο,1,1,0
11033,ἐπέτρεπε,1,1,0
11034,ἀγκῶνος,5,4,1
11035,ἐξερεείνετο,1,1,0
11036,ἔρχεαι,6,3,3
11037,ὀρφναίην,4,3,1
11038,εὕδουσι,4,4,0
11039,οὐρήων,1,1,0
11040,Νηληϊάδη,7,4,3
11041,ἐνέηκε,2,1,1
11042,πόνοισι,4,3,1
11043,πλάζομαι,2,1,1
11044,ὄμμασι,2,1,1
11045,ἱζάνει,1,1,0
11046,περιδείδια,4,4,0
11047,ἀλαλύκτημαι,1,1,0
11048,ἔξω,9,4,5
11049,στηθέων,1,1,0
11050,ἐκθρῴσκει,1,1,0
11051,τρομέει,1,1,0
11052,δραίνεις,1,1,0
11053,φύλακας,1,1,0
11054,καταβήομεν,1,1,0
11055,ἴδωμεν,3,1,2
11056,ἀδηκότες,4,4,0
11057,κοιμήσωνται,1,1,0
11058,λάθωνται,1,1,0
11059,δυσμενέες,6,2,4
11060,εἵαται,3,3,0
11061,μενοινήσωσι,1,1,0
11062,νοήματα,6,3,3
11063,ἐκτελέει,1,1,0
11064,νυν,2,2,0
11065,ἐέλπεται,2,2,0
11066,κήδεσι,1,1,0
11067,μοχθήσειν,1,1,0
11068,πλείοσιν,2,1,1
11069,χόλου,2,1,1
11070,ἀργαλέοιο,4,3,1
11071,μεταστρέψῃ,1,1,0
11072,ἕψομ,1,1,0
11073,κλυτόν,18,5,13
11074,Φυλέος,2,2,0
11075,μετοιχόμενος,1,1,0
11076,καλέσειεν,2,2,0
11077,ἀντίθεόν,1,1,0
11078,ἑκαστάτω,1,1,0
11079,αἰδοῖον,1,1,0
11080,νεικέσω,1,1,0
11081,νεμεσήσεαι,3,1,2
11082,εὕδει,4,3,1
11083,ἐπέτρεψεν,1,1,0
11084,πονέεσθαι,4,4,0
11085,λισσόμενος,10,6,4
11086,ἱκάνεται,6,2,4
11087,ἀνεκτός,2,2,0
11088,αἰτιάασθαι,2,2,0
11089,ἄνωγα,13,3,10
11090,μεθιεῖ,1,1,0
11091,ὄκνῳ,2,2,0
11092,εἴκων,9,4,5
11093,ἀφραδίῃσι,2,2,0
11094,νόοιο,4,1,3
11095,ποτιδέγμενος,4,2,2
11096,ἐμέο,1,1,0
11097,ἐπέγρετο,2,1,1
11098,ἐπέστη,3,3,0
11099,καλήμεναι,1,1,0
11100,κείνους,3,1,2
11101,κιχησόμεθα,1,1,0
11102,φυλάκεσσ,1,1,0
11103,ἐπέφραδον,1,1,0
11104,ἠγερέθεσθαι,1,1,0
11105,νεμεσήσεται,4,3,1
11106,ἀπιθήσει,1,1,0
11107,ἐποτρύνῃ,3,2,1
11108,περονήσατο,1,1,0
11109,φοινικόεσσαν,3,1,2
11110,διπλῆν,2,1,1
11111,ἐκταδίην,1,1,0
11112,οὔλη,1,1,0
11113,ἀκαχμένον,9,4,5
11114,ἀνέγειρε,2,2,0
11115,φθεγξάμενος,3,2,1
11116,ἰωή,2,1,1
11117,οἶοι,5,2,3
11118,ἀλᾶσθε,1,1,0
11119,νεμέσα,2,2,0
11120,βεβίηκεν,3,3,0
11121,ἕπε,2,2,0
11122,βουλεύειν,4,2,2
11123,φευγέμεν,3,2,1
11124,κίχανον,1,1,0
11125,κρασίν,1,1,0
11126,ὄρθ,1,1,0
11127,σαυρωτῆρος,1,1,0
11128,λάμφ,2,2,0
11129,στεροπή,2,2,0
11130,εὗδ,1,1,0
11131,ἔστρωτο,1,1,0
11132,ἀγραύλοιο,7,5,2
11133,κράτεσφι,1,1,0
11134,τάπης,1,1,0
11135,τετάνυστο,3,1,2
11136,φαεινός,4,3,1
11137,παρστάς,1,1,0
11138,ποδί,4,1,3
11139,κινήσας,8,3,5
11140,ὄτρυνέ,1,1,0
11141,νείκεσέ,2,1,1
11142,ἔγρεο,3,1,2
11143,πάννυχον,2,1,1
11144,ὕπνον,20,5,15
11145,ἀωτεῖς,1,1,0
11146,ἀΐεις,4,3,1
11147,θρωσμῷ,3,3,0
11148,ἐρύκει,3,3,0
11149,ὕπνοιο,1,1,0
11150,κραιπνῶς,5,4,1
11151,σχέτλιός,2,1,1
11152,λήγεις,1,1,0
11153,ἐγείρειαν,1,1,0
11154,ἀμήχανός,2,2,0
11155,ἀμύμονες,5,3,2
11156,μεγάλη,10,5,5
11157,πάντεσσιν,5,1,4
11158,ξυροῦ,1,1,0
11159,ἵσταται,3,3,0
11160,ἀκμῆς,1,1,0
11161,λυγρός,3,2,1
11162,ὄλεθρος,14,11,3
11163,βιῶναι,3,2,1
11164,ἄνστησον,1,1,0
11165,νεώτερος,3,3,0
11166,ἀναστήσας,5,1,4
11167,φυλάκεσσιν,1,1,0
11168,εὕδοντας,1,1,0
11169,ἡγήτορας,4,3,1
11170,ἐγρηγορτί,1,1,0
11171,δυσωρήσωνται,1,1,0
11172,θηρός,2,2,0
11173,ἀκούσαντες,1,1,0
11174,κρατερόφρονος,3,1,2
11175,ἔρχηται,1,1,0
11176,κυνῶν,8,4,4
11177,ὄλωλεν,2,1,1
11178,βλεφάροιιν,1,1,0
11179,ὀλώλει,1,1,0
11180,φυλασσομένοισι,1,1,0
11181,τετράφαθ,1,1,0
11182,ἀΐοιεν,1,1,0
11183,ἰόντων,1,1,0
11184,θάρσυνέ,1,1,0
11185,γενώμεθα,3,3,0
11186,κεκλήατο,1,1,0
11187,ἤϊσαν,7,3,4
11188,συμμητιάασθαι,1,1,0
11189,ἐκδιαβάντες,1,1,0
11190,ἑδριόωντο,3,1,2
11191,πιπτόντων,1,1,0
11192,ἀπετράπετ,2,2,0
11193,ὀλλύς,1,1,0
11194,ἐκάλυψεν,6,5,1
11195,καθεζόμενοι,1,1,0
11196,πίφαυσκον,2,1,1
11197,πεπίθοιθ,1,1,0
11198,τολμήεντι,1,1,0
11199,ἐσχατόωντα,1,1,0
11200,φῆμιν,6,1,5
11201,πύθοιτο,3,2,1
11202,ἅσσά,3,3,0
11203,μεμάασιν,7,3,4
11204,ἀπόπροθεν,8,4,4
11205,ἀναχωρήσουσιν,2,2,0
11206,δαμάσαντό,2,2,0
11207,ἀσκηθής,7,2,5
11208,ὑπουράνιον,2,1,1
11209,δόσις,3,1,2
11210,ἐσθλή,3,2,1
11211,ἐπικρατέουσιν,4,1,3
11212,ὄϊν,2,2,0
11213,θῆλυν,1,1,0
11214,ὑπόρρηνον,1,1,0
11215,κτέρας,2,2,0
11216,δαίτῃσι,1,1,0
11217,εἰλαπίνῃσι,1,1,0
11218,παρέσται,1,1,0
11219,ὀτρύνει,6,3,3
11220,δυσμενέων,11,5,6
11221,θαρσαλεώτερον,1,1,0
11222,κέρδος,3,1,2
11223,ἔῃ,5,3,2
11224,βράσσων,1,1,0
11225,λεπτή,3,2,1
11226,μῆτις,7,3,4
11227,ἠθελέτην,2,2,0
11228,τλήμων,2,2,0
11229,καταδῦναι,5,4,1
11230,ἐτόλμα,3,2,1
11231,ἕταρόν,2,2,0
11232,αἱρήσεαι,1,1,0
11233,φαινομένων,1,1,0
11234,μεμάασί,1,1,0
11235,αἰδόμενος,3,1,2
11236,ἀρείω,2,1,1
11237,καλλείπειν,1,1,0
11238,χείρον,1,1,0
11239,ὀπάσσεαι,1,1,0
11240,αἰδοῖ,4,1,3
11241,κελεύετέ,1,1,0
11242,λαθοίμην,2,1,1
11243,ἑσπομένοιο,1,1,0
11244,νοστήσαιμεν,1,1,0
11245,περίοιδε,1,1,0
11246,αἴνεε,1,1,0
11247,εἰδόσι,1,1,0
11248,ἄνεται,1,1,0
11249,προβέβηκε,1,1,0
11250,παροίχωκεν,1,1,0
11251,μοιράων,1,1,0
11252,τριτάτη,2,2,0
11253,λέλειπται,3,3,0
11254,εἰπόνθ,1,1,0
11255,ὅπλοισιν,2,2,0
11256,δεινοῖσιν,2,2,0
11257,Θρασυμήδης,6,3,3
11258,ἄμφηκες,4,2,2
11259,λέλειπτο,5,3,2
11260,ταυρείην,3,3,0
11261,ἄφαλόν,1,1,0
11262,ἄλλοφον,1,1,0
11263,καταῖτυξ,1,1,0
11264,κέκληται,2,2,0
11265,ῥύεται,2,2,0
11266,θαλερῶν,2,2,0
11267,βιόν,9,3,6
11268,ῥινοῦ,2,2,0
11269,ποιητήν,1,1,0
11270,ἐντέτατο,1,1,0
11271,ἔκτοσθε,3,1,2
11272,ὀδόντες,3,2,1
11273,ἀργιόδοντος,4,1,3
11274,ὑός,4,1,3
11275,θαμέες,4,3,1
11276,μέσσῃ,8,4,4
11277,πῖλος,1,1,0
11278,Ἐλεῶνος,1,1,0
11279,ἐξέλετ,2,2,0
11280,Αὐτόλυκος,4,1,3
11281,ἀντιτορήσας,1,1,0
11282,Σκάνδειαν,1,1,0
11283,Κυθηρίῳ,1,1,0
11284,Ἀμφιδάμαντι,1,1,0
11285,Ἀμφιδάμας,1,1,0
11286,Μόλῳ,1,1,0
11287,ξεινήϊον,3,2,1
11288,Μηριόνῃ,5,5,0
11289,πύκασεν,1,1,0
11290,ἀμφιτεθεῖσα,1,1,0
11291,λιπέτην,3,2,1
11292,ἐρῳδιόν,1,1,0
11293,ὁδοῖο,14,3,11
11294,κλάγξαντος,1,1,0
11295,ἄκουσαν,5,3,2
11296,χαῖρε,24,5,19
11297,ὄρνιθ,1,1,0
11298,παρίστασαι,2,1,1
11299,κινύμενος,1,1,0
11300,μάλιστά,6,5,1
11301,ἐϋκλεῖας,2,1,1
11302,ἀφικέσθαι,2,1,1
11303,ῥέξαντας,1,1,0
11304,μελήσῃ,1,1,0
11305,κέκλυθι,3,1,2
11306,σπεῖό,1,1,0
11307,ἕσπεο,1,1,0
11308,ᾔει,3,2,1
11309,Ἀσωπῷ,1,1,0
11310,χαλκοχίτωνας,1,1,0
11311,μειλίχιον,2,1,1
11312,Καδμείοισι,1,1,0
11313,κεῖσ,12,7,5
11314,ἀπιών,1,1,0
11315,πρόφρασσα,3,2,1
11316,ἐθέλουσα,3,2,1
11317,παρίσταο,1,1,0
11318,ῥέξω,5,3,2
11319,ἦνιν,2,1,1
11320,εὐρυμέτωπον,2,1,1
11321,ἀδμήτην,4,3,1
11322,κέρασιν,4,1,3
11323,περιχεύας,3,2,1
11324,εὐχόμενοι,2,2,0
11325,νέκυας,5,2,3
11326,ἀγήνορας,8,1,7
11327,εἴασεν,2,2,0
11328,κικλήσκετο,1,1,0
11329,ὑποσχόμενος,3,1,2
11330,δώρῳ,2,1,1
11331,μισθός,1,1,0
11332,ἄρκιος,2,1,1
11333,δίφρόν,2,2,0
11334,ἐριαύχενας,4,4,0
11335,ἔωσι,1,1,0
11336,θοῇς,7,4,3
11337,τλαίη,3,2,1
11338,ὠκυπόρων,6,5,1
11339,φυλάσσονται,2,2,0
11340,ἡμετέρῃσι,4,3,1
11341,φύξιν,2,2,0
11342,βουλεύουσι,3,3,0
11343,φυλασσέμεναι,4,2,2
11344,αἰνῷ,2,2,0
11345,Δόλων,6,6,0
11346,Εὐμήδεος,3,3,0
11347,κήρυκος,1,1,0
11348,πολύχρυσος,1,1,0
11349,πολύχαλκος,1,1,0
11350,ποδώκης,2,2,0
11351,πέντε,7,5,2
11352,κασιγνήτῃσιν,1,1,0
11353,δωσέμεν,2,2,0
11354,φορέουσιν,1,1,0
11355,ἅλιος,6,1,5
11356,δόξης,2,1,1
11357,νῆ,4,1,3
11358,Ἀγαμεμνονέην,3,2,1
11359,μέλλουσιν,2,1,1
11360,ὄμοσσεν,2,2,0
11361,ἐποχήσεται,2,2,0
11362,ἀγλαϊεῖσθαι,1,1,0
11363,ἐπώμοσε,1,1,0
11364,ὀρόθυνεν,4,3,1
11365,πολιοῖο,4,2,2
11366,λύκοιο,1,1,0
11367,κτιδέην,2,2,0
11368,ἄκοντα,6,3,3
11369,στρατοῦ,9,7,2
11370,ἀποίσειν,1,1,0
11371,φράσατο,1,1,0
11372,ἐπίσκοπος,3,2,1
11373,ἐῶμέν,1,1,0
11374,παρεξελθεῖν,3,1,2
11375,ἐπαΐξαντες,1,1,0
11376,ἕλοιμεν,1,1,0
11377,παραφθαίησι,1,1,0
11378,στρατόφι,1,1,0
11379,προτιειλεῖν,1,1,0
11380,ἐπαΐσσων,4,4,0
11381,ἀλύξῃ,2,1,1
11382,κλινθήτην,1,1,0
11383,παρέδραμεν,1,1,0
11384,ἀπέην,2,2,0
11385,οὖρα,2,2,0
11386,πέλονται,16,4,12
11387,αἱ,56,3,53
11388,προφερέστεραί,1,1,0
11389,ἑλκέμεναι,4,3,1
11390,νειοῖο,2,2,0
11391,πηκτόν,3,2,1
11392,ἄροτρον,3,2,1
11393,ἐπεδραμέτην,1,1,0
11394,ἔλπετο,13,12,1
11395,ἀποστρέψοντας,1,1,0
11396,ὀτρύναντος,2,2,0
11397,ἄπεσαν,1,1,0
11398,δουρηνεκές,1,1,0
11399,ἔλασσον,2,2,0
11400,δηΐους,3,3,0
11401,λαιψηρά,8,8,0
11402,φευγέμεναι,3,3,0
11403,διώκειν,7,6,1
11404,ὁρμήθησαν,4,4,0
11405,καρχαρόδοντε,1,1,0
11406,κύνε,1,1,0
11407,κεμάδ,1,1,0
11408,λαγωόν,2,2,0
11409,ἐπείγετον,1,1,0
11410,ἐμμενές,5,3,2
11411,ὑλήενθ,1,1,0
11412,προθέῃσι,1,1,0
11413,μεμηκώς,1,1,0
11414,λαοῦ,2,2,0
11415,ἀποτμήξαντε,1,1,0
11416,διώκετον,1,1,0
11417,μιγήσεσθαι,1,1,0
11418,ἔμβαλ,5,5,0
11419,φθαίη,2,2,0
11420,ἀλύξειν,1,1,0
11421,ἀφῆκεν,3,3,0
11422,ἡμάρτανε,3,2,1
11423,ἐΰξου,1,1,0
11424,ἐπάγη,2,2,0
11425,βαμβαίνων,1,1,0
11426,ἄραβος,1,1,0
11427,χλωρός,2,1,1
11428,δείους,2,2,0
11429,ἀσθμαίνοντε,1,1,0
11430,κιχήτην,1,1,0
11431,ἁψάσθην,1,1,0
11432,ζωγρεῖτ,1,1,0
11433,λύσομαι,1,1,0
11434,καταθύμιος,1,1,0
11435,κατάλεξον,26,5,21
11436,διασκοπιᾶσθαι,2,2,0
11437,ἔτρεμε,1,1,0
11438,πολλῇσίν,1,1,0
11439,ἄτῃσι,1,1,0
11440,παρέκ,5,2,3
11441,Πηλεΐωνος,14,13,1
11442,δωσέμεναι,3,2,1
11443,ἐπεμαίετο,4,2,2
11444,ἀλεγεινοί,2,2,0
11445,θνητοῖσι,10,6,4
11446,δαμήμεναι,5,5,0
11447,ὀχέεσθαι,2,2,0
11448,ἀθανάτη,3,2,1
11449,λίπες,1,1,0
11450,ἀρήϊα,5,2,3
11451,δαί,2,2,0
11452,φυλακαί,1,1,0
11453,εὐναί,5,1,4
11454,βουληφόροι,3,1,2
11455,βουλεύει,1,1,0
11456,θείου,6,2,4
11457,σήματι,1,1,0
11458,Ἴλου,4,3,1
11459,εἴρεαι,4,3,1
11460,κεκριμένη,1,1,0
11461,φυλάσσει,3,1,2
11462,ὅσσαι,7,2,5
11463,ἐσχάραι,1,1,0
11464,ἐγρηγόρθασι,1,1,0
11465,φυλασσέμεναί,1,1,0
11466,ἐπιτραπέουσι,1,1,0
11467,φυλάσσειν,4,1,3
11468,μεμιγμένοι,1,1,0
11469,εὕδουσ,2,1,1
11470,δίειπέ,1,1,0
11471,δαείω,4,3,1
11472,Κᾶρες,1,1,0
11473,Παίονες,2,2,0
11474,ἀγκυλότοξοι,1,1,0
11475,Λέλεγες,1,1,0
11476,Καύκωνες,2,2,0
11477,δῖοί,2,1,1
11478,Πελασγοί,2,1,1
11479,Θύμβρης,1,1,0
11480,ἔλαχον,4,2,2
11481,Μυσοί,2,2,0
11482,ἀγέρωχοι,1,1,0
11483,Φρύγες,1,1,0
11484,ἱππόμαχοι,1,1,0
11485,Μῄονες,1,1,0
11486,διεξερέεσθε,1,1,0
11487,οἷδ,1,1,0
11488,νεήλυδες,2,2,0
11489,ἔσχατοι,3,1,2
11490,Ῥῆσος,2,2,0
11491,Ἠϊονῆος,1,1,0
11492,καλλίστους,2,1,1
11493,μεγίστους,1,1,0
11494,λευκότεροι,1,1,0
11495,χιόνος,2,2,0
11496,θείειν,6,3,3
11497,ἀνέμοισιν,6,2,4
11498,ὁμοῖοι,4,2,2
11499,χρυσῷ,8,4,4
11500,ἀργύρῳ,7,3,4
11501,ἤσκηται,1,1,0
11502,πελώρια,3,2,1
11503,καταθνητοῖσιν,1,1,0
11504,πελάσσετον,1,1,0
11505,δήσαντες,2,2,0
11506,λίπετ,4,4,0
11507,ἔλθητον,1,1,0
11508,πειρηθῆτον,1,1,0
11509,ἔειπον,7,2,5
11510,φύξίν,1,1,0
11511,ἐμβάλλεο,2,2,0
11512,ἀγγείλας,2,1,1
11513,ἁμάς,2,2,0
11514,ἀπολύσομεν,1,1,0
11515,μεθῶμεν,1,1,0
11516,εἶσθα,2,1,1
11517,διοπτεύσων,1,1,0
11518,πολεμίξων,2,2,0
11519,πῆμά,1,1,0
11520,ἔσσεαι,7,4,3
11521,ἁψάμενος,3,3,0
11522,κέρσε,2,2,0
11523,φθεγγομένου,2,1,1
11524,λυκέην,1,1,0
11525,ληΐτιδι,1,1,0
11526,ὑψόσ,17,9,8
11527,τοῖσδεσσι,2,1,1
11528,πρώτην,6,2,4
11529,ἐπιδωσόμεθ,1,1,0
11530,πέμψον,5,3,2
11531,ἐφώνησεν,9,2,7
11532,μυρίκην,1,1,0
11533,δέελον,1,1,0
11534,συμμάρψας,1,1,0
11535,δόνακας,2,1,1
11536,μυρίκης,1,1,0
11537,ἐριθηλέας,1,1,0
11538,λάθοι,3,2,1
11539,κέκλιτο,1,1,0
11540,τριστοιχί,1,1,0
11541,μέσῳ,13,7,6
11542,ἐπιδιφριάδος,1,1,0
11543,πυμάτης,2,2,0
11544,ἱμᾶσι,4,4,0
11545,δέδεντο,3,1,2
11546,πίφαυσκε,1,1,0
11547,ἐπέφνομεν,3,3,0
11548,ἑστάμεναι,6,5,1
11549,μέλεον,3,3,0
11550,λύ,2,1,1
11551,ἔναιρε,1,1,0
11552,ἔμπνευσε,4,3,1
11553,κτεῖνε,5,2,3
11554,ἐπιστροφάδην,4,2,2
11555,στόνος,5,3,2
11556,ἀεικής,5,2,3
11557,ἄορι,10,10,0
11558,θεινομένων,2,2,0
11559,ἐρυθαίνετο,2,2,0
11560,μήλοισιν,1,1,0
11561,ἀσημάντοισιν,1,1,0
11562,αἴγεσιν,1,1,0
11563,ἐνορούσῃ,1,1,0
11564,δυώδεκ,1,1,0
11565,ἔπεφνεν,8,3,5
11566,πλήξειε,1,1,0
11567,ἐξερύσασκε,1,1,0
11568,καλλίτριχες,3,3,0
11569,διέλθοιεν,1,1,0
11570,τρομεοίατο,1,1,0
11571,νεκροῖς,1,1,0
11572,ἀμβαίνοντες,1,1,0
11573,ἀήθεσσον,1,1,0
11574,τρισκαιδέκατον,2,2,0
11575,ἀσθμαίνοντα,2,2,0
11576,νύκτ,6,2,4
11577,λύε,3,3,0
11578,ἤειρεν,1,1,0
11579,ἐξήλαυνεν,1,1,0
11580,ἐπιπλήσσων,1,1,0
11581,ποικίλου,1,1,0
11582,νοήσατο,1,1,0
11583,ῥοίζησεν,1,1,0
11584,πιφαύσκων,4,2,2
11585,κύντατον,1,1,0
11586,ἕρδοι,2,2,0
11587,ῥυμοῦ,1,1,0
11588,ἐξερύοι,1,1,0
11589,ἐκφέροι,1,1,0
11590,εἷος,16,16,0
11591,νόστου,9,1,8
11592,μνῆσαι,8,4,4
11593,πεφοβημένος,1,1,0
11594,ἐγείρῃσιν,1,1,0
11595,κόψε,4,3,1
11596,ἐπέτοντο,4,2,2
11597,ἀλαοσκοπιήν,4,3,1
11598,εἶχ,1,1,0
11599,ἴδ,2,2,0
11600,ἕπουσαν,1,1,0
11601,Ἱπποκόωντα,1,1,0
11602,Ῥήσου,1,1,0
11603,ἀνεψιόν,3,3,0
11604,ἀνορούσας,2,2,0
11605,ἐρῆμον,1,1,0
11606,ἄνδράς,1,1,0
11607,ἀργαλέῃσι,1,1,0
11608,φονῇσιν,2,2,0
11609,ᾤμωξέν,5,4,1
11610,ὀνόμηνεν,6,6,0
11611,κυδοιμός,1,1,0
11612,θυνόντων,1,1,0
11613,ῥέξαντες,2,2,0
11614,σκοπόν,4,3,1
11615,ἔκταν,5,3,2
11616,ἔρυξε,1,1,0
11617,χείρεσσ,5,3,2
11618,κτύπον,3,3,0
11619,ἄϊε,2,2,0
11620,ψεύσομαι,2,1,1
11621,ἔτυμον,2,1,1
11622,κτύπος,6,4,2
11623,οὔατα,12,5,7
11624,ἐλασαίατο,1,1,0
11625,πάθωσιν,1,1,0
11626,εἴρητο,2,1,1
11627,κατέβησαν,1,1,0
11628,χαρέντες,1,1,0
11629,δεξιῇ,1,1,0
11630,ἠσπάζοντο,3,1,2
11631,ἐξερέεινε,2,1,1
11632,τοῦσδ,1,1,0
11633,λάβετον,1,1,0
11634,καταδύντες,1,1,0
11635,ἀντιβολήσας,6,4,2
11636,ἀκτίνεσσιν,2,1,1
11637,ἐπιμίσγομαι,1,1,0
11638,νόησα,2,1,1
11639,ὔμμ,8,3,5
11640,ἀντιάσαντα,4,1,3
11641,ἀμείνονας,2,2,0
11642,δωρήσαιτ,1,1,0
11643,Θρηΐκιοι,1,1,0
11644,ἄνακτ,2,1,1
11645,διοπτῆρα,1,1,0
11646,ἡμετέροιο,8,4,4
11647,διήλασε,2,2,0
11648,χαίροντες,1,1,0
11649,ἐϋτμήτοισιν,2,2,0
11650,ἱππείῃ,1,1,0
11651,ἔδοντες,15,2,13
11652,πρυμνῇ,6,3,3
11653,Δόλωνος,1,1,0
11654,ἱρόν,5,1,4
11655,ἑτοιμασσαίατ,1,1,0
11656,ἀπενίζοντο,1,1,0
11657,ἐσβάντες,1,1,0
11658,κνήμας,2,1,1
11659,νίψεν,2,1,1
11660,χρωτός,1,1,0
11661,ἀνέψυχθεν,1,1,0
11662,ἀσαμίνθους,4,1,3
11663,ἐϋξέστας,2,1,1
11664,λούσαντο,4,1,3
11665,λοεσσαμένω,1,1,0
11666,ἀλειψαμένω,1,1,0
11667,ἐλαίῳ,19,6,13
11668,δείπνῳ,3,1,2
11669,ἐφιζανέτην,1,1,0
11670,πλείου,1,1,0
11671,λεῖβον,3,2,1
11672,λεχέων,5,3,2
11673,Τιθωνοῖο,2,1,1
11674,ὄρνυθ,2,2,0
11675,Ἔριδα,1,1,0
11676,προΐαλλε,3,1,2
11677,ἀργαλέην,5,3,2
11678,ἔχουσαν,3,1,2
11679,ὄρθι,1,1,0
11680,ἄληκτον,2,2,0
11681,ζώννυσθαι,2,2,0
11682,Κινύρης,1,1,0
11683,πεύθετο,2,1,1
11684,Κύπρον,5,1,4
11685,ἀναπλεύσεσθαι,1,1,0
11686,χαριζόμενος,6,3,3
11687,οἶμοι,1,1,0
11688,κυάνοιο,3,2,1
11689,κασσιτέροιο,6,6,0
11690,κυάνεοι,1,1,0
11691,δράκοντες,1,1,0
11692,ὀρωρέχατο,1,1,0
11693,ἑκάτερθ,1,1,0
11694,ἴρισσιν,1,1,0
11695,νέφεϊ,1,1,0
11696,στήριξε,1,1,0
11697,ἧλοι,1,1,0
11698,πάμφαινον,1,1,0
11699,ἀορτήρεσσιν,1,1,0
11700,ἀρηρός,2,2,0
11701,ἀμφιβρότην,1,1,0
11702,πολυδαίδαλον,3,1,2
11703,κύκλοι,1,1,0
11704,χάλκεοι,2,1,1
11705,ὀμφαλοί,1,1,0
11706,μέσοισιν,1,1,0
11707,Γοργώ,1,1,0
11708,βλοσυρῶπις,1,1,0
11709,ἐστεφάνωτο,2,2,0
11710,δερκομένη,1,1,0
11711,κυάνεος,1,1,0
11712,ἐλέλικτο,2,2,0
11713,κεφαλαί,2,1,1
11714,ἀμφιστρεφέες,1,1,0
11715,ἐκπεφυυῖαι,1,1,0
11716,ἄλκιμα,3,2,1
11717,αὐτόφιν,2,2,0
11718,λάμπ,1,1,0
11719,ἐγδούπησαν,1,1,0
11720,τιμῶσαι,1,1,0
11721,τάφρῳ,8,8,0
11722,πρυλέες,2,2,0
11723,ῥώοντ,2,2,0
11724,βοή,10,7,3
11725,ἠῶθι,3,1,2
11726,φθάν,1,1,0
11727,ἱππήων,2,2,0
11728,μετεκίαθον,4,4,0
11729,κυδοιμόν,3,3,0
11730,ὑψόθεν,8,4,4
11731,ἐέρσας,1,1,0
11732,μυδαλέας,1,1,0
11733,κεφαλάς,14,5,9
11734,Πουλυδάμαντα,3,3,0
11735,Ἀντηνορίδας,1,1,0
11736,Πόλυβον,2,1,1
11737,Ἀγήνορα,4,4,0
11738,ἠΐθεόν,1,1,0
11739,φέρ,1,1,0
11740,ἀναφαίνεται,3,3,0
11741,οὔλιος,1,1,0
11742,τοτέ,4,2,2
11743,ὁτέ,5,5,0
11744,φάνεσκεν,1,1,0
11745,πυμάτοισι,1,1,0
11746,πᾶς,8,6,2
11747,ἀμητῆρες,1,1,0
11748,ὄγμον,2,2,0
11749,ἐλαύνωσιν,1,1,0
11750,μάκαρος,1,1,0
11751,πυρῶν,1,1,0
11752,κριθῶν,1,1,0
11753,δράγματα,2,2,0
11754,ταρφέα,3,3,0
11755,πίπτει,4,2,2
11756,θορόντες,3,3,0
11757,μνώοντ,2,2,0
11758,ἴσας,1,1,0
11759,ὑσμίνη,2,2,0
11760,ἔχαιρε,1,1,0
11761,πολύστονος,3,2,1
11762,εἰσορόωσα,2,1,1
11763,παρετύγχανε,1,1,0
11764,μαρναμένοισιν,2,2,0
11765,πάρεσαν,1,1,0
11766,σφοῖσιν,1,1,0
11767,καθήατο,3,3,0
11768,ᾐτιόωντο,1,1,0
11769,κελαινεφέα,1,1,0
11770,ἐβούλετο,4,3,1
11771,ὀρέξαι,4,3,1
11772,ἀλέγιζε,1,1,0
11773,στεροπήν,2,1,1
11774,ὀλλύντάς,1,1,0
11775,ὀλλυμένους,2,2,0
11776,δρυτόμος,2,2,0
11777,ὁπλίσσατο,1,1,0
11778,βήσσῃσιν,1,1,0
11779,ἐκορέσσατο,2,2,0
11780,τάμνων,2,1,1
11781,ἅδος,1,1,0
11782,γλυκεροῖο,4,1,3
11783,σφῇ,1,1,0
11784,ἀρετῇ,9,4,5
11785,ῥήξαντο,1,1,0
11786,ὄρουσ,2,2,0
11787,Βιάνορα,1,1,0
11788,Ὀϊλῆα,1,1,0
11789,κατεπάλμενος,1,1,0
11790,μετώπιον,2,2,0
11791,στεφάνη,1,1,0
11792,χαλκοβάρεια,4,2,2
11793,ὀστέου,1,1,0
11794,ἅπας,7,5,2
11795,πεπάλακτο,6,5,1
11796,παμφαίνοντας,1,1,0
11797,περίδυσε,1,1,0
11798,χιτῶνας,12,4,8
11799,Ἶσόν,1,1,0
11800,Ἄντιφον,2,2,0
11801,ἐξεναρίξων,1,1,0
11802,γνήσιον,1,1,0
11803,ἡνιόχευεν,3,2,1
11804,παρέβασκε,1,1,0
11805,ὥ,10,8,2
11806,δίδη,1,1,0
11807,μόσχοισι,1,1,0
11808,λύγοισι,1,1,0
11809,ποιμαίνοντ,1,1,0
11810,ἀποίνων,1,1,0
11811,οὖς,2,2,0
11812,ἔλασε,2,2,0
11813,σπερχόμενος,3,3,0
11814,τοῖιν,3,3,0
11815,σφε,3,1,2
11816,θοῇσιν,10,8,2
11817,ἄγαγεν,1,1,0
11818,συνέαξε,1,1,0
11819,κρατεροῖσιν,3,3,0
11820,εὐνήν,22,4,18
11821,ἁπαλόν,2,1,1
11822,τύχῃσι,1,1,0
11823,δύναταί,2,2,0
11824,ἤϊξε,4,3,1
11825,δρυμά,4,1,3
11826,σπεύδουσ,1,1,0
11827,ἱδρώουσα,1,1,0
11828,κραταιοῦ,1,1,0
11829,ὁρμῆς,2,1,1
11830,χραισμῆσαι,3,3,0
11831,Πείσανδρόν,1,1,0
11832,μενεχάρμην,2,2,0
11833,Ἀντιμάχοιο,4,4,0
11834,εἴασχ,1,1,0
11835,κυκηθήτην,1,1,0
11836,γουναζέσθην,1,1,0
11837,ζωούς,8,5,3
11838,κλαίοντε,2,2,0
11839,προσαυδήτην,2,2,0
11840,μειλιχίοις,11,3,8
11841,ἀμείλικτον,2,2,0
11842,ἐλθόντα,8,1,7
11843,κατακτεῖναι,2,1,1
11844,ἐξέμεν,1,1,0
11845,τίσετε,2,2,0
11846,Πείσανδρον,2,1,1
11847,τμήξας,1,1,0
11848,κόψας,2,2,0
11849,ὅλμον,1,1,0
11850,ἔσσευε,2,2,0
11851,κυλίνδεσθαι,1,1,0
11852,πλεῖσται,2,2,0
11853,ἐνόρουσ,1,1,0
11854,ὄλεκον,3,2,1
11855,ἱππεῖς,1,1,0
11856,ὦρσαν,2,1,1
11857,ἐρίγδουποι,1,1,0
11858,δηϊόωντες,1,1,0
11859,ἀξύλῳ,1,1,0
11860,ἐμπέσῃ,1,1,0
11861,ὕλῃ,4,2,2
11862,εἰλυφόων,1,1,0
11863,θάμνοι,1,1,0
11864,πρόρριζοι,1,1,0
11865,πίπτουσιν,2,2,0
11866,ἐπειγόμενοι,8,4,4
11867,ὁρμῇ,1,1,0
11868,ἐριαύχενες,1,1,0
11869,κείν,2,2,0
11870,κροτάλιζον,1,1,0
11871,ἡνιόχους,1,1,0
11872,κείατο,2,1,1
11873,γύπεσσιν,1,1,0
11874,φίλτεροι,1,1,0
11875,ὕπαγε,3,3,0
11876,κονίης,6,5,1
11877,ἀνδροκτασίης,2,2,0
11878,κυδοιμοῦ,1,1,0
11879,ἕπετο,4,4,0
11880,σφεδανόν,3,3,0
11881,παλαιοῦ,5,2,3
11882,ἱέμενοι,12,3,9
11883,ἀνέμιμνον,1,1,0
11884,κάμ,3,1,2
11885,ἐφόβησε,7,7,0
11886,μολών,2,1,1
11887,ἀμολγῷ,5,4,1
11888,αἰπύς,10,8,2
11889,ὀδοῦσι,2,2,0
11890,ἔγκατα,4,3,1
11891,λαφύσσει,2,2,0
11892,ἔφεπε,4,4,0
11893,ἐφέβοντο,2,1,1
11894,πρηνεῖς,1,1,0
11895,ὕπτιοι,1,1,0
11896,ἔκπεσον,1,1,0
11897,θῦεν,4,2,2
11898,πιδηέσσης,1,1,0
11899,καταβάς,3,1,2
11900,ἀστεροπήν,1,1,0
11901,ἐνίσπες,11,2,9
11902,ὁρᾷ,6,3,3
11903,ἐναίροντα,2,2,0
11904,ἀνώχθω,1,1,0
11905,τυπείς,8,8,0
11906,ἅλεται,2,2,0
11907,ἐγγυαλίξω,3,2,1
11908,ἀφίκηται,2,2,0
11909,δύῃ,5,3,2
11910,ἔλθῃ,19,10,9
11911,κολλητοῖσιν,3,2,1
11912,τεΐν,5,1,4
11913,ὁρᾷς,1,1,0
11914,ὑπόεικε,1,1,0
11915,ἐγγυαλίξει,1,1,0
11916,ἐκαρτύναντο,3,3,0
11917,ἀρτύνθη,1,1,0
11918,προμάχεσθαι,2,2,0
11919,Ἰφιδάμας,2,2,0
11920,Θρῄκῃ,1,1,0
11921,Κισσῆς,1,1,0
11922,ἔθρεψε,4,2,2
11923,μητροπάτωρ,1,1,0
11924,ἥβης,10,4,6
11925,ἐρικυδέος,3,2,1
11926,μέτρον,6,1,5
11927,γήμας,1,1,0
11928,ἵκετ,15,5,10
11929,Περκώτῃ,2,2,0
11930,ἔνερθε,5,4,1
11931,ἔρεισε,2,2,0
11932,ἔτορε,1,1,0
11933,μόλιβος,1,1,0
11934,ἕλκ,3,3,0
11935,λίς,6,4,2
11936,σπάσσατο,1,1,0
11937,κοιμήσατο,2,1,1
11938,οἰκτρός,1,1,0
11939,μνηστῆς,2,1,1
11940,ἀστοῖσιν,1,1,0
11941,πρῶθ,2,1,1
11942,αἶγας,16,1,15
11943,ὄϊς,5,2,3
11944,ἄσπετα,12,2,10
11945,ποιμαίνοντο,1,1,0
11946,Κόων,4,4,0
11947,ἀριδείκετος,1,1,0
11948,πρεσβυγενής,1,1,0
11949,ὀφθαλμούς,7,5,2
11950,εὐράξ,2,2,0
11951,Κόωνι,1,1,0
11952,ἀνεμοτρεφές,2,2,0
11953,Ἰφιδάμαντα,1,1,0
11954,κασίγνητον,5,5,0
11955,ὄπατρον,1,1,0
11956,ἀΰτει,3,3,0
11957,ἕλκοντ,1,1,0
11958,Ἰφιδάμαντι,1,1,0
11959,ἀπέκοψε,3,2,1
11960,ἔγχεΐ,5,5,0
11961,ἄορί,2,2,0
11962,μεγάλοισί,3,3,0
11963,χερμαδίοισιν,5,4,1
11964,θερμόν,3,1,2
11965,ἀνήνοθεν,2,1,1
11966,ἐτέρσετο,2,2,0
11967,παύσατο,3,3,0
11968,ὀξεῖαι,2,1,1
11969,δῦνον,2,2,0
11970,ὠδίνουσαν,1,1,0
11971,ἔχῃ,4,1,3
11972,δριμύ,2,1,1
11973,προϊεῖσι,1,1,0
11974,μογοστόκοι,1,1,0
11975,Εἰλείθυιαι,1,1,0
11976,πικράς,1,1,0
11977,ὠδῖνας,1,1,0
11978,ὀξεῖ,2,2,0
11979,ἤχθετο,5,3,2
11980,ἀμύνετε,4,4,0
11981,πανημέριον,1,1,0
11982,ἡνίοχος,5,5,0
11983,ἵμασεν,5,3,2
11984,ἄφρεον,1,1,0
11985,στήθεα,5,5,0
11986,ῥαίνοντο,1,1,0
11987,ἐνόησ,5,4,1
11988,κιόντα,7,4,3
11989,Λυκίοισιν,6,6,0
11990,οἴχετ,3,1,2
11991,ὤριστος,9,8,1
11992,ἐλαύνετε,3,1,2
11993,ἰφθίμων,3,2,1
11994,ὑπέρτερον,4,4,0
11995,ἄρησθε,1,1,0
11996,θηρητήρ,2,2,0
11997,ἀργιόδοντας,2,1,1
11998,σεύῃ,1,1,0
11999,ἀγροτέρῳ,1,1,0
12000,καπρίῳ,2,2,0
12001,λέοντι,1,1,0
12002,βροτολοιγῷ,5,4,1
12003,ὑπεραέϊ,1,1,0
12004,ἀέλλῃ,3,3,0
12005,καθαλλομένη,1,1,0
12006,ἰοειδέα,2,1,1
12007,ὀρίνει,1,1,0
12008,Ἀσαῖον,1,1,0
12009,Αὐτόνοον,2,2,0
12010,Ὀπίτην,1,1,0
12011,Δόλοπα,1,1,0
12012,Κλυτίδην,1,1,0
12013,Αἴσυμνόν,1,1,0
12014,Ὦρόν,1,1,0
12015,Ἱππόνοον,1,1,0
12016,ἡγεμόνας,2,2,0
12017,στυφελίξῃ,1,1,0
12018,ἀργεστᾶο,2,2,0
12019,Νότοιο,2,2,0
12020,βαθείῃ,2,1,1
12021,λαίλαπι,12,6,6
12022,τύπτων,1,1,0
12023,τρόφι,1,1,0
12024,κυλίνδεται,4,3,1
12025,ὑψόσε,6,5,1
12026,ἄχνη,2,1,1
12027,σκίδναται,2,1,1
12028,πολυπλάγκτοιο,1,1,0
12029,καρήαθ,1,1,0
12030,δάμνατο,1,1,0
12031,παθόντε,1,1,0
12032,λελάσμεθα,1,1,0
12033,ἵσταο,1,1,0
12034,ἔλεγχος,1,1,0
12035,μενέω,7,5,2
12036,τλήσομαι,4,2,2
12037,βόλεται,1,1,0
12038,δοῦναι,5,3,2
12039,Θυμβραῖον,1,1,0
12040,Μολίονα,1,1,0
12041,εἴασαν,1,1,0
12042,ἀπέπαυσαν,1,1,0
12043,κυδοίμεον,1,1,0
12044,κάπρω,1,1,0
12045,κυσί,4,4,0
12046,θηρευτῇσι,2,2,0
12047,φρονέοντε,4,4,0
12048,πέσητον,1,1,0
12049,ὀρμένω,1,1,0
12050,ἀνέπνεον,1,1,0
12051,ἀνέρε,5,5,0
12052,ἀρίστω,4,4,0
12053,κεκαδών,1,1,0
12054,Ἱππόδαμον,1,1,0
12055,Ὑπείροχον,1,1,0
12056,ἐτάνυσσε,13,3,10
12057,καθορῶν,1,1,0
12058,Ἀγάστροφον,1,1,0
12059,Παιονίδην,2,2,0
12060,προφυγεῖν,1,1,0
12061,ὤλεσε,10,5,5
12062,Ὀδυσσῆα,16,1,15
12063,στέωμεν,2,2,0
12064,ἀλεξώμεσθα,2,2,0
12065,ἀφάμαρτε,4,4,0
12066,τιτυσκόμενος,5,2,3
12067,κόρυθα,5,5,0
12068,πλάγχθη,2,1,1
12069,χαλκόφι,1,1,0
12070,ἐρύκακε,6,5,1
12071,τρίπτυχος,1,1,0
12072,αὐλῶπις,3,3,0
12073,ὦκ,5,4,1
12074,ἀνέδραμε,2,2,0
12075,μίκτο,2,2,0
12076,δούρατος,1,1,0
12077,καταείσατο,1,1,0
12078,ἔμπνυτο,2,2,0
12079,ὀρούσας,5,5,0
12080,ἐξέλασ,1,1,0
12081,ἔφυγες,2,2,0
12082,μέλλεις,5,3,2
12083,ἐξανύω,2,2,0
12084,ἐπιείσομαι,3,2,1
12085,τιταίνετο,1,1,0
12086,στήλῃ,3,3,0
12087,ἀνδροκμήτῳ,1,1,0
12088,δημογέροντος,1,1,0
12089,Ἀγαστρόφου,1,1,0
12090,ἰφθίμοιο,1,1,0
12091,αἴνυτ,1,1,0
12092,στήθεσφι,1,1,0
12093,βριαρήν,4,4,0
12094,πῆχυν,3,3,0
12095,ἄνελκε,2,2,0
12096,ταρσόν,2,2,0
12097,δεξιτεροῖο,1,1,0
12098,ἀμπερές,3,2,1
12099,ἰός,4,3,1
12100,κατέπηκτο,1,1,0
12101,γελάσσας,2,2,0
12102,λόχου,2,1,1
12103,ἀμπήδησε,1,1,0
12104,ὄφελόν,1,1,0
12105,ἀνέπνευσαν,2,2,0
12106,πεφρίκασι,1,1,0
12107,λέονθ,3,3,0
12108,μηκάδες,2,2,0
12109,αἶγες,5,2,3
12110,τοξότα,1,1,0
12111,λωβητήρ,1,1,0
12112,κέρᾳ,1,1,0
12113,ἀγλαέ,1,1,0
12114,παρθενοπῖπα,1,1,0
12115,πειρηθείης,1,1,0
12116,χραίσμῃσι,1,1,0
12117,ταρφέες,2,1,1
12118,ἰοί,6,3,3
12119,βάλοι,6,1,5
12120,ἄφρων,5,3,2
12121,κωφόν,1,1,0
12122,ἀνάλκιδος,3,1,2
12123,οὐτιδανοῖο,1,1,0
12124,ἐπαύρῃ,3,2,1
12125,ἀμφίδρυφοί,1,1,0
12126,παρειαί,4,2,2
12127,ὀρφανικοί,1,1,0
12128,ἐρεύθων,1,1,0
12129,πύθεται,2,1,1
12130,οἰωνοί,9,5,4
12131,πλέες,1,1,0
12132,καθεζόμενος,3,1,2
12133,ὀδύνη,2,2,0
12134,παρέμεινεν,1,1,0
12135,φόβος,5,5,0
12136,πάθω,3,1,2
12137,φέβωμαι,1,1,0
12138,ἁλώω,2,1,1
12139,διελέξατο,5,5,0
12140,κακοί,5,2,3
12141,ἀποίχονται,1,1,0
12142,ἀριστεύῃσι,1,1,0
12143,ἔβλητ,3,3,0
12144,ἔλσαν,1,1,0
12145,σφίσι,4,2,2
12146,κάπριον,1,1,0
12147,ξυλόχοιο,3,2,1
12148,θήγων,1,1,0
12149,ὀδόντα,1,1,0
12150,γναμπτῇσι,1,1,0
12151,γένυσσιν,1,1,0
12152,κόμπος,3,2,1
12153,μένουσιν,1,1,0
12154,Δηϊοπίτην,1,1,0
12155,Θόωνα,2,2,0
12156,Ἔννομον,2,2,0
12157,Χερσιδάμαντα,1,1,0
12158,ἀΐξαντα,3,3,0
12159,πρότμησιν,1,1,0
12160,ἀγοστῷ,5,5,0
12161,Ἱππασίδην,3,3,0
12162,Χάροπ,1,1,0
12163,αὐτοκασίγνητον,2,2,0
12164,εὐηφενέος,1,1,0
12165,Σώκοιο,2,2,0
12166,ἐπαλεξήσων,1,1,0
12167,Σῶκος,1,1,0
12168,πολύαινε,1,1,0
12169,δόλων,2,1,1
12170,ἆτ,2,1,1
12171,ἐπεύξεαι,1,1,0
12172,Ἱππασίδῃσι,1,1,0
12173,τοιώδ,1,1,0
12174,κατακτείνας,4,3,1
12175,πλευρῶν,1,1,0
12176,ἔργαθεν,1,1,0
12177,μιχθήμεναι,1,1,0
12178,ἔγκασι,1,1,0
12179,κατακαίριον,1,1,0
12180,Σῶκον,1,1,0
12181,ἆ,14,7,7
12182,δείλ,7,5,2
12183,κιχάνεται,1,1,0
12184,ἔπαυσας,2,1,1
12185,ὑποστρέψας,2,1,1
12186,ἐπεύξατο,10,8,2
12187,Σῶχ,1,1,0
12188,Ἱππάσου,1,1,0
12189,φθῆ,2,1,1
12190,ὑπάλυξας,1,1,0
12191,καθαιρήσουσι,1,1,0
12192,θανόντι,5,2,3
12193,ὠμησταί,2,2,0
12194,ἐρύουσι,2,2,0
12195,πτερά,9,4,5
12196,βαλόντες,4,2,2
12197,θάνω,2,2,0
12198,κτεριοῦσί,1,1,0
12199,σπασθέντος,1,1,0
12200,ἀνέσσυτο,1,1,0
12201,ἐξοπίσω,9,7,2
12202,αὖε,4,4,0
12203,χάδε,1,1,0
12204,ἄϊεν,1,1,0
12205,ἰάχοντος,1,1,0
12206,ταλασίφρονος,11,1,10
12207,βιῴατο,1,1,0
12208,ἀποτμήξαντες,1,1,0
12209,πάθῃσιν,2,1,1
12210,μονωθείς,1,1,0
12211,ἕπονθ,3,3,0
12212,δαφοινοί,1,1,0
12213,θῶες,3,3,0
12214,ὄρεσφιν,3,3,0
12215,βεβλημένον,7,7,0
12216,νευρῆς,3,2,1
12217,ἤλυξε,1,1,0
12218,πόδεσσι,14,8,6
12219,λιαρόν,4,2,2
12220,δαμάσσεται,2,2,0
12221,ὠμοφάγοι,2,2,0
12222,οὔρεσι,6,6,0
12223,δαρδάπτουσιν,3,1,2
12224,νέμεϊ,1,1,0
12225,σκιερῷ,1,1,0
12226,λῖν,1,1,0
12227,σίντην,1,1,0
12228,διέτρεσαν,2,2,0
12229,δάπτει,1,1,0
12230,ποικιλομήτην,6,1,5
12231,ἄλκιμοι,2,2,0
12232,ἀμύνετο,2,2,0
12233,ἄλλυδις,13,6,7
12234,ἤλασεν,9,8,1
12235,Δόρυκλον,1,1,0
12236,Πριαμίδην,8,8,0
12237,Πάνδοκον,1,1,0
12238,Λύσανδρον,1,1,0
12239,Πυλάρτην,2,2,0
12240,πλήθων,1,1,0
12241,ποταμός,13,13,0
12242,κάτεισι,2,2,0
12243,χειμάρρους,1,1,0
12244,ὀπαζόμενος,1,1,0
12245,ὄμβρῳ,5,3,2
12246,δρῦς,5,5,0
12247,ἀζαλέας,1,1,0
12248,πεύκας,1,1,0
12249,ἐσφέρεται,1,1,0
12250,ἀφυσγετόν,1,1,0
12251,κλονέων,4,4,0
12252,πεύθετ,1,1,0
12253,μάρνατο,1,1,0
12254,Νέστορά,2,1,1
12255,ὁμίλει,5,1,4
12256,νέων,12,1,11
12257,ἀλάπαζε,1,1,0
12258,χάζοντο,2,2,0
12259,παῦσεν,3,1,2
12260,περίδεισαν,1,1,0
12261,μετακλινθέντος,1,1,0
12262,ἕλοιεν,3,3,0
12263,βαινέτω,1,1,0
12264,τάχιστ,1,1,0
12265,ἰητρός,2,1,1
12266,ἀντάξιος,1,1,0
12267,ἰούς,3,2,1
12268,ἐκτάμνειν,1,1,0
12269,πάσσειν,1,1,0
12270,βαῖν,4,2,2
12271,Κεβριόνης,2,2,0
12272,παρβεβαώς,1,1,0
12273,ὁμιλέομεν,3,2,1
12274,ἐσχατιῇ,7,2,5
12275,ὀρίνονται,1,1,0
12276,ἐπιμίξ,5,4,1
12277,κλονέει,1,1,0
12278,ἔγνων,4,2,2
12279,ἅρμ,3,3,0
12280,προβαλόντες,1,1,0
12281,ὀλέκουσι,1,1,0
12282,λιγυρῇ,5,4,1
12283,πληγῆς,2,2,0
12284,ἀΐοντες,4,1,3
12285,ῥίμφ,1,1,0
12286,ἔφερον,4,3,1
12287,θοόν,3,2,1
12288,στείβοντες,1,1,0
12289,νέρθεν,4,3,1
12290,ἄντυγες,3,3,0
12291,ἱππείων,2,2,0
12292,ὁπλέων,2,2,0
12293,ῥαθάμιγγες,3,3,0
12294,ἐπισσώτρων,3,3,0
12295,ἀνδρόμεον,1,1,0
12296,ῥῆξαί,1,1,0
12297,χάζετο,4,4,0
12298,τρέσσε,2,2,0
12299,ἐντροπαλιζόμενος,2,2,0
12300,γουνός,2,1,1
12301,ἀμείβων,1,1,0
12302,αἴθωνα,4,3,1
12303,μεσσαύλοιο,3,3,0
12304,ἐσσεύαντο,2,2,0
12305,ἀγροιῶται,5,3,2
12306,εἰῶσι,3,3,0
12307,πῖαρ,3,2,1
12308,πάννυχοι,2,2,0
12309,ἐγρήσσοντες,2,2,0
12310,κρειῶν,14,3,11
12311,ἐρατίζων,2,2,0
12312,ἰθύει,2,2,0
12313,πρήσσει,2,2,0
12314,ἄκοντες,3,2,1
12315,ἀΐσσουσι,2,2,0
12316,θρασειάων,7,6,1
12317,καιόμεναί,2,2,0
12318,δεταί,2,2,0
12319,τρεῖ,2,2,0
12320,ἐσσύμενός,4,3,1
12321,τετιηότι,3,3,0
12322,τετιημένος,6,1,5
12323,ἀέκων,4,4,0
12324,ὄνος,1,1,0
12325,ἐβιήσατο,2,2,0
12326,νωθής,1,1,0
12327,ῥόπαλ,1,1,0
12328,ἐάγῃ,1,1,0
12329,κείρει,2,2,0
12330,τύπτουσιν,1,1,0
12331,ῥοπάλοισι,1,1,0
12332,νηπίη,3,3,0
12333,ἐξήλασσαν,1,1,0
12334,Τελαμώνιον,5,5,0
12335,πολυηγερέες,1,1,0
12336,νύσσοντες,4,4,0
12337,ξυστοῖσι,3,3,0
12338,μνησάσκετο,1,1,0
12339,ὑποστρεφθείς,1,1,0
12340,τρωπάσκετο,1,1,0
12341,προέεργε,1,1,0
12342,ὁδεύειν,1,1,0
12343,πάγεν,1,1,0
12344,ὄρμενα,1,1,0
12345,μεσσηγύ,3,3,0
12346,ἐπαυρεῖν,3,3,0
12347,λιλαιόμενα,2,2,0
12348,πυκινοῖσι,5,4,1
12349,βιαζόμενον,1,1,0
12350,Φαυσιάδην,1,1,0
12351,Ἀπισάονα,2,2,0
12352,ἧπαρ,8,6,2
12353,πραπίδων,5,5,0
12354,ἀπαινύμενον,2,2,0
12355,Ἀπισάονος,1,1,0
12356,ἕλκετ,1,1,0
12357,Εὐρυπύλῳ,1,1,0
12358,ἐκλάσθη,1,1,0
12359,δόναξ,1,1,0
12360,ἐβάρυνε,2,1,1
12361,ἐλελιχθέντες,1,1,0
12362,βιάζεται,3,2,1
12363,ἵστασθ,1,1,0
12364,βεβλημένος,6,4,2
12365,πλησίοι,3,3,0
12366,σάκε,5,3,2
12367,κλίναντες,3,3,0
12368,ἀνασχόμενοι,5,4,1
12369,μεταστρεφθείς,3,3,0
12370,μάρναντο,10,10,0
12371,Νηλήϊαι,1,1,0
12372,ἱδρῶσαι,1,1,0
12373,ἰῶκά,1,1,0
12374,Πατροκλῆα,3,3,0
12375,ἔκμολεν,1,1,0
12376,ἀρχή,3,2,1
12377,ἄλκιμος,18,13,5
12378,τίπτέ,4,4,0
12379,κικλήσκεις,1,1,0
12380,Μενοιτιάδη,1,1,0
12381,στήσεσθαι,2,2,0
12382,λισσομένους,1,1,0
12383,Πάτροκλε,8,8,0
12384,ἔρειο,1,1,0
12385,Μαχάονι,1,1,0
12386,Ἀσκληπιάδῃ,1,1,0
12387,παρήϊξαν,1,1,0
12388,Νηληϊάδεω,1,1,0
12389,ἀφίκοντο,7,5,2
12390,ἀπέβησαν,1,1,0
12391,ἀπεψύχοντο,2,2,0
12392,χιτώνων,2,2,0
12393,στάντε,1,1,0
12394,πνοιήν,2,1,1
12395,κυκειῶ,2,2,0
12396,ἐϋπλόκαμος,3,2,1
12397,Ἑκαμήδη,2,2,0
12398,Τενέδοιο,2,2,0
12399,θυγατέρ,3,1,2
12400,Ἀρσινόου,1,1,0
12401,ἔξελον,5,3,2
12402,ἀριστεύεσκεν,1,1,0
12403,ἐπιπροΐηλε,1,1,0
12404,τράπεζαν,13,1,12
12405,κυανόπεζαν,1,1,0
12406,χάλκειον,2,1,1
12407,κάνεον,2,1,1
12408,κρόμυον,1,1,0
12409,ποτῷ,1,1,0
12410,ὄψον,1,1,0
12411,μέλι,2,1,1
12412,ἀλφίτου,3,1,2
12413,ἱεροῦ,1,1,0
12414,ἀκτήν,8,5,3
12415,τέσσαρ,1,1,0
12416,πελειάδες,1,1,0
12417,χρύσειαι,4,2,2
12418,νεμέθοντο,1,1,0
12419,πυθμένες,1,1,0
12420,μογέων,1,1,0
12421,ἀποκινήσασκε,1,1,0
12422,τραπέζης,3,1,2
12423,ἀμογητί,1,1,0
12424,ἄειρεν,2,2,0
12425,κύκησε,1,1,0
12426,θεῇσιν,1,1,0
12427,οἴνῳ,14,4,10
12428,Πραμνείῳ,2,1,1
12429,αἴγειον,1,1,0
12430,κνῆ,1,1,0
12431,τυρόν,2,1,1
12432,κνήστι,1,1,0
12433,χαλκείῃ,2,2,0
12434,ἄλφιτα,12,2,10
12435,πάλυνε,1,1,0
12436,ὥπλισσε,1,1,0
12437,πίνοντ,1,1,0
12438,ἀφέτην,1,1,0
12439,πολυκαγκέα,1,1,0
12440,δίψαν,2,2,0
12441,ἐνέποντες,1,1,0
12442,θύρῃσιν,6,2,4
12443,ἐφίστατο,1,1,0
12444,ἑδριάασθαι,3,2,1
12445,ἄνωγε,13,8,5
12446,αἰδοῖος,3,1,2
12447,νεμεσητός,1,1,0
12448,ἄγεις,3,1,2
12449,ἀναίτιον,4,2,2
12450,αἰτιόῳτο,1,1,0
12451,βέλεσιν,1,1,0
12452,βεβλήαται,2,1,1
12453,πένθεος,1,1,0
12454,κέαται,4,4,0
12455,βεβλημένοι,4,4,0
12456,οὐτάμενοί,6,6,0
12457,οὔτασται,2,2,0
12458,ἤγαγον,10,2,8
12459,ἀέκητι,16,3,13
12460,θέρωνται,1,1,0
12461,κτεινώμεθ,1,1,0
12462,ἐπισχερώ,3,3,0
12463,ἴς,20,6,14
12464,ἔσθ,8,5,3
12465,γναμπτοῖσι,6,2,4
12466,μέλεσσιν,4,2,2
12467,Ἠλείοισι,1,1,0
12468,βοηλασίῃ,1,1,0
12469,Ἰτυμονῆα,1,1,0
12470,Ὑπειροχίδην,1,1,0
12471,Ἤλιδι,3,3,0
12472,ναιετάασκε,3,2,1
12473,ῥύσι,1,1,0
12474,ἐλαυνόμενος,1,1,0
12475,ἄκοντι,6,6,0
12476,ἔπεσεν,2,2,0
12477,περίτρεσαν,1,1,0
12478,ληΐδα,4,2,2
12479,συνελάσσαμεν,1,1,0
12480,ἤλιθα,5,1,4
12481,ἀγέλας,2,2,0
12482,πώεα,6,2,4
12483,συῶν,8,1,7
12484,συβόσια,2,1,1
12485,τόσ,3,1,2
12486,ξανθάς,3,1,2
12487,πῶλοι,2,1,1
12488,ὑπῆσαν,1,1,0
12489,ἠλασάμεσθα,1,1,0
12490,ἐννύχιοι,1,1,0
12491,γεγήθει,2,2,0
12492,Νηλεύς,5,2,3
12493,οὕνεκά,14,3,11
12494,νέῳ,6,2,4
12495,κιόντι,5,1,4
12496,ἐλίγαινον,1,1,0
12497,οἷσι,14,8,6
12498,χρεῖος,8,4,4
12499,ὀφείλετ,2,2,0
12500,δίῃ,3,3,0
12501,συναγρόμενοι,1,1,0
12502,δαίτρευον,1,1,0
12503,ὄφειλον,1,1,0
12504,παῦροι,6,2,4
12505,κεκακωμένοι,1,1,0
12506,ἦμεν,3,2,1
12507,ἐκάκωσε,1,1,0
12508,Ἡρακληείη,1,1,0
12509,ἐτέων,1,1,0
12510,ἔκταθεν,2,1,1
12511,Νηλῆος,3,1,2
12512,λιπόμην,4,1,3
12513,ὑπερηφανέοντες,1,1,0
12514,χαλκοχίτωνες,1,1,0
12515,ὑβρίζοντες,6,1,5
12516,ἀτάσθαλα,8,1,7
12517,ἀγέλην,5,4,1
12518,τριηκόσι,2,1,1
12519,νομῆας,4,1,3
12520,ἀθλοφόροι,1,1,0
12521,ἄεθλα,13,10,3
12522,τρίποδος,6,4,2
12523,θεύσεσθαι,1,1,0
12524,Αὐγείας,1,1,0
12525,κάσχεθε,1,1,0
12526,ἐλατῆρ,1,1,0
12527,ἀκαχήμενον,2,2,0
12528,ἐπέων,6,4,2
12529,δαιτρεύειν,1,1,0
12530,ἀτεμβόμενος,3,1,2
12531,κίοι,3,1,2
12532,ἴσης,4,2,2
12533,διείπομεν,2,1,1
12534,τρίτῳ,1,1,0
12535,πολεῖς,1,1,0
12536,Μολίονε,2,2,0
12537,ἐόντ,8,5,3
12538,Θρυόεσσα,1,1,0
12539,Ἀλφειῷ,2,2,0
12540,νεάτη,1,1,0
12541,ἀμφεστρατόωντο,1,1,0
12542,θέουσ,3,3,0
12543,θωρήσσεσθαι,5,4,1
12544,ἔννυχος,1,1,0
12545,ἄγειρεν,1,1,0
12546,ἐσσυμένους,2,2,0
12547,ἀπέκρυψεν,1,1,0
12548,μετέπρεπον,3,2,1
12549,ἡμετέροισι,8,1,7
12550,Μινυήϊος,1,1,0
12551,βάλλων,5,2,3
12552,Ἀρήνης,1,1,0
12553,μείναμεν,1,1,0
12554,ἐπέρρεον,1,1,0
12555,ἔνδιοι,1,1,0
12556,ἱκόμεσθ,1,1,0
12557,ῥόον,20,11,9
12558,ὑπερμενεῖ,1,1,0
12559,ταῦρον,5,5,0
12560,ἀγελαίην,3,1,2
12561,ἑλόμεσθα,1,1,0
12562,τελέεσσι,2,2,0
12563,κατεκοιμήθημεν,1,1,0
12564,ἔντεσιν,1,1,0
12565,ἀμφέσταν,3,3,0
12566,φαέθων,5,1,4
12567,ὑπερέσχεθε,2,2,0
12568,συμφερόμεσθα,1,1,0
12569,κόμισσα,1,1,0
12570,Μούλιον,3,3,0
12571,Αὐγείαο,1,1,0
12572,θύγατρ,1,1,0
12573,ξανθήν,2,2,0
12574,Ἀγαμήδην,1,1,0
12575,στῆν,1,1,0
12576,ἔτρεσαν,3,3,0
12577,ἡγεμόν,2,1,1
12578,ἐπόρουσα,1,1,0
12579,κελαινῇ,1,1,0
12580,δίφρους,3,3,0
12581,φῶτες,5,3,2
12582,οὖδας,11,5,6
12583,ἀλάπαξα,1,1,0
12584,Πυλίοισι,2,1,1
12585,ἑπόμεσθα,1,1,0
12586,σπιδέος,1,1,0
12587,κτείνοντές,1,1,0
12588,λέγοντες,1,1,0
12589,Βουπρασίου,1,1,0
12590,πολυπύρου,2,1,1
12591,βήσαμεν,1,1,0
12592,Ὠλενίης,1,1,0
12593,Ἀλησίου,1,1,0
12594,ἀπέτραπε,2,2,0
12595,πύματον,5,3,2
12596,Βουπρασίοιο,1,1,0
12597,Πύλονδ,3,1,2
12598,Νέστορί,1,1,0
12599,ἔον,3,3,0
12600,ἀρετῆς,8,2,6
12601,ἀπονήσεται,1,1,0
12602,μετακλαύσεσθαι,1,1,0
12603,ὄληται,7,2,5
12604,Μενοίτιος,3,3,0
12605,ἠκούομεν,2,1,1
12606,ἀγείροντες,1,1,0
12607,Μενοίτιον,3,3,0
12608,εὕρομεν,3,1,2
12609,μηρία,5,2,3
12610,χόρτῳ,1,1,0
12611,ἄλεισον,8,2,6
12612,σπένδων,2,2,0
12613,αἰθομένοις,2,1,1
12614,ἱεροῖσι,1,1,0
12615,ἕπετον,1,1,0
12616,στῆμεν,1,1,0
12617,προθύροισι,8,2,6
12618,ξείνιά,1,1,0
12619,παρέθηκεν,5,1,4
12620,ξείνοις,2,1,1
12621,τάρπημεν,1,1,0
12622,ποτῆτος,9,2,7
12623,ἠθέλετον,1,1,0
12624,ἐπέτελλον,1,1,0
12625,ὑπέρτερός,1,1,0
12626,πρεσβύτερος,1,1,0
12627,ὑποθέσθαι,1,1,0
12628,πείσεται,3,2,1
12629,εἴποις,1,1,0
12630,ὀρίναις,1,1,0
12631,ἀγαθή,8,3,5
12632,παραίφασίς,2,2,0
12633,θεοπροπίην,2,2,0
12634,ἀλεείνει,1,1,0
12635,ἐπέφραδε,5,3,2
12636,προέτω,1,1,0
12637,ἑπέσθω,2,1,1
12638,φέρεσθαι,15,6,9
12639,εἴσκοντες,1,1,0
12640,ἀπόσχωνται,4,4,0
12641,ἀναπνεύσωσι,4,4,0
12642,τειρόμενοι,4,4,0
12643,ἀνάπνευσις,3,3,0
12644,ἀκμῆτες,2,2,0
12645,κεκμηότας,2,2,0
12646,ἀϋτῇ,3,3,0
12647,ὤσαισθε,1,1,0
12648,ἤην,4,1,3
12649,ἐτετεύχατο,1,1,0
12650,βωμοί,1,1,0
12651,ἀντεβόλησε,3,2,1
12652,σκάζων,1,1,0
12653,νότιος,2,2,0
12654,ἕλκεος,2,2,0
12655,κελάρυζε,1,1,0
12656,ᾤκτειρε,2,2,0
12657,δειλοί,3,1,2
12658,ἐμέλλετε,1,1,0
12659,ἄσειν,1,1,0
12660,ταχέας,4,2,2
12661,ἀργέτι,1,1,0
12662,Εὐρύπυλ,3,3,0
12663,σχήσουσι,1,1,0
12664,φθίσονται,1,1,0
12665,πεσέονται,1,1,0
12666,σάωσον,2,1,1
12667,ἔκταμ,1,1,0
12668,νίζ,2,2,0
12669,λιαρῷ,4,3,1
12670,φασιν,6,2,4
12671,δεδιδάχθαι,1,1,0
12672,ἐδίδαξε,3,1,2
12673,δικαιότατος,1,1,0
12674,Κενταύρων,1,1,0
12675,ἰητροί,2,2,0
12676,χρηΐζοντα,1,1,0
12677,ἔρχομαι,5,3,2
12678,ἐνίσπω,2,1,1
12679,μεθήσω,1,1,0
12680,τειρομένοιο,1,1,0
12681,ὑπέχευε,2,1,1
12682,ἐκτανύσας,2,2,0
12683,μαχαίρῃ,1,1,0
12684,περιπευκές,1,1,0
12685,ῥίζαν,1,1,0
12686,πικρήν,3,1,2
12687,διατρίψας,1,1,0
12688,ὀδυνήφατον,1,1,0
12689,ὀδύνας,5,3,2
12690,κλισίῃσι,8,7,1
12691,ἰᾶτ,1,1,0
12692,Εὐρύπυλον,2,1,1
12693,ὁμιλαδόν,3,3,0
12694,σχήσειν,2,2,0
12695,ποιήσαντο,1,1,0
12696,ῥύοιτο,1,1,0
12697,ἀπόρθητος,1,1,0
12698,ἔπλεν,1,1,0
12699,θάνον,5,1,4
12700,λίποντο,2,1,1
12701,πέρθετο,1,1,0
12702,ἐνιαυτῷ,5,1,4
12703,μητιόωντο,1,1,0
12704,ἀμαλδῦναι,1,1,0
12705,ποταμῶν,10,5,5
12706,εἰσαγαγόντες,1,1,0
12707,προρέουσι,2,1,1
12708,Ῥῆσός,1,1,0
12709,Ἑπτάπορός,1,1,0
12710,Κάρησός,1,1,0
12711,Ῥοδίος,1,1,0
12712,Γρήνικός,1,1,0
12713,Αἴσηπος,1,1,0
12714,δῖός,2,2,0
12715,βοάγρια,2,1,1
12716,τρυφάλειαι,1,1,0
12717,ἡμιθέων,1,1,0
12718,ὁμόσε,1,1,0
12719,ἔτραπε,3,3,0
12720,ὗε,2,1,1
12721,συνεχές,2,1,1
12722,ἁλίπλοα,1,1,0
12723,τρίαιναν,3,1,2
12724,ἡγεῖτ,2,2,0
12725,θεμείλια,1,1,0
12726,κύμασι,3,1,2
12727,φιτρῶν,2,2,0
12728,λάων,3,2,1
12729,μογέοντες,2,1,1
12730,λεῖα,1,1,0
12731,ἀγάρροον,1,1,0
12732,ἀμαλδύνας,1,1,0
12733,ποταμούς,1,1,0
12734,κάρ,2,2,0
12735,ἵεν,1,1,0
12736,θησέμεναι,3,2,1
12737,ἐνοπή,1,1,0
12738,κανάχιζε,1,1,0
12739,βαλλόμεν,1,1,0
12740,ἐελμένοι,2,2,0
12741,ἰσχανόωντο,1,1,0
12742,ἐμάρνατο,1,1,0
12743,κύνεσσι,1,1,0
12744,κάπριος,1,1,0
12745,στρέφεται,4,3,1
12746,πυργηδόν,3,3,0
12747,ἀρτύναντες,4,3,1
12748,ἵστανται,1,1,0
12749,ἀκοντίζουσι,1,1,0
12750,θαμειάς,5,5,0
12751,ταρβεῖ,3,3,0
12752,ἀγηνορίη,1,1,0
12753,πειρητίζων,6,2,4
12754,ὅππῃ,7,2,5
12755,ἰθύσῃ,1,1,0
12756,εἴκουσι,1,1,0
12757,ἐλλίσσεθ,1,1,0
12758,διαβαινέμεν,1,1,0
12759,τόλμων,1,1,0
12760,χρεμέτιζον,1,1,0
12761,χείλει,1,1,0
12762,ἐφεσταότες,3,3,0
12763,δειδίσσετο,1,1,0
12764,εὐρεῖ,1,1,0
12765,ὑπερθορέειν,1,1,0
12766,περῆσαι,2,1,1
12767,ῥηϊδίη,1,1,0
12768,κρημνοί,1,1,0
12769,ἐπηρεφέες,2,1,1
12770,σκολόπεσσιν,3,2,1
12771,ὀξέσιν,1,1,0
12772,ἠρήρει,1,1,0
12773,πυκνούς,2,1,1
12774,μεγάλους,4,1,3
12775,ἀλεωρήν,2,2,0
12776,ἐσβαίη,1,1,0
12777,μενοίνεον,1,1,0
12778,Πουλυδάμας,15,15,0
12779,ἐλαύνομεν,3,1,2
12780,ἀργαλέη,3,3,0
12781,σκόλοπες,1,1,0
12782,ἑστᾶσιν,1,1,0
12783,καταβήμεναι,3,2,1
12784,στεῖνος,2,2,0
12785,τρώσεσθαι,1,1,0
12786,ἀλαπάζει,1,1,0
12787,ἵετ,4,3,1
12788,νωνύμνους,3,3,0
12789,ὑποστρέψωσι,1,1,0
12790,παλίωξις,1,1,0
12791,ἐνιπλήξωμεν,1,1,0
12792,ὀρυκτῇ,2,2,0
12793,ἄγγελον,7,5,2
12794,ἑλιχθέντων,1,1,0
12795,ἐρυκόντων,1,1,0
12796,ἑπώμεθ,1,1,0
12797,μενέουσ,1,1,0
12798,ἅδε,3,2,1
12799,ὄρουσαν,6,5,1
12800,διαστάντες,2,2,0
12801,πένταχα,1,1,0
12802,Πουλυδάμαντι,4,4,0
12803,ῥηξάμενοι,3,3,0
12804,τρίτος,5,3,2
12805,Κεβριόναο,3,3,0
12806,κάλλιπεν,3,1,2
12807,ἑτέρων,3,2,1
12808,Ἀλκάθοος,1,1,0
12809,τρίτων,1,1,0
12810,Δηΐφοβος,9,8,1
12811,ἀγακλειτῶν,1,1,0
12812,Ἀστεροπαῖον,4,4,0
12813,εἴσαντο,1,1,0
12814,διακριδόν,2,2,0
12815,ἔπρεπε,2,1,1
12816,ἄραρον,2,2,0
12817,τυκτῇσι,1,1,0
12818,λελιημένοι,2,2,0
12819,Πουλυδάμαντος,3,3,0
12820,ἀμωμήτοιο,1,1,0
12821,λιπεῖν,1,1,0
12822,κακάς,3,1,2
12823,ἀλύξας,6,3,3
12824,ἀγαλλόμενος,1,1,0
12825,δυσώνυμος,2,1,1
12826,Δευκαλίδαο,2,2,0
12827,νίσοντο,2,2,0
12828,διήλασεν,2,2,0
12829,ἐπικεκλιμένας,1,1,0
12830,ὀχῆα,4,4,0
12831,ἀναπεπταμένας,1,1,0
12832,σαώσειαν,1,1,0
12833,κεκλήγοντες,5,4,1
12834,ὑπερθύμους,3,3,0
12835,Λαπιθάων,1,1,0
12836,Πειριθόου,2,2,0
12837,υἷα,6,3,3
12838,Πολυποίτην,1,1,0
12839,Λεοντῆα,1,1,0
12840,ὑψηλάων,4,1,3
12841,δρύες,1,1,0
12842,ὑψικάρηνοι,1,1,0
12843,ἄνεμον,3,1,2
12844,μίμνουσι,1,1,0
12845,ὑετόν,1,1,0
12846,ῥίζῃσιν,1,1,0
12847,μεγάλῃσι,4,2,2
12848,διηνεκέεσσ,1,1,0
12849,ἀραρυῖαι,6,2,4
12850,πεποιθότες,6,4,2
12851,βίηφι,8,5,3
12852,Ἄσιον,3,3,0
12853,αὔας,1,1,0
12854,ἔκιον,1,1,0
12855,Ἰαμενόν,2,2,0
12856,Ἀσιάδην,3,3,0
12857,Ἀδάμαντα,3,3,0
12858,ὄρνυον,1,1,0
12859,ἀμύνεσθαι,6,4,2
12860,ἐπεσσυμένους,2,2,0
12861,ἐνόησαν,3,1,2
12862,ἀγροτέροισι,1,1,0
12863,σύεσσιν,2,1,1
12864,ἐοικότε,1,1,0
12865,δέχαται,1,1,0
12866,κολοσυρτόν,2,2,0
12867,δοχμώ,1,1,0
12868,ἀΐσσοντε,1,1,0
12869,ἄγνυτον,1,1,0
12870,ἐκτάμνοντες,1,1,0
12871,ἕληται,5,4,1
12872,κόμπει,1,1,0
12873,καθύπερθε,7,4,3
12874,ἐϋδμήτων,1,1,0
12875,σφῶν,2,2,0
12876,νιφάδες,3,3,0
12877,πῖπτον,3,3,0
12878,ἔραζε,9,5,4
12879,ζαής,2,1,1
12880,δονήσας,1,1,0
12881,ταρφειάς,1,1,0
12882,ῥέον,2,1,1
12883,κόρυθες,5,5,0
12884,αὖον,3,3,0
12885,ἀΰτευν,1,1,0
12886,μυλάκεσσι,1,1,0
12887,πεπλήγετο,4,3,1
12888,μηρώ,5,4,1
12889,ἀλαστήσας,1,1,0
12890,φιλοψευδής,1,1,0
12891,ἐτέτυξο,1,1,0
12892,ἥρωας,9,7,2
12893,σφῆκες,1,1,0
12894,αἰόλοι,1,1,0
12895,μέλισσαι,2,1,1
12896,ποιήσωνται,1,1,0
12897,παιπαλοέσσῃ,1,1,0
12898,ἀπολείπουσιν,1,1,0
12899,κοῖλον,7,1,6
12900,θηρητῆρας,1,1,0
12901,ἀμύνονται,1,1,0
12902,τέκνων,1,1,0
12903,χάσσασθαι,1,1,0
12904,κατακτάμεν,5,4,1
12905,ἁλῶναι,4,2,2
12906,πεῖθε,2,2,0
12907,ἄλλῃσι,2,2,0
12908,ἀγορεῦσαι,3,1,2
12909,θεσπιδαές,8,7,1
12910,ἠμύνοντο,1,1,0
12911,ἀκαχήατο,1,1,0
12912,ἐπιτάρροθοι,1,1,0
12913,Λαπίθαι,1,1,0
12914,Δάμασον,1,1,0
12915,χαλκοπαρῄου,4,3,1
12916,κόρυς,7,7,0
12917,ἔσχεθεν,6,2,4
12918,ῥῆξ,3,3,0
12919,Πύλωνα,1,1,0
12920,Ἱππόμαχον,1,1,0
12921,Ἀντιφάτην,2,1,1
12922,αὐτοσχεδίην,3,2,1
12923,Μένωνα,1,1,0
12924,τεῖχός,1,1,0
12925,ἐνιπρήσειν,2,2,0
12926,μερμήριζον,1,1,0
12927,περησέμεναι,2,2,0
12928,μεμαῶσιν,2,2,0
12929,αἰετός,12,6,6
12930,ὑψιπέτης,4,3,1
12931,ἐέργων,2,2,0
12932,φοινήεντα,2,2,0
12933,πέλωρον,4,2,2
12934,ἀσπαίροντα,4,1,3
12935,λήθετο,2,2,0
12936,ἰδνωθείς,3,1,2
12937,κάββαλ,1,1,0
12938,κλάγξας,1,1,0
12939,πέτετο,4,3,1
12940,πνοιῇς,6,3,3
12941,ἐρρίγησαν,1,1,0
12942,ὄφιν,1,1,0
12943,ἀεί,3,2,1
12944,ἐπιπλήσσεις,1,1,0
12945,ἀγορῇσιν,1,1,0
12946,φραζομένῳ,1,1,0
12947,ἀέξειν,1,1,0
12948,ἀφέηκε,2,2,0
12949,ἐτέλεσσε,5,2,3
12950,ἑοῖσιν,6,1,5
12951,ῥηξόμεθα,1,1,0
12952,εἴξωσι,1,1,0
12953,κόσμῳ,2,1,1
12954,ἐλευσόμεθ,1,1,0
12955,αὐτά,1,1,0
12956,καταλείψομεν,1,1,0
12957,ὑποκρίναιτο,2,1,1
12958,θεοπρόπος,2,2,0
12959,εἰδείη,2,2,0
12960,τεράων,1,1,0
12961,πειθοίατο,2,2,0
12962,Πουλυδάμα,4,4,0
12963,λαθέσθαι,2,1,1
12964,οἰωνοῖσι,1,1,0
12965,τανυπτερύγεσσι,1,1,0
12966,μετατρέπομ,1,1,0
12967,δεξί,1,1,0
12968,ἴωσι,1,1,0
12969,ζόφον,10,3,7
12970,οἰωνός,1,1,0
12971,δείδοικας,1,1,0
12972,κτεινώμεθα,1,1,0
12973,μενεδήϊος,2,2,0
12974,μαχήμων,1,1,0
12975,ἀφέξεαι,1,1,0
12976,παρφάμενος,2,1,1
12977,ἀποτρέψεις,2,2,0
12978,ὀλέσσεις,1,1,0
12979,θύελλαν,2,2,0
12980,κονίην,4,4,0
12981,φέρεν,9,3,6
12982,θέλγε,4,2,2
12983,ὄπαζε,3,2,1
12984,ῥήγνυσθαι,1,1,0
12985,πειρήτιζον,1,1,0
12986,κρόσσας,1,1,0
12987,ἔρυον,2,2,0
12988,ἔρειπον,1,1,0
12989,ἐπάλξεις,4,4,0
12990,στήλας,1,1,0
12991,προβλῆτας,1,1,0
12992,ἐμόχλεον,1,1,0
12993,πρώτας,3,3,0
12994,ἔχματα,4,4,0
12995,αὐέρυον,1,1,0
12996,ἔλποντο,3,3,0
12997,ῥινοῖσι,3,2,1
12998,φράξαντες,2,2,0
12999,ἰόντας,4,2,2
13000,κελευτιόωντ,1,1,0
13001,φοιτήτην,1,1,0
13002,ὀτρύνοντες,5,4,1
13003,στερεοῖς,1,1,0
13004,νείκεον,2,1,1
13005,ἴδοιεν,2,1,1
13006,μεσήεις,1,1,0
13007,χερειότερος,1,1,0
13008,ἅπασι,1,1,0
13009,γιγνώσκετε,1,1,0
13010,τετράφθω,1,1,0
13011,ὁμοκλητῆρος,2,2,0
13012,πρόσω,5,3,2
13013,ἵεσθε,1,1,0
13014,ἀπωσαμένους,1,1,0
13015,δίεσθαι,4,3,1
13016,προβοῶντε,1,1,0
13017,χειμερίῳ,1,1,0
13018,ὤρετο,3,3,0
13019,νιφέμεν,1,1,0
13020,πιφαυσκόμενος,3,1,2
13021,κοιμήσας,1,1,0
13022,ἀνέμους,3,1,2
13023,καλύψῃ,1,1,0
13024,ὑψηλῶν,4,1,3
13025,κορυφάς,3,2,1
13026,πρώονας,1,1,0
13027,ἄκρους,2,2,0
13028,πεδία,1,1,0
13029,λωτοῦντα,1,1,0
13030,κέχυται,1,1,0
13031,λιμέσιν,2,1,1
13032,ἀκταῖς,1,1,0
13033,προσπλάζον,1,1,0
13034,ἐρύκεται,1,1,0
13035,εἴλυται,1,1,0
13036,καθύπερθ,2,1,1
13037,λίθοι,1,1,0
13038,πωτῶντο,1,1,0
13039,ἐρρήξαντο,1,1,0
13040,ἕλιξιν,1,1,0
13041,ἔσχετο,12,7,5
13042,ἐξήλατον,1,1,0
13043,χαλκεύς,4,2,2
13044,ῥάψε,1,1,0
13045,χρυσείῃς,2,2,0
13046,ῥάβδοισι,1,1,0
13047,διηνεκέσιν,1,1,0
13048,κύκλον,2,1,1
13049,σχόμενος,1,1,0
13050,τινάσσων,2,2,0
13051,ὀρεσίτροφος,4,2,2
13052,πειρήσοντα,2,1,1
13053,εὕρῃσι,1,1,0
13054,αὐτόφι,1,1,0
13055,βώτορας,1,1,0
13056,δούρεσσι,2,1,1
13057,φυλάσσοντας,1,1,0
13058,ἀπείρητος,3,2,1
13059,μέμονε,2,2,0
13060,σταθμοῖο,6,2,4
13061,ἥρπαξε,1,1,0
13062,θοῆς,4,1,3
13063,ῥήξασθαι,1,1,0
13064,Γλαῦκε,3,3,0
13065,τετιμήμεσθα,1,1,0
13066,εἰσορόωσι,3,1,2
13067,νεμόμεσθα,1,1,0
13068,πυροφόροιο,2,2,0
13069,Λυκίοισι,2,2,0
13070,μέτα,8,6,2
13071,θωρηκτάων,4,4,0
13072,ἀκλεέες,1,1,0
13073,ἡμέτεροι,2,1,1
13074,ἔδουσί,1,1,0
13075,ἔξαιτον,1,1,0
13076,φυγόντε,1,1,0
13077,μέλλοιμεν,1,1,0
13078,ἀγήρω,2,2,0
13079,ἀθανάτω,2,2,0
13080,ἔσσεσθ,3,3,0
13081,στέλλοιμι,1,1,0
13082,ἐφεστᾶσιν,1,1,0
13083,ὑπαλύξαι,1,1,0
13084,ὀρέξομεν,2,2,0
13085,ἄγοντε,1,1,0
13086,ῥίγησ,1,1,0
13087,πάπτηνεν,6,4,2
13088,ἀρήν,7,4,3
13089,ἀμύναι,2,2,0
13090,ἀκορήτω,1,1,0
13091,ἑσταότας,1,1,0
13092,Τεῦκρόν,1,1,0
13093,βώσαντι,1,1,0
13094,γεγωνεῖν,1,1,0
13095,σακέων,2,2,0
13096,ἱπποκόμων,1,1,0
13097,τρυφαλειῶν,1,1,0
13098,ἐπώχατο,1,1,0
13099,ἱστάμενοι,4,3,1
13100,πειρῶντο,1,1,0
13101,ῥήξαντες,1,1,0
13102,ἐσελθεῖν,1,1,0
13103,Θοώτην,1,1,0
13104,Θοῶτα,1,1,0
13105,τῇδε,6,3,3
13106,τετεύξεται,4,4,0
13107,ἔβρισαν,3,3,0
13108,ζαχρηεῖς,3,3,0
13109,σπέσθω,2,2,0
13110,ἀντιάσητον,1,1,0
13111,Ὀϊλιάδην,1,1,0
13112,Λυκομήδης,2,2,0
13113,ὀτρύνετον,2,2,0
13114,ἀντιόω,2,2,0
13115,ᾖε,2,1,1
13116,ὄπατρος,1,1,0
13117,Πανδίων,1,1,0
13118,Μενεσθῆος,2,2,0
13119,ἐπειγομένοισι,1,1,0
13120,ἐρεμνῇ,3,2,1
13121,ἶσοι,2,2,0
13122,ἐβάλοντο,4,3,1
13123,Σαρπήδοντος,2,2,0
13124,Ἐπικλῆα,1,1,0
13125,μαρμάρῳ,2,1,1
13126,ἔπαλξιν,2,2,0
13127,ὑπέρτατος,2,2,0
13128,ἀμφοτέρῃς,1,1,0
13129,ἔχοι,3,1,2
13130,ἡβῶν,3,2,1
13131,τετράφαλον,1,1,0
13132,ὀστέ,7,4,3
13133,ἄραξε,4,2,2
13134,ἀρνευτῆρι,3,2,1
13135,κάππεσ,4,3,1
13136,ὑψηλοῦ,2,1,1
13137,ἐπεσσύμενον,8,6,2
13138,ὑψηλοῖο,13,8,5
13139,γυμνωθέντα,4,3,1
13140,βραχίονα,4,4,0
13141,παῦσε,2,2,0
13142,βλήμενον,1,1,0
13143,εὐχετόῳτ,1,1,0
13144,Σαρπήδοντι,1,1,0
13145,Γλαύκου,1,1,0
13146,ἀπιόντος,5,5,0
13147,ὅμως,2,1,1
13148,Θεστορίδην,1,1,0
13149,Ἀλκμάονα,1,1,0
13150,ἔσπασεν,2,2,0
13151,ἑσπόμενος,2,2,0
13152,βράχε,5,5,0
13153,στιβαρῇσιν,4,3,1
13154,ἕλχ,2,2,0
13155,ἐγυμνώθη,1,1,0
13156,ὁμαρτήσανθ,1,1,0
13157,ἄμυνε,4,4,0
13158,χώρησεν,1,1,0
13159,ἐπάλξιος,1,1,0
13160,χάζετ,1,1,0
13161,ἐέλπετο,3,2,1
13162,ἀντιθέοισιν,1,1,0
13163,ἑλιξάμενος,4,4,0
13164,μούνῳ,1,1,0
13165,ῥηξαμένῳ,1,1,0
13166,θέσθαι,4,2,2
13167,ἐφομαρτεῖτε,1,1,0
13168,ὑποδείσαντες,5,5,0
13169,ὁμοκλήν,5,5,0
13170,ἐπέβρισαν,1,1,0
13171,ἐδύναντο,11,8,3
13172,ὤσασθαι,2,2,0
13173,πέλασθεν,1,1,0
13174,οὔροισι,1,1,0
13175,δηριάασθον,1,1,0
13176,μέτρ,1,1,0
13177,ἐπιξύνῳ,1,1,0
13178,ἀρούρῃ,1,1,0
13179,ὀλίγῳ,1,1,0
13180,ἐρίζητον,1,1,0
13181,διέεργον,1,1,0
13182,ἐπάλξιες,2,2,0
13183,αὐτέων,1,1,0
13184,ὅτεῳ,2,2,0
13185,μετάφρενα,1,1,0
13186,γυμνωθείη,1,1,0
13187,μαρναμένων,6,5,1
13188,φωτῶν,9,4,5
13189,ἐρράδατ,1,1,0
13190,ποιῆσαι,4,1,3
13191,χερνῆτις,1,1,0
13192,ἀληθής,1,1,0
13193,εἴριον,1,1,0
13194,ἀνέλκει,1,1,0
13195,ἰσάζουσ,1,1,0
13196,μισθόν,3,2,1
13197,ἄρηται,3,3,0
13198,ἐσήλατο,2,2,0
13199,ῥήγνυσθε,1,1,0
13200,ἐνίετε,1,1,0
13201,οὔασι,1,1,0
13202,κροσσάων,1,1,0
13203,ἐπέβαινον,1,1,0
13204,ἀκαχμένα,2,2,0
13205,πρυμνός,1,1,0
13206,παχύς,2,1,1
13207,ἄμαξαν,11,7,4
13208,οὔδεος,2,1,1
13209,ὀχλίσσειαν,2,1,1
13210,ἐλαφρόν,1,1,0
13211,πόκον,1,1,0
13212,ἄρσενος,1,1,0
13213,οἰός,5,3,2
13214,ἑτέρῃ,10,5,5
13215,ἄχθος,6,3,3
13216,σανίδων,1,1,0
13217,εἴρυντο,2,2,0
13218,στιβαρῶς,1,1,0
13219,δικλίδας,1,1,0
13220,ὑψηλάς,1,1,0
13221,δοιοί,2,2,0
13222,ἐπημοιβοί,2,1,1
13223,ἐπαρήρει,1,1,0
13224,μέσσας,1,1,0
13225,διαβάς,1,1,0
13226,ἀφαυρότερον,1,1,0
13227,θαιρούς,1,1,0
13228,ἐσχεθέτην,1,1,0
13229,σανίδες,5,2,3
13230,λᾶος,2,1,1
13231,ῥιπῆς,5,4,1
13232,ἔσθορε,2,2,0
13233,ὑπώπια,1,1,0
13234,λάμπε,1,1,0
13235,σμερδαλέῳ,3,3,0
13236,ἕεστο,1,1,0
13237,δοιά,4,1,3
13238,δοῦρ,2,2,0
13239,ἐρύκακεν,3,3,0
13240,ἐσᾶλτο,2,2,0
13241,ὑπερβαίνειν,1,1,0
13242,ὑπέρβασαν,1,1,0
13243,ποιητάς,1,1,0
13244,ἐσέχυντο,2,2,0
13245,εύς,1,1,0
13246,πέλασσε,3,1,2
13247,ὀϊζύν,6,2,4
13248,τρέπεν,3,3,0
13249,φαεινώ,6,6,0
13250,ἱπποπόλων,2,2,0
13251,καθορώμενος,1,1,0
13252,ἀγχεμάχων,1,1,0
13253,ἀγαυῶν,1,1,0
13254,ἱππημολγῶν,1,1,0
13255,γλακτοφάγων,1,1,0
13256,Ἀβίων,1,1,0
13257,δικαιοτάτων,1,1,0
13258,ἀρηξέμεν,2,2,0
13259,θαυμάζων,1,1,0
13260,κορυφῆς,6,5,1
13261,Σάμου,2,2,0
13262,ὑληέσσης,2,2,0
13263,Θρηϊκίης,1,1,0
13264,ἐφαίνετο,3,1,2
13265,Ἴδη,1,1,0
13266,δαμναμένους,2,2,0
13267,ἐνεμέσσα,2,2,0
13268,παιπαλόεντος,1,1,0
13269,προβιβάς,3,2,1
13270,τρέμε,2,2,0
13271,οὔρεα,3,2,1
13272,Ποσειδάωνος,6,3,3
13273,ἰόντος,1,1,0
13274,ὀρέξατ,1,1,0
13275,τέτρατον,7,2,5
13276,βένθεσι,2,2,0
13277,λίμνης,4,3,1
13278,τετεύχαται,6,3,3
13279,ἄφθιτα,2,2,0
13280,κύματ,6,3,3
13281,ἄταλλε,1,1,0
13282,κήτε,1,1,0
13283,πάντοθεν,9,6,3
13284,κευθμῶν,1,1,0
13285,γηθοσύνῃ,2,2,0
13286,διίστατο,1,1,0
13287,πέτοντο,2,2,0
13288,διαίνετο,1,1,0
13289,ἐΰσκαρθμοι,1,1,0
13290,Ἴμβρου,3,3,0
13291,παιπαλοέσσης,6,2,4
13292,πέδας,1,1,0
13293,χρυσείας,2,2,0
13294,ἀρρήκτους,2,1,1
13295,ἀλύτους,2,1,1
13296,μένοιεν,2,1,1
13297,νοστήσαντα,12,6,6
13298,φλογί,7,7,0
13299,θυέλλῃ,2,1,1
13300,ἄβρομοι,1,1,0
13301,αὐΐαχοι,1,1,0
13302,κτενέειν,3,3,0
13303,γαιήοχος,10,7,3
13304,εἰσάμενος,7,6,1
13305,Κάλχαντι,1,1,0
13306,ἀτειρέα,7,6,1
13307,φωνήν,9,5,4
13308,σαώσετε,1,1,0
13309,μνησαμένω,2,2,0
13310,κρυεροῖο,4,2,2
13311,δείδια,6,3,3
13312,ὑπερκατέβησαν,2,2,0
13313,ἕξουσιν,1,1,0
13314,αἰνότατον,3,1,2
13315,πάθωμεν,2,1,1
13316,λυσσώδης,1,1,0
13317,ἡγεμονεύει,1,1,0
13318,εὔχετ,8,4,4
13319,ἐρισθενέος,4,3,1
13320,ποιήσειεν,2,1,1
13321,ἀνωγέμεν,3,1,2
13322,ἐσσύμενόν,2,1,1
13323,ἐρωήσαιτ,1,1,0
13324,ἐγείρει,4,2,2
13325,σκηπανίῳ,2,2,0
13326,κεκοπώς,2,1,1
13327,πλῆσεν,1,1,0
13328,κρατεροῖο,7,3,4
13329,ἴρηξ,3,2,1
13330,ὠκύπτερος,1,1,0
13331,πέτεσθαι,3,2,1
13332,περιμήκεος,1,1,0
13333,ἀρθείς,2,1,1
13334,ὁρμήσῃ,1,1,0
13335,ὄρνεον,1,1,0
13336,μάντεϊ,1,1,0
13337,ἴχνια,6,2,4
13338,κνημάων,1,1,0
13339,ῥεῖ,4,2,2
13340,ἀρίγνωτοι,1,1,0
13341,ἐφορμᾶται,4,2,2
13342,μαιμώωσι,1,1,0
13343,δούρατι,2,1,1
13344,μαιμῶσιν,1,1,0
13345,ὤρορε,3,1,2
13346,ἔσσυμαι,1,1,0
13347,μενοινώω,1,1,0
13348,μεμαῶτι,3,3,0
13349,ἀνέψυχον,1,1,0
13350,ἀργαλέῳ,6,3,3
13351,λέλυντο,2,1,1
13352,ἐγίγνετο,4,2,2
13353,δερκομένοισι,1,1,0
13354,φεύξεσθαι,4,3,1
13355,μετεισάμενος,2,2,0
13356,Τεῦκρον,3,3,0
13357,Λήϊτον,3,3,0
13358,Πηνέλεών,1,1,0
13359,Θόαντά,2,2,0
13360,Ἀντίλοχον,6,5,1
13361,μήστωρας,2,2,0
13362,μαρναμένοισι,3,1,2
13363,πέποιθα,3,1,2
13364,σαωσέμεναι,1,1,0
13365,μεθήσετε,1,1,0
13366,λευγαλέοιο,1,1,0
13367,δαμῆναι,12,9,3
13368,ὁρῶμαι,6,5,1
13369,τελευτήσεσθαι,3,1,2
13370,ἔφασκον,2,1,1
13371,φυζακινῇς,1,1,0
13372,ἐλάφοισιν,1,1,0
13373,ἐοίκεσαν,1,1,0
13374,θώων,1,1,0
13375,παρδαλίων,1,1,0
13376,λύκων,1,1,0
13377,ἤϊα,1,1,0
13378,ἠλάσκουσαι,1,1,0
13379,ἀνάλκιδες,4,2,2
13380,χάρμη,1,1,0
13381,ἐθέλεσκον,1,1,0
13382,μεθημοσύνῃσί,1,1,0
13383,ἐρίσαντες,1,1,0
13384,κτείνονται,2,2,0
13385,αἴτιός,3,3,0
13386,ἀπητίμησε,1,1,0
13387,μεθιέμεναι,1,1,0
13388,ἀκεώμεθα,1,1,0
13389,ἀκεσταί,1,1,0
13390,μαχεσσαίμην,1,1,0
13391,μεθείη,2,1,1
13392,νεμεσσῶμαι,3,1,2
13393,ποιήσετε,1,1,0
13394,μεθημοσύνῃ,1,1,0
13395,θέσθε,2,1,1
13396,νέμεσιν,2,1,1
13397,πολεμίζει,2,2,0
13398,κελευτιόων,1,1,0
13399,Αἴαντας,1,1,0
13400,δοιούς,4,1,3
13401,λαοσσόος,4,4,0
13402,κρινθέντες,1,1,0
13403,ἔμιμνον,2,1,1
13404,προθελύμνῳ,1,1,0
13405,ἔρειδε,2,2,0
13406,κόρυν,2,2,0
13407,ἀνέρα,4,4,0
13408,ψαῦον,2,2,0
13409,ἱππόκομοι,2,2,0
13410,λαμπροῖσι,2,2,0
13411,φάλοισι,2,2,0
13412,νευόντων,2,2,0
13413,πυκνοί,4,2,2
13414,ἐπτύσσοντο,1,1,0
13415,σειόμεν,1,1,0
13416,φρόνεον,2,2,0
13417,προὔτυψαν,3,3,0
13418,ὀλοοίτροχος,1,1,0
13419,χειμάρροος,1,1,0
13420,ὤσῃ,1,1,0
13421,ἀσπέτῳ,1,1,0
13422,ἀναιδέος,1,1,0
13423,ὕψι,9,8,1
13424,ἀναθρῴσκων,1,1,0
13425,πέτεται,3,3,0
13426,κτυπέει,1,1,0
13427,ἀσφαλέως,6,3,3
13428,θέει,2,2,0
13429,ἰσόπεδον,1,1,0
13430,ἀπείλει,1,1,0
13431,μέχρι,1,1,0
13432,διελεύσεσθαι,2,2,0
13433,πυκινῇς,1,1,0
13434,ἐνέκυρσε,1,1,0
13435,φάλαγξι,1,1,0
13436,ξίφεσίν,6,5,1
13437,ἔγχεσιν,12,9,3
13438,ἀμφιγύοισιν,4,4,0
13439,παρμένετ,1,1,0
13440,σχήσουσιν,2,2,0
13441,χάσσονται,1,1,0
13442,κοῦφα,1,1,0
13443,ὑπασπίδια,3,3,0
13444,προποδίζων,2,2,0
13445,καυλῷ,3,3,0
13446,ἐάγη,4,2,2
13447,σχέθ,1,1,0
13448,Μηριόναο,3,3,0
13449,χώσατο,3,3,0
13450,ξυνέαξε,1,1,0
13451,οἰσόμενος,3,3,0
13452,κλισίηφι,1,1,0
13453,Ἴμβριον,2,2,0
13454,πολυΐππου,1,1,0
13455,Μέντορος,1,1,0
13456,νόθην,1,1,0
13457,Μηδεσικάστην,1,1,0
13458,ἀμφιέλισσαι,5,2,3
13459,μετέπρεπε,5,4,1
13460,τίεν,5,3,2
13461,Τελαμῶνος,4,3,1
13462,οὔατος,10,9,1
13463,μελίη,5,3,2
13464,περιφαινομένοιο,1,1,0
13465,ταμνομένη,1,1,0
13466,πελάσσῃ,3,3,0
13467,ὁρμήθη,5,5,0
13468,ὁρμηθέντος,3,2,1
13469,ἠλεύατο,7,7,0
13470,Ἀμφίμαχον,2,2,0
13471,υἷ,2,2,0
13472,Ἀκτορίωνος,1,1,0
13473,νισόμενον,4,2,2
13474,κροτάφοις,4,2,2
13475,ἀφαρπάξαι,1,1,0
13476,Ἀμφιμάχοιο,2,2,0
13477,κεκάλυφθ,1,1,0
13478,χάσσατ,1,1,0
13479,νεκρῶν,4,1,3
13480,ἐξείρυσσαν,1,1,0
13481,Στιχίος,2,2,0
13482,μεμαότε,1,1,0
13483,καρχαροδόντων,1,1,0
13484,ἁρπάξαντε,1,1,0
13485,φέρητον,1,1,0
13486,ῥωπήϊα,4,3,1
13487,γαμφηλῇσιν,1,1,0
13488,ἔχοντε,4,3,1
13489,κορυστά,2,2,0
13490,συλήτην,1,1,0
13491,ἁπαλῆς,2,2,0
13492,δειρῆς,4,3,1
13493,κόψεν,1,1,0
13494,Ὀϊλιάδης,4,4,0
13495,σφαιρηδόν,1,1,0
13496,ἐχολώθη,1,1,0
13497,υἱωνοῖο,1,1,0
13498,ὀτρυνέων,2,1,1
13499,τεῦχεν,1,1,0
13500,ἀντεβόλησεν,4,2,2
13501,ἐρχόμενος,2,1,1
13502,ἰγνύην,1,1,0
13503,ἰητροῖς,1,1,0
13504,ἤϊεν,7,2,5
13505,μενοίνα,3,1,2
13506,ἀντιάαν,1,1,0
13507,Θόαντι,2,2,0
13508,πάσῃ,1,1,0
13509,Πλευρῶνι,2,2,0
13510,αἰπεινῇ,2,2,0
13511,Καλυδῶνι,2,2,0
13512,ἀπειλαί,2,2,0
13513,οἴχονται,2,2,0
13514,ἀπείλεον,1,1,0
13515,Θόαν,2,2,0
13516,αἴτιος,7,3,4
13517,ἐπιστάμεθα,1,1,0
13518,ἀνδύεται,1,1,0
13519,ἀπόληγε,1,1,0
13520,κέλευέ,2,1,1
13521,νοστήσειεν,1,1,0
13522,μέλπηθρα,3,3,0
13523,μεθίῃσι,1,1,0
13524,σπεύδειν,1,1,0
13525,ὄφελός,1,1,0
13526,συμφερτή,1,1,0
13527,λυγρῶν,2,2,0
13528,ἀγαθοῖσιν,2,1,1
13529,ἐπισταίμεσθα,1,1,0
13530,ἀστεροπῇ,2,2,0
13531,ἐναλίγκιος,9,4,5
13532,ἐτίναξεν,1,1,0
13533,δεικνύς,1,1,0
13534,ἀρίζηλοι,2,2,0
13535,αὐγαί,2,2,0
13536,θέοντος,3,3,0
13537,Μηριόνη,4,4,0
13538,Μόλου,1,1,0
13539,ταχύ,1,1,0
13540,φίλταθ,3,2,1
13541,βέλεος,1,1,0
13542,ἦέ,18,7,11
13543,λιλαίομαι,2,1,1
13544,κατεάξαμεν,1,1,0
13545,ἔχεσκον,2,1,1
13546,Δηϊφόβοιο,1,1,0
13547,ὑπερηνορέοντος,1,1,0
13548,δήεις,5,1,4
13549,Τρώϊα,1,1,0
13550,κταμένων,2,2,0
13551,ἀποαίνυμαι,1,1,0
13552,δούρατά,1,1,0
13553,θώρηκες,1,1,0
13554,γανόωντες,1,1,0
13555,λελασμένον,1,1,0
13556,ὀρώρηται,1,1,0
13557,ἄλλόν,1,1,0
13558,ἴδμεναι,4,1,3
13559,λέγεσθαι,1,1,0
13560,λεγοίμεθα,1,1,0
13561,διαείδεται,1,1,0
13562,τρέπεται,3,2,1
13563,μετοκλάζει,1,1,0
13564,ἵζει,2,1,1
13565,στέρνοισι,3,2,1
13566,πατάσσει,1,1,0
13567,ὀϊομένῳ,1,1,0
13568,πάταγος,2,2,0
13569,ἀγαθοῦ,3,2,1
13570,ἐπειδάν,1,1,0
13571,ἐσίζηται,1,1,0
13572,δαΐ,3,3,0
13573,λυγρῇ,2,2,0
13574,ὄνοιτο,2,1,1
13575,βλεῖο,1,1,0
13576,πονεύμενος,1,1,0
13577,τυπείης,1,1,0
13578,πέσοι,1,1,0
13579,νώτῳ,1,1,0
13580,στέρνων,1,1,0
13581,νηδύος,2,2,0
13582,ἀντιάσειε,2,1,1
13583,ἱεμένοιο,1,1,0
13584,ὀαριστύν,1,1,0
13585,νηπύτιοι,2,2,0
13586,ὑπερφιάλως,8,2,6
13587,νεμεσήσῃ,4,1,3
13588,ἕλευ,1,1,0
13589,ἀνείλετο,1,1,0
13590,μέτεισι,1,1,0
13591,ἀταρβής,1,1,0
13592,ταλάφρονά,1,1,0
13593,Θρῄκης,2,2,0
13594,Ἐφύρους,1,1,0
13595,θωρήσσεσθον,1,1,0
13596,Φλεγύας,1,1,0
13597,μεγαλήτορας,1,1,0
13598,ἑτέροισι,1,1,0
13599,ἔδωκαν,5,3,2
13600,κεκορυθμένοι,1,1,0
13601,Δευκαλίδη,1,1,0
13602,δεξιόφιν,1,1,0
13603,παντός,2,2,0
13604,μέσσους,3,2,1
13605,ἀριστερόφιν,1,1,0
13606,δεύεσθαι,1,1,0
13607,μέσσῃσιν,2,2,0
13608,Αἴαντές,1,1,0
13609,Τεῦκρός,1,1,0
13610,τοξοσύνῃ,1,1,0
13611,ἅδην,3,2,1
13612,ἐλόωσι,2,1,1
13613,ἐνιπρῆσαι,4,4,0
13614,ἐμβάλοι,2,2,0
13615,αἰθόμενον,2,2,0
13616,δαλόν,2,1,1
13617,εἴξειε,4,2,2
13618,θνητός,8,6,2
13619,ἔδοι,1,1,0
13620,Δημήτερος,2,2,0
13621,ῥηκτός,1,1,0
13622,ῥηξήνορι,2,2,0
13623,χωρήσειεν,1,1,0
13624,αὐτοσταδίῃ,1,1,0
13625,ἐρίζειν,2,1,1
13626,ἀριστέρ,2,1,1
13627,εἴκελον,5,3,2
13628,δαιδαλέοισι,3,2,1
13629,πρυμνῇσι,5,5,0
13630,νέεσσιν,6,5,1
13631,λιγέων,4,3,1
13632,σπέρχωσιν,1,1,0
13633,πλείστη,1,1,0
13634,κελεύθους,2,1,1
13635,ἱστᾶσιν,1,1,0
13636,ὁμόσ,1,1,0
13637,ἔφριξεν,1,1,0
13638,φθισίμβροτος,1,1,0
13639,ταμεσίχροας,1,1,0
13640,ἄμερδεν,1,1,0
13641,κορύθων,1,1,0
13642,λαμπομενάων,4,2,2
13643,θωρήκων,1,1,0
13644,νεοσμήκτων,1,1,0
13645,φαεινῶν,1,1,0
13646,γηθήσειεν,2,1,1
13647,κραταιώ,2,1,1
13648,ἐτεύχετον,1,1,0
13649,Θέτιν,4,4,0
13650,κύδαινε,3,2,1
13651,υἱέα,1,1,0
13652,καρτερόθυμον,2,1,1
13653,ὀρόθυνε,1,1,0
13654,ὑπεξαναδύς,1,1,0
13655,πάτρη,1,1,0
13656,γεγόνει,1,1,0
13657,πλείονα,5,4,1
13658,κρατερῆς,6,5,1
13659,πεῖραρ,3,2,1
13660,ἐπαλλάξαντες,1,1,0
13661,ἄρρηκτόν,1,1,0
13662,ἄλυτόν,1,1,0
13663,μεσαιπόλιός,1,1,0
13664,κελεύσας,3,3,0
13665,πέφνε,3,1,2
13666,Ὀθρυονῆα,1,1,0
13667,Καβησόθεν,1,1,0
13668,Κασσάνδρην,1,1,0
13669,ἀπωσέμεν,1,1,0
13670,μάρναθ,1,1,0
13671,ὑποσχεσίῃσι,1,1,0
13672,φορέεσκε,5,4,1
13673,μέσῃ,3,2,1
13674,Ὀθρυονεῦ,1,1,0
13675,αἰνίζομ,2,1,1
13676,τελευτήσεις,1,1,0
13677,ὑπέστης,3,1,2
13678,Δαρδανίδῃ,1,1,0
13679,τελέσαιμεν,1,1,0
13680,δοῖμεν,3,1,2
13681,ὀπυιέμεν,2,1,1
13682,ἄμμιν,4,2,2
13683,ἐκπέρσῃς,1,1,0
13684,συνώμεθα,1,1,0
13685,γάμῳ,2,1,1
13686,ἐεδνωταί,1,1,0
13687,ἐπαμύντωρ,1,1,0
13688,πνείοντε,1,1,0
13689,βαλεῖν,2,2,0
13690,λαιμόν,5,4,1
13691,ἤριπεν,2,2,0
13692,ἀχερωΐς,2,2,0
13693,πίτυς,2,2,0
13694,βλωθρή,2,2,0
13695,πελέκεσσι,3,3,0
13696,νεήκεσι,2,2,0
13697,τανυσθείς,4,4,0
13698,βεβρυχώς,2,2,0
13699,κόνιος,2,2,0
13700,δεδραγμένος,2,2,0
13701,αἱματοέσσης,2,2,0
13702,πλήγη,2,2,0
13703,ἐτόλμησεν,1,1,0
13704,μενεχάρμης,3,3,0
13705,περόνησε,1,1,0
13706,Ἀσίου,1,1,0
13707,κρύφθη,1,1,0
13708,ἐΐσῃ,1,1,0
13709,δινωτήν,2,1,1
13710,κανόνεσσ,1,1,0
13711,ἐάλη,3,3,0
13712,ὑπέρπτατο,4,2,2
13713,καρφαλέον,1,1,0
13714,ἐπιθρέξαντος,1,1,0
13715,ἅλιόν,1,1,0
13716,βαρείης,3,2,1
13717,ἔλυσε,5,1,4
13718,ἔκπαγλον,7,5,2
13719,ἄτιτος,2,2,0
13720,Ἄϊδός,2,2,0
13721,γηθήσειν,1,1,0
13722,ὤπασα,1,1,0
13723,πομπόν,5,4,1
13724,Ἀντιλόχῳ,5,5,0
13725,ὄρινεν,2,2,0
13726,ἀμέλησεν,1,1,0
13727,ἐρεβεννῇ,1,1,0
13728,δουπῆσαι,1,1,0
13729,Ἀλκάθοον,1,1,0
13730,ὤπυιε,2,2,0
13731,Ἱπποδάμειαν,2,1,1
13732,κάλλεϊ,3,1,2
13733,ἔργοισιν,2,1,1
13734,γῆμεν,3,1,2
13735,Ἰδομενῆϊ,2,1,1
13736,θέλξας,1,1,0
13737,φαεινά,1,1,0
13738,δύνατ,6,5,1
13739,ἀλέασθαι,8,5,3
13740,στήλην,2,1,1
13741,δένδρεον,2,1,1
13742,ὑψιπέτηλον,2,1,1
13743,ἑσταότα,1,1,0
13744,ἤρκει,1,1,0
13745,ἐρεικόμενος,1,1,0
13746,κραδίῃ,6,4,2
13747,ἐπεπήγει,1,1,0
13748,ἀσπαίρουσα,1,1,0
13749,οὐρίαχον,1,1,0
13750,πελέμιζεν,1,1,0
13751,Δηΐφοβ,2,2,0
13752,ἐΐσκομεν,1,1,0
13753,ἄξιον,8,3,5
13754,πεφάσθαι,3,3,0
13755,ἵστασ,3,3,0
13756,γόνος,5,2,3
13757,ἱκάνω,16,4,12
13758,Μίνωα,2,1,1
13759,Κρήτῃ,6,2,4
13760,ἐπίουρον,1,1,0
13761,Μίνως,2,1,1
13762,Δευκαλίωνα,2,2,0
13763,Δευκαλίων,2,1,1
13764,πολέσσ,2,2,0
13765,ἑταρίσσαιτο,1,1,0
13766,πειρήσαιτο,3,1,2
13767,φρονέοντι,12,4,8
13768,δοάσσατο,10,3,7
13769,βῆναι,2,2,0
13770,ἐπεμήνιε,1,1,0
13771,τίεσκεν,1,1,0
13772,γαμβρῷ,1,1,0
13773,κῆδος,4,3,1
13774,ἕπευ,5,2,3
13775,Ἀλκαθόῳ,2,2,0
13776,ἐπαμύνομεν,1,1,0
13777,σῦς,12,1,11
13778,οἰοπόλῳ,3,3,0
13779,φρίσσει,1,1,0
13780,λάμπετον,1,1,0
13781,θήγει,1,1,0
13782,ἀλέξασθαι,4,3,1
13783,μένεν,4,3,1
13784,ὑπεχώρει,2,2,0
13785,βοηθόον,2,2,0
13786,Ἀσκάλαφόν,1,1,0
13787,ἐσορῶν,2,2,0
13788,δεῦτε,4,2,2
13789,ἐναίρειν,3,3,0
13790,ἄνθος,3,1,2
13791,ὁμηλικίη,4,1,3
13792,γενοίμεθα,1,1,0
13793,φεροίμην,3,3,0
13794,Δηΐφοβόν,3,3,0
13795,κτίλον,1,1,0
13796,πιόμεν,1,1,0
13797,βοτάνης,2,1,1
13798,γάνυται,2,2,0
13799,ἐπισπόμενον,1,1,0
13800,ἑοῖ,2,1,1
13801,μακροῖσι,2,2,0
13802,τιτυσκομένων,1,1,0
13803,ἀτάλαντοι,2,2,0
13804,ἵεντ,2,2,0
13805,ταμέειν,3,3,0
13806,κραδαινομένη,2,2,0
13807,στιβαρῆς,6,5,1
13808,Οἰνόμαον,1,1,0
13809,μέσσην,8,7,1
13810,ἔντερα,5,5,0
13811,ἤφυσ,2,2,0
13812,νέκυος,6,6,0
13813,βελέεσσιν,9,4,5
13814,ὁρμηθέντι,1,1,0
13815,τρέσσαι,1,1,0
13816,βάδην,1,1,0
13817,ἅμαρτεν,2,2,0
13818,Ἐνυαλίοιο,2,2,0
13819,ἔσχεν,4,3,1
13820,πέπυστο,2,2,0
13821,βριήπυος,1,1,0
13822,νέφεσσιν,1,1,0
13823,βουλῇσιν,1,1,0
13824,ἐελμένος,1,1,0
13825,ἐεργόμενοι,1,1,0
13826,Ἀσκαλάφῳ,1,1,0
13827,Ἀσκαλάφου,1,1,0
13828,πήληκα,3,2,1
13829,ἥρπασε,2,2,0
13830,τύψεν,1,1,0
13831,βόμβησε,3,2,1
13832,πεσοῦσα,3,2,1
13833,αἰγυπιός,2,2,0
13834,ἐξέρυσε,1,1,0
13835,πρυμνοῖο,1,1,0
13836,βραχίονος,1,1,0
13837,Πολίτης,3,2,1
13838,τιτήνας,1,1,0
13839,ἐξῆγεν,1,1,0
13840,ἵκεθ,6,3,3
13841,ἡνίοχόν,3,3,0
13842,νεουτάτου,1,1,0
13843,ἔρρεε,2,2,0
13844,Αἰνέας,1,1,0
13845,Ἀφαρῆα,1,1,0
13846,Καλητορίδην,1,1,0
13847,ἐπορούσας,3,3,0
13848,τύψ,1,1,0
13849,τετραμμένον,2,1,1
13850,ἑάφθη,2,2,0
13851,χύτο,7,6,1
13852,θυμοραϊστής,3,3,0
13853,μεταστρεφθέντα,1,1,0
13854,δοκεύσας,2,2,0
13855,οὔτασ,2,2,0
13856,φλέβα,1,1,0
13857,ἔκερσεν,2,2,0
13858,περισταδόν,1,1,0
13859,οὔταζον,1,1,0
13860,ἐπιγράψαι,1,1,0
13861,Ἀντιλόχου,2,2,0
13862,ἄνευ,8,4,4
13863,στρωφᾶτ,1,1,0
13864,σειόμενον,1,1,0
13865,ἀκοντίσσαι,3,3,0
13866,ὁρμηθῆναι,3,2,1
13867,λῆθ,1,1,0
13868,ὁρμηθείς,6,5,1
13869,ἀμενήνωσεν,1,1,0
13870,αἰχμήν,2,2,0
13871,κυανοχαῖτα,5,4,1
13872,μεγήρας,2,2,0
13873,μεῖν,1,1,0
13874,σκῶλος,1,1,0
13875,πυρίκαυστος,1,1,0
13876,σάκει,2,2,0
13877,Ἀντιλόχοιο,7,3,4
13878,ἀπιόντα,2,2,0
13879,μετασπόμενος,1,1,0
13880,αἰδοίων,1,1,0
13881,ὀμφαλοῦ,1,1,0
13882,ἀλεγεινός,1,1,0
13883,ὀϊζυροῖσι,1,1,0
13884,ἔπηξεν,1,1,0
13885,ἤσπαιρ,1,1,0
13886,βουκόλοι,2,1,1
13887,ἰλλάσιν,1,1,0
13888,ἄγουσιν,1,1,0
13889,ἤσπαιρε,2,1,1
13890,ἀνεσπάσατ,1,1,0
13891,Δηΐπυρον,1,1,0
13892,Θρηϊκίῳ,1,1,0
13893,τρυφάλειαν,5,4,1
13894,ἄραξεν,1,1,0
13895,ἀποπλαγχθεῖσα,1,1,0
13896,κυλινδομένην,1,1,0
13897,ἐπαπειλήσας,1,1,0
13898,Ἑλένῳ,1,1,0
13899,ὁμαρτήδην,1,1,0
13900,πτυόφιν,1,1,0
13901,θρῴσκωσιν,1,1,0
13902,κύαμοι,1,1,0
13903,μελανόχροες,1,1,0
13904,ἐρέβινθοι,1,1,0
13905,πνοιῇ,8,7,1
13906,λικμητῆρος,1,1,0
13907,ἐρωῇ,1,1,0
13908,ἀποπλαγχθείς,1,1,0
13909,παρακρεμάσας,1,1,0
13910,ἐφέλκετο,1,1,0
13911,ἔρυσεν,2,2,0
13912,ξυνέδησεν,1,1,0
13913,ἐϋστρεφεῖ,2,2,0
13914,ἀώτῳ,3,2,1
13915,σφενδόνῃ,1,1,0
13916,Πείσανδρος,3,3,0
13917,ἐλάσσαι,2,2,0
13918,ἔσχεθε,3,2,1
13919,κατεκλάσθη,8,1,7
13920,ἆλτ,2,2,0
13921,Πεισάνδρῳ,1,1,0
13922,ἀξίνην,1,1,0
13923,εὔχαλκον,2,2,0
13924,ἐλαΐνῳ,1,1,0
13925,πελέκκῳ,1,1,0
13926,ἐϋξέστῳ,2,2,0
13927,ἐφίκοντο,1,1,0
13928,ἄκρον,13,7,6
13929,μέτωπον,5,5,0
13930,ῥινός,2,2,0
13931,λάκε,3,3,0
13932,βαίνων,2,2,0
13933,λείψετέ,1,1,0
13934,δεινῆς,1,1,0
13935,ἀκόρητοι,3,3,0
13936,λώβης,3,1,2
13937,αἴσχεος,1,1,0
13938,λωβήσασθε,1,1,0
13939,κακαί,1,1,0
13940,ἐριβρεμέτεω,1,1,0
13941,χαλεπήν,3,2,1
13942,ἐδείσατε,1,1,0
13943,ξεινίου,2,1,1
13944,διαφθέρσει,1,1,0
13945,αἰπήν,5,1,4
13946,οἴχεσθ,1,1,0
13947,ἀνάγοντες,1,1,0
13948,φιλέεσθε,1,1,0
13949,μενεαίνετε,2,1,1
13950,ὀλοόν,3,3,0
13951,σχήσεσθε,1,1,0
13952,ἐσσύμενοί,1,1,0
13953,χαρίζεαι,1,1,0
13954,ὑβριστῇσι,1,1,0
13955,ἀτάσθαλον,7,2,5
13956,δύνανται,6,3,3
13957,φυλόπιδος,6,5,1
13958,κορέσασθαι,1,1,0
13959,κόρος,3,2,1
13960,μολπῆς,5,2,3
13961,γλυκερῆς,2,1,1
13962,ὀρχηθμοῖο,5,1,4
13963,ἐέλδεται,4,1,3
13964,εἷναι,1,1,0
13965,ἐπᾶλτο,2,2,0
13966,Ἁρπαλίων,1,1,0
13967,πτολεμίξων,1,1,0
13968,τροίην,1,1,0
13969,ἀφίκετο,13,2,11
13970,χαλκήρε,2,2,0
13971,ἐξεπέρησεν,1,1,0
13972,ἑζόμενος,8,3,5
13973,σκώληξ,1,1,0
13974,ταθείς,3,2,1
13975,δεῦε,4,3,1
13976,Παφλαγόνες,1,1,0
13977,ἀνέσαντες,1,1,0
13978,λείβων,8,2,6
13979,ποινή,2,2,0
13980,Παφλαγόνεσσι,1,1,0
13981,Εὐχήνωρ,1,1,0
13982,Πολυΐδου,1,1,0
13983,μάντιος,1,1,0
13984,Κορινθόθι,1,1,0
13985,Πολύϊδος,1,1,0
13986,νούσῳ,2,1,1
13987,ἀργαλέῃ,3,3,0
13988,θωήν,2,1,1
13989,ἀλέεινεν,2,1,1
13990,νοῦσόν,1,1,0
13991,γναθμοῖο,3,3,0
13992,ἐπέπυστο,1,1,0
13993,δηϊόωντο,1,1,0
13994,ὄτρυν,2,2,0
13995,σθένει,2,2,0
13996,ῥηξάμενος,1,1,0
13997,πυκινάς,4,4,0
13998,Αἴαντός,5,3,2
13999,εἰρυμέναι,1,1,0
14000,ἐδέδμητο,1,1,0
14001,χθαμαλώτατον,1,1,0
14002,γίγνοντο,1,1,0
14003,Ἰάονες,1,1,0
14004,ἑλκεχίτωνες,1,1,0
14005,Λοκροί,2,2,0
14006,Φθῖοι,1,1,0
14007,φαιδιμόεντες,1,1,0
14008,ὦσαι,1,1,0
14009,προλελεγμένοι,1,1,0
14010,Φείδας,1,1,0
14011,Βίας,1,1,0
14012,Ἀμφίων,1,1,0
14013,Δρακίος,1,1,0
14014,Φθίων,2,2,0
14015,μενεπτόλεμός,1,1,0
14016,κατακτάς,6,4,2
14017,μητρυιῆς,2,2,0
14018,Ἐριώπιδος,2,2,0
14019,Ὀϊλεύς,2,2,0
14020,Ἰφίκλοιο,1,1,0
14021,Τελαμωνίου,1,1,0
14022,νειῷ,3,1,2
14023,βόε,2,1,1
14024,οἴνοπε,2,1,1
14025,τιταίνετον,2,2,0
14026,ἄρά,6,6,0
14027,πρυμνοῖσιν,1,1,0
14028,κεράεσσι,2,1,1
14029,ἀνακηκίει,1,1,0
14030,ἱεμένω,2,1,1
14031,ὦλκα,2,1,1
14032,τέμει,1,1,0
14033,τέλσον,3,3,0
14034,παρβεβαῶτε,1,1,0
14035,Τελαμωνιάδῃ,2,2,0
14036,ἕταροι,17,8,9
14037,ἐξεδέχοντο,1,1,0
14038,κάματός,1,1,0
14039,Ὀϊλιάδῃ,1,1,0
14040,μίμνε,3,3,0
14041,κόρυθας,1,1,0
14042,χαλκήρεας,4,1,3
14043,ἱπποδασείας,3,1,2
14044,μείλινα,2,2,0
14045,βάλλοντες,3,3,0
14046,ῥήγνυντο,2,2,0
14047,ἐλάνθανον,1,1,0
14048,μιμνήσκοντο,1,1,0
14049,συνεκλόνεον,1,1,0
14050,λευγαλέως,1,1,0
14051,ἐχώρησαν,4,4,0
14052,παραρρητοῖσι,1,1,0
14053,περιίδμεναι,1,1,0
14054,ὀρχηστύν,3,1,2
14055,ἑτέρῳ,3,3,0
14056,κίθαριν,2,1,1
14057,τιθεῖ,1,1,0
14058,ἐπαυρίσκοντ,1,1,0
14059,ἀνέγνω,3,1,2
14060,στέφανος,1,1,0
14061,δέδηε,3,2,1
14062,ἀφεστᾶσιν,1,1,0
14063,κάλει,5,2,3
14064,ἐπιφρασσαίμεθα,1,1,0
14065,πέσωμεν,1,1,0
14066,ἔλθωμεν,3,1,2
14067,ἀπήμονες,2,1,1
14068,χθιζόν,3,2,1
14069,ἀποστήσωνται,1,1,0
14070,μίμνει,2,1,1
14071,ὄρεϊ,1,1,0
14072,νιφόεντι,2,2,0
14073,πέτετ,3,3,0
14074,Πανθοΐδην,3,3,0
14075,ἀγαπήνορα,2,1,1
14076,ἐπεσσεύοντ,1,1,0
14077,Ἑλένοιο,3,3,0
14078,Ὑρτάκου,2,2,0
14079,προμάχους,1,1,0
14080,ἀπήμονας,3,1,2
14081,ἀνολέθρους,1,1,0
14082,πρυμνῇσιν,2,2,0
14083,κέατο,2,2,0
14084,ὀλέσαντες,5,2,3
14085,τείχει,5,5,0
14086,δακρυοέσσης,2,2,0
14087,θαρσύνονθ,3,3,0
14088,ἐποτρύνοντα,3,3,0
14089,Δηΐφοβός,2,2,0
14090,Ἀσιάδης,1,1,0
14091,Ἀδάμας,1,1,0
14092,Ὀθρυονεύς,1,1,0
14093,αἰπεινή,1,1,0
14094,σῶς,6,2,4
14095,ἐρωῆσαι,2,2,0
14096,μέλλω,3,2,1
14097,ἤγειρας,1,1,0
14098,οἴχεσθον,1,1,0
14099,μακρῇσι,2,1,1
14100,τετυμμένω,1,1,0
14101,ἐγχείῃσιν,6,4,2
14102,ἄρχ,1,1,0
14103,ἐμμεμαῶτες,2,1,1
14104,ἑψόμεθ,2,1,1
14105,δευήσεσθαι,2,1,1
14106,δύναμιν,2,1,1
14107,Φάλκην,2,2,0
14108,Ὀρθαῖόν,1,1,0
14109,Πολυφήτην,1,1,0
14110,Πάλμύν,1,1,0
14111,Ἀσκάνιόν,1,1,0
14112,Μόρυν,2,2,0
14113,Ἱπποτίωνος,1,1,0
14114,ἀμοιβοί,1,1,0
14115,προτέρῃ,3,1,2
14116,ἀργαλέων,4,2,2
14117,βροντῆς,1,1,0
14118,πέδον,1,1,0
14119,θεσπεσίῳ,3,3,0
14120,ὁμάδῳ,5,5,0
14121,ἁλί,9,1,8
14122,μίσγεται,2,1,1
14123,παφλάζοντα,1,1,0
14124,κυρτά,1,1,0
14125,φαληριόωντα,1,1,0
14126,ἀρηρότες,3,2,1
14127,μαρμαίροντες,1,1,0
14128,ῥινοῖσιν,1,1,0
14129,ἐπελήλατο,2,2,0
14130,κροτάφοισι,4,4,0
14131,σείετο,2,2,0
14132,πήληξ,4,4,0
14133,εἴξειαν,1,1,0
14134,προβιβῶντι,1,1,0
14135,βιβάσθων,3,3,0
14136,δειδίσσεαι,1,1,0
14137,ἀδαήμονές,2,1,1
14138,ἐδάμημεν,1,1,0
14139,ἐξαλαπάξειν,1,1,0
14140,ναιομένη,1,1,0
14141,ὑμή,1,1,0
14142,ἀρήσῃ,1,1,0
14143,θάσσονας,1,1,0
14144,ἰρήκων,1,1,0
14145,οἴσουσι,2,1,1
14146,κονίοντες,4,3,1
14147,εἰπόντι,3,1,2
14148,ἐπέπτατο,3,1,2
14149,δεξιός,6,2,4
14150,θάρσυνος,2,2,0
14151,οἰωνῷ,1,1,0
14152,ἁμαρτοεπές,1,1,0
14153,βουγάϊε,2,1,1
14154,τέκοι,1,1,0
14155,πεφήσεαι,2,1,1
14156,ταλάσσῃς,1,1,0
14157,λειριόεντα,1,1,0
14158,δάψει,1,1,0
14159,κορέεις,1,1,0
14160,λάθοντο,3,3,0
14161,ἐπιόντας,1,1,0
14162,ἠχή,1,1,0
14163,αἰθέρα,2,1,1
14164,αὐγάς,6,2,4
14165,ἔλαθεν,1,1,0
14166,πίνοντά,2,1,1
14167,Ἀσκληπιάδην,1,1,0
14168,Μαχᾶον,1,1,0
14169,πῖνε,7,1,6
14170,λοετρά,4,3,1
14171,θερμήνῃ,1,1,0
14172,λούσῃ,1,1,0
14173,περιωπήν,2,1,1
14174,Θρασυμήδεος,1,1,0
14175,παμφαῖνον,1,1,0
14176,εἴσιδεν,4,1,3
14177,κλονέοντας,2,2,0
14178,ἐρέριπτο,1,1,0
14179,πορφύρῃ,1,1,0
14180,πέλαγος,5,1,4
14181,κύματι,3,1,2
14182,κωφῷ,1,1,0
14183,ὀσσόμενον,1,1,0
14184,προκυλίνδεται,1,1,0
14185,οὐδετέρωσε,1,1,0
14186,κεκριμένον,1,1,0
14187,ὅρμαινε,4,4,0
14188,δαϊζόμενος,1,1,0
14189,διχθάδι,1,1,0
14190,ἴοι,1,1,0
14191,νυσσομένων,2,2,0
14192,ἀμφιγύοισι,4,2,2
14193,ξύμβληντο,3,2,1
14194,ἀνιόντες,1,1,0
14195,βεβλήατο,2,1,1
14196,εἰρύατο,3,3,0
14197,πρύμνῃσιν,3,3,0
14198,εὐρύς,3,2,1
14199,ἐδυνήσατο,2,2,0
14200,αἰγιαλός,1,1,0
14201,χαδέειν,1,1,0
14202,στείνοντο,2,1,1
14203,προκρόσσας,1,1,0
14204,πλῆσαν,4,3,1
14205,ἁπάσης,2,1,1
14206,συνεέργαθον,1,1,0
14207,ἄκραι,4,4,0
14208,ὀψείοντες,1,1,0
14209,ἐρειδόμενοι,1,1,0
14210,ἄχνυτο,1,1,0
14211,ξύμβλητο,3,2,1
14212,πτῆξε,1,1,0
14213,ἀφικάνεις,2,1,1
14214,τελέσῃ,1,1,0
14215,ἐπηπείλησεν,1,1,0
14216,βάλλονται,1,1,0
14217,παρατεκτήναιτο,1,1,0
14218,κατερήριπεν,1,1,0
14219,ἄρρηκτον,5,4,1
14220,ἀλίαστον,4,4,0
14221,σκοπιάζων,1,1,0
14222,ὁπποτέρωθεν,1,1,0
14223,ὀρινόμενοι,1,1,0
14224,κλονέονται,3,3,0
14225,ῥέξει,1,1,0
14226,ἔχραισμε,1,1,0
14227,ᾔδεα,1,1,0
14228,κυδάνει,1,1,0
14229,ἔδησεν,1,1,0
14230,ὅσαι,5,4,1
14231,ἕλκωμεν,1,1,0
14232,εὐνάων,1,1,0
14233,ὁρμίσσομεν,1,1,0
14234,ἀβρότη,1,1,0
14235,ἐρυσαίμεθα,4,4,0
14236,βέλτερον,5,4,1
14237,προφύγῃ,1,1,0
14238,οὐλόμεν,2,1,1
14239,ὤφελλες,2,1,1
14240,ἀεικελίου,1,1,0
14241,νεότητος,2,2,0
14242,τολυπεύειν,1,1,0
14243,ἀργαλέους,2,1,1
14244,πολέμους,1,1,0
14245,φθιόμεσθα,1,1,0
14246,καλλείψειν,1,1,0
14247,ὀϊζύομεν,1,1,0
14248,σίγα,5,1,4
14249,ἀκούσῃ,9,3,6
14250,ἐπίσταιτο,2,1,1
14251,βάζειν,4,1,3
14252,σκηπτοῦχός,1,1,0
14253,τοσσοίδ,1,1,0
14254,ὅσσοισιν,1,1,0
14255,ὠνοσάμην,2,2,0
14256,συνεσταότος,1,1,0
14257,εὐκτά,1,1,0
14258,ἐπικρατέουσί,1,1,0
14259,ἐπιρρέπῃ,1,1,0
14260,ἑλκομενάων,1,1,0
14261,ἀποπαπτανέουσιν,1,1,0
14262,ἐρωήσουσι,1,1,0
14263,δηλήσεται,3,1,2
14264,ὄρχαμε,11,4,7
14265,καθίκεο,1,1,0
14266,ἐνιπῇ,1,1,0
14267,τῆσδέ,1,1,0
14268,ἐνίσποι,1,1,0
14269,ἀσμένῳ,1,1,0
14270,ματεύσομεν,1,1,0
14271,κότῳ,1,1,0
14272,ἀγάσησθε,1,1,0
14273,γενεῆφι,2,2,0
14274,νεώτατός,2,2,0
14275,Θήβῃσι,2,1,1
14276,καλύπτει,2,2,0
14277,πορθεῖ,1,1,0
14278,οἴκεον,1,1,0
14279,Ἄγριος,1,1,0
14280,Μέλας,1,1,0
14281,ἐμοῖο,9,1,8
14282,νάσθη,1,1,0
14283,πλαγχθείς,1,1,0
14284,Ἀδρήστοιο,1,1,0
14285,ἔγημε,3,1,2
14286,ἄρουραι,2,2,0
14287,πυροφόροι,1,1,0
14288,φυτῶν,1,1,0
14289,ὄρχατοι,1,1,0
14290,πρόβατ,2,2,0
14291,μέλλετ,2,1,1
14292,ἀτιμήσαιτε,1,1,0
14293,πεφασμένον,1,1,0
14294,ἐχώμεθα,1,1,0
14295,ἐνήσομεν,3,1,2
14296,ἦρα,4,1,3
14297,ἀφεστᾶσ,1,1,0
14298,παλαιῷ,1,1,0
14299,γηθεῖ,1,1,0
14300,φύζαν,6,4,2
14301,δερκομένῳ,1,1,0
14302,ἠβαιαί,3,1,2
14303,σιφλώσειε,1,1,0
14304,κοτέουσιν,1,1,0
14305,κονίσουσιν,1,1,0
14306,ἐπόψεαι,2,1,1
14307,ἐπεσσύμενος,3,1,2
14308,τόσσην,4,2,2
14309,εἰσεῖδε,2,2,0
14310,ῥίου,1,1,0
14311,δαέρα,1,1,0
14312,Ζῆνα,2,1,1
14313,πολυπίδακος,5,5,0
14314,ἐξαπάφοιτο,1,1,0
14315,ἐντύνασαν,1,1,0
14316,ἱμείραιτο,1,1,0
14317,παραδραθέειν,1,1,0
14318,χροιῇ,1,1,0
14319,ἀπήμονά,4,1,3
14320,χεύῃ,1,1,0
14321,πευκαλίμῃσι,3,3,0
14322,ἔτευξεν,3,2,1
14323,σταθμοῖσιν,4,2,2
14324,ἐπῆρσε,1,1,0
14325,κρυπτῇ,1,1,0
14326,ἀνῷγεν,1,1,0
14327,φαεινάς,5,1,4
14328,ἀμβροσίῃ,3,3,0
14329,ἱμερόεντος,1,1,0
14330,κάθηρεν,2,1,1
14331,ἀλείψατο,1,1,0
14332,ἀμβροσίῳ,3,2,1
14333,ἑδανῷ,1,1,0
14334,τεθυωμένον,1,1,0
14335,κινυμένοιο,1,1,0
14336,γαῖάν,3,1,2
14337,ἀλειψαμένη,1,1,0
14338,πεξαμένη,1,1,0
14339,πλοκάμους,1,1,0
14340,ἔπλεξε,1,1,0
14341,φαεινούς,1,1,0
14342,καλούς,2,1,1
14343,ἀμβροσίους,1,1,0
14344,κράατος,1,1,0
14345,ἕσαθ,1,1,0
14346,ἔξυσ,1,1,0
14347,ἀσκήσασα,2,1,1
14348,ἐνετῇσι,1,1,0
14349,περονᾶτο,1,1,0
14350,ζώσατο,2,1,1
14351,ζώνῃ,1,1,0
14352,θυσάνοις,1,1,0
14353,ἀραρυίῃ,1,1,0
14354,ἐϋτρήτοισι,1,1,0
14355,λοβοῖσι,1,1,0
14356,τρίγληνα,2,1,1
14357,μορόεντα,2,1,1
14358,ἀπελάμπετο,2,1,1
14359,πολλή,12,4,8
14360,κρηδέμνῳ,1,1,0
14361,καλύψατο,2,1,1
14362,νηγατέῳ,1,1,0
14363,καλεσσαμένη,1,1,0
14364,ἀρνήσαιο,1,1,0
14365,κοτεσσαμένη,3,2,1
14366,ἀρήγεις,1,1,0
14367,αὔδα,3,2,1
14368,τελέσαι,12,7,5
14369,δαμνᾷ,2,1,1
14370,ἀθανάτους,4,2,2
14371,θνητούς,1,1,0
14372,ὀψομένη,4,4,0
14373,πολυφόρβου,2,2,0
14374,πείρατα,4,2,2
14375,γένεσιν,2,2,0
14376,Τηθύν,2,2,0
14377,σφοῖσι,2,2,0
14378,τρέφον,3,3,0
14379,ἀτίταλλον,2,2,0
14380,δεξάμενοι,4,2,2
14381,Ῥείας,1,1,0
14382,Κρόνον,3,3,0
14383,καθεῖσε,1,1,0
14384,ἀπέχονται,2,2,0
14385,κείνω,2,1,1
14386,παραιπεπιθοῦσα,1,1,0
14387,ἀνέσαιμι,1,1,0
14388,ὁμωθῆναι,1,1,0
14389,ἀρνήσασθαι,3,1,2
14390,ἀρίστου,1,1,0
14391,ἀγκοίνῃσιν,2,1,1
14392,ἰαύεις,1,1,0
14393,ἐλύσατο,2,2,0
14394,κεστόν,1,1,0
14395,θελκτήρια,2,1,1
14396,φιλότης,2,2,0
14397,ὀαριστύς,2,2,0
14398,πάρφασις,1,1,0
14399,ἔκλεψε,1,1,0
14400,τῆ,7,3,4
14401,τεῷ,1,1,0
14402,ἐγκάτθεο,1,1,0
14403,ἄπρηκτόν,1,1,0
14404,μενοινᾷς,8,2,6
14405,ἐγκάτθετο,3,1,2
14406,Πιερίην,2,1,1
14407,ἐπιβᾶσα,1,1,0
14408,Ἠμαθίην,1,1,0
14409,ὄρεα,4,1,3
14410,νιφόεντα,2,1,1
14411,ἀκροτάτας,1,1,0
14412,μάρπτε,1,1,0
14413,ποδοῖιν,6,6,0
14414,Ἀθόω,1,1,0
14415,ἐβήσετο,5,1,4
14416,κυμαίνοντα,6,1,5
14417,Λῆμνον,7,5,2
14418,εἰσαφίκανε,1,1,0
14419,Θόαντος,1,1,0
14420,Ὕπνῳ,1,1,0
14421,Θανάτοιο,1,1,0
14422,Ὕπνε,2,2,0
14423,πείθευ,1,1,0
14424,ἰδέω,1,1,0
14425,κοίμησόν,1,1,0
14426,ὀφρύσιν,2,2,0
14427,παραλέξομαι,1,1,0
14428,τεύξει,2,1,1
14429,θρῆνυν,5,2,3
14430,ἥσει,1,1,0
14431,ἐπισχοίης,1,1,0
14432,λιπαρούς,2,1,1
14433,εἰλαπινάζων,2,1,1
14434,Ὕπνος,4,4,0
14435,κατευνήσαιμι,1,1,0
14436,Ὠκεανοῦ,3,1,2
14437,γένεσις,1,1,0
14438,Κρονίονος,2,1,1
14439,κατευνήσαιμ,1,1,0
14440,κελεύοι,3,1,2
14441,τεή,1,1,0
14442,ἐπίνυσσεν,1,1,0
14443,ἐφετμή,2,2,0
14444,ἔπλεεν,1,1,0
14445,Ἰλιόθεν,2,1,1
14446,ἐξαλαπάξας,2,1,1
14447,ἔλεξα,1,1,0
14448,ἀμφιχυθείς,3,2,1
14449,μήσαο,1,1,0
14450,ὄρσασ,1,1,0
14451,ἀήτας,2,1,1
14452,ἀπένεικας,2,2,0
14453,ἐπεγρόμενος,1,1,0
14454,χαλέπαινε,2,2,0
14455,ῥιπτάζων,1,1,0
14456,ζήτει,1,1,0
14457,ἄϊστον,1,1,0
14458,Νύξ,1,1,0
14459,δμήτειρα,1,1,0
14460,ἱκόμην,7,1,6
14461,ἐπαύσατο,5,1,4
14462,χωόμενός,1,1,0
14463,Νυκτί,1,1,0
14464,ἀποθύμια,1,1,0
14465,ἀμήχανον,1,1,0
14466,τελέσσαι,5,3,2
14467,Ἡρακλῆος,4,4,0
14468,παῖδος,1,1,0
14469,Χαρίτων,4,2,2
14470,ὁπλοτεράων,2,2,0
14471,ὀπυιέμεναι,1,1,0
14472,σήν,24,4,20
14473,κεκλῆσθαι,1,1,0
14474,χήρατο,1,1,0
14475,ἀάατον,2,1,1
14476,μαρμαρέην,3,3,0
14477,ὦσ,2,2,0
14478,Πασιθέην,1,1,0
14479,ἐέλδομαι,2,1,1
14480,ὄμνυε,1,1,0
14481,ὑποταρταρίους,1,1,0
14482,Τιτῆνες,1,1,0
14483,ὄμοσέν,3,1,2
14484,τελεύτησέν,3,1,2
14485,Λήμνου,2,1,1
14486,λιπόντε,2,1,1
14487,ἑσσαμένω,2,2,0
14488,πρήσσοντε,2,2,0
14489,Λεκτόν,1,1,0
14490,χέρσου,9,1,8
14491,ἀκροτάτη,2,1,1
14492,ἔμεινε,2,1,1
14493,ἐλάτην,1,1,0
14494,περιμήκετον,2,1,1
14495,μακροτάτη,1,1,0
14496,πεφυυῖα,1,1,0
14497,ἠέρος,2,2,0
14498,αἰθέρ,5,5,0
14499,ἧστ,1,1,0
14500,ὄζοισιν,2,2,0
14501,πεπυκασμένος,2,1,1
14502,εἰλατίνοισιν,1,1,0
14503,ὄρνιθι,2,1,1
14504,χαλκίδα,1,1,0
14505,κικλήσκουσι,3,1,2
14506,κύμινδιν,1,1,0
14507,ὑψηλῆς,3,2,1
14508,πρῶτόν,3,1,2
14509,ἐμισγέσθην,1,1,0
14510,φοιτῶντε,1,1,0
14511,λήθοντε,1,1,0
14512,τοκῆας,5,4,1
14513,Οὐλύμπου,4,4,0
14514,ἱκάνεις,10,3,7
14515,ἐπιβαίης,1,1,0
14516,πρυμνωρείῃ,1,1,0
14517,οἴσουσιν,1,1,0
14518,τραφερήν,2,1,1
14519,μετέπειτα,5,1,4
14520,χολώσεαι,1,1,0
14521,οἴχωμαι,1,1,0
14522,ἔρος,1,1,0
14523,περιπροχυθείς,1,1,0
14524,ἐδάμασσεν,5,2,3
14525,ἠρασάμην,1,1,0
14526,Ἰξιονίης,1,1,0
14527,Πειρίθοον,1,1,0
14528,Δανάης,1,1,0
14529,Ἀκρισιώνης,1,1,0
14530,Περσῆα,1,1,0
14531,ἀριδείκετον,2,1,1
14532,Φοίνικος,1,1,0
14533,τηλεκλειτοῖο,2,1,1
14534,Μίνων,1,1,0
14535,Ῥαδάμανθυν,2,1,1
14536,Σεμέλης,1,1,0
14537,Ἀλκμήνης,2,2,0
14538,Ἡρακλῆα,3,1,2
14539,κρατερόφρονα,1,1,0
14540,Διώνυσον,1,1,0
14541,Σεμέλη,1,1,0
14542,καλλιπλοκάμοιο,3,1,2
14543,ἀνάσσης,1,1,0
14544,εὐνηθῆναι,6,2,4
14545,προπέφανται,1,1,0
14546,πεφράδοι,1,1,0
14547,νεοίμην,1,1,0
14548,ἀνστᾶσα,2,1,1
14549,ἐπῆρσεν,1,1,0
14550,κείοντες,2,1,1
14551,εὔαδεν,2,2,0
14552,εὐνή,5,2,3
14553,ἀμφικαλύψω,1,1,0
14554,διαδράκοι,1,1,0
14555,ὀξύτατον,3,3,0
14556,εἰσοράασθαι,5,1,4
14557,ἔμαρπτε,4,3,1
14558,φύεν,1,1,0
14559,νεοθηλέα,1,1,0
14560,ποίην,1,1,0
14561,ἑρσήεντα,1,1,0
14562,κρόκον,1,1,0
14563,ὑάκινθον,1,1,0
14564,πυκνόν,1,1,0
14565,λεξάσθην,1,1,0
14566,νεφέλην,6,4,2
14567,ἕσσαντο,4,2,2
14568,στιλπναί,1,1,0
14569,ἀπέπιπτον,1,1,0
14570,ἔερσαι,1,1,0
14571,Γαργάρῳ,2,2,0
14572,Ποσείδαον,5,2,3
14573,ἐπάμυνε,3,3,0
14574,κῶμ,2,1,1
14575,ἐκάλυψα,1,1,0
14576,παρήπαφεν,1,1,0
14577,φῦλ,4,1,3
14578,προθορών,3,3,0
14579,μεθίεμεν,1,1,0
14580,φησί,6,2,4
14581,ὀτρυνώμεθ,1,1,0
14582,μέγισται,1,1,0
14583,ἑσσάμενοι,2,2,0
14584,παναίθῃσιν,1,1,0
14585,κρύψαντες,1,1,0
14586,μακρότατ,1,1,0
14587,ἡγήσομαι,2,1,1
14588,μενέειν,1,1,0
14589,μενέχαρμος,1,1,0
14590,χείρονι,3,2,1
14591,μείζονι,1,1,0
14592,δύτω,1,1,0
14593,ἐκόσμεον,1,1,0
14594,οἰχόμενοι,4,2,2
14595,ἄμειβον,1,1,0
14596,δόσκεν,2,2,0
14597,ἄορ,10,3,7
14598,τανύηκες,4,2,2
14599,λευγαλέῃ,1,1,0
14600,ἰσχάνει,2,2,0
14601,ἐκόσμει,2,1,1
14602,αἰνοτάτην,1,1,0
14603,ἐκλύσθη,3,1,2
14604,ξύνισαν,1,1,0
14605,βοάᾳ,1,1,0
14606,χέρσον,6,2,4
14607,ποντόθεν,1,1,0
14608,ὀρνύμενον,1,1,0
14609,Βορέω,3,2,1
14610,τόσσός,1,1,0
14611,βρόμος,1,1,0
14612,καιέμεν,1,1,0
14613,δρυσίν,2,1,1
14614,ὑψικόμοισι,1,1,0
14615,ἠπύει,3,1,2
14616,ὅσση,3,3,0
14617,τέτραπτο,2,1,1
14618,ἰθύ,2,2,0
14619,τελαμῶνε,1,1,0
14620,σάκεος,6,6,0
14621,φασγάνου,1,1,0
14622,ἀργυροήλου,6,2,4
14623,ῥυσάσθην,1,1,0
14624,θοάων,5,5,0
14625,ἐκυλίνδετο,1,1,0
14626,ἀγχόθι,4,2,2
14627,στρόμβον,1,1,0
14628,ἔδραμε,1,1,0
14629,ἐξερίπῃ,1,1,0
14630,πρόρριζος,1,1,0
14631,ὀδμή,4,1,3
14632,θράσος,1,1,0
14633,ἔκβαλεν,1,1,0
14634,ἰάχοντες,2,1,1
14635,ἐπέδραμον,3,2,1
14636,ἀκόντιζον,1,1,0
14637,οὐτάσαι,2,2,0
14638,περίβησαν,1,1,0
14639,ἀκήδεσεν,1,1,0
14640,ἀείραντες,5,2,3
14641,χεῦαν,2,1,1
14642,ἀμπνύνθη,1,1,0
14643,ἀνέδρακεν,1,1,0
14644,ἀπέμεσσεν,1,1,0
14645,πλῆτο,9,5,4
14646,πρώτιστος,3,1,2
14647,Σάτνιον,1,1,0
14648,Ἠνοπίδην,1,1,0
14649,Ἤνοπι,1,1,0
14650,ἐγχέσπαλος,2,2,0
14651,ἀμύντωρ,3,3,0
14652,Πανθοΐδης,3,3,0
14653,Προθοήνορα,1,1,0
14654,Ἀρηϊλύκοιο,1,1,0
14655,Πανθοΐδαο,3,3,0
14656,πηδῆσαι,1,1,0
14657,κόμισε,1,1,0
14658,σκηπτόμενον,3,1,2
14659,κατίμεν,1,1,0
14660,λικριφίς,2,1,1
14661,κόμισεν,1,1,0
14662,Ἀρχέλοχος,1,1,0
14663,βούλευσαν,1,1,0
14664,συνεοχμῷ,1,1,0
14665,ἀστράγαλον,1,1,0
14666,προτέρη,4,1,3
14667,ῥῖνές,1,1,0
14668,οὔδεϊ,3,2,1
14669,πλῆντ,1,1,0
14670,κνῆμαι,3,3,0
14671,ἐγέγωνεν,1,1,0
14672,Προθοήνορος,1,1,0
14673,ἄξιος,2,2,0
14674,ἔξ,4,1,3
14675,Πρόμαχον,1,1,0
14676,Βοιώτιον,1,1,0
14677,βεβαώς,1,1,0
14678,ὕφελκε,1,1,0
14679,ἀπειλάων,3,2,1
14680,οἴοισίν,2,2,0
14681,ἔσεται,1,1,0
14682,ὀϊζύς,1,1,0
14683,κατακτενέεσθε,1,1,0
14684,φράζεσθ,1,1,0
14685,Πρόμαχος,1,1,0
14686,δεδμημένος,2,1,1
14687,κασιγνήτοιό,1,1,0
14688,ἀρῆς,3,2,1
14689,ἀλκτῆρα,4,2,2
14690,Πηνέλεῳ,1,1,0
14691,Ἀκάμαντος,1,1,0
14692,ὑπέμεινεν,2,1,1
14693,Πηνελέωο,1,1,0
14694,Ἰλιονῆα,2,2,0
14695,ἐφίλει,7,1,6
14696,ὄπασσε,4,3,1
14697,ὀφρύος,1,1,0
14698,ὀφθαλμοῖο,3,2,1
14699,θέμεθλα,2,2,0
14700,γλήνην,1,1,0
14701,ἰνίου,1,1,0
14702,ἀπήραξεν,1,1,0
14703,ὀφθαλμῷ,4,1,3
14704,κώδειαν,1,1,0
14705,πέφραδέ,1,1,0
14706,εἰπέμεναί,1,1,0
14707,Ἰλιονῆος,1,1,0
14708,γοήμεναι,1,1,0
14709,Προμάχοιο,1,1,0
14710,δάμαρ,2,1,1
14711,Ἀλεγηνορίδαο,1,1,0
14712,ἐλθόντι,2,2,0
14713,γανύσσεται,1,1,0
14714,ὅπῃ,12,5,7
14715,βροτόεντ,1,1,0
14716,ἀνδράγρι,1,1,0
14717,ἤρατ,3,1,2
14718,ἔκλινε,1,1,0
14719,Ὕρτιον,1,1,0
14720,Γυρτιάδην,1,1,0
14721,ἡγήτορα,3,3,0
14722,καρτεροθύμων,1,1,0
14723,Μέρμερον,1,1,0
14724,Ἱπποτίωνα,1,1,0
14725,Προθόωνά,1,1,0
14726,Περιφήτην,2,2,0
14727,Ὑπερήνορα,1,1,0
14728,ἄφυσσε,1,1,0
14729,οὐταμένην,2,2,0
14730,ὠτειλήν,4,3,1
14731,ἔσσυτ,3,1,2
14732,ἐπισπέσθαι,1,1,0
14733,τρεσσάντων,1,1,0
14734,χλωροί,1,1,0
14735,πεφοβημένοι,2,2,0
14736,χρυσοθρόνου,1,1,0
14737,εἵαθ,3,3,0
14738,ἄσθματι,2,2,0
14739,ἀπινύσσων,1,1,0
14740,ἐμέων,1,1,0
14741,ἀφαυρότατος,1,1,0
14742,κακότεχνος,1,1,0
14743,ἀμήχανε,1,1,0
14744,σός,12,5,7
14745,δόλος,2,1,1
14746,ἔπαυσε,4,4,0
14747,κακορραφίης,1,1,0
14748,ἐπαύρηαι,1,1,0
14749,ἱμάσσω,1,1,0
14750,μέμνῃ,4,3,1
14751,ἐκρέμω,2,2,0
14752,ἄκμονας,1,1,0
14753,ἴηλα,1,1,0
14754,ἠλάστεον,1,1,0
14755,λῦσαι,7,2,5
14756,παρασταδόν,4,1,3
14757,λάβοιμι,1,1,0
14758,ῥίπτασκον,1,1,0
14759,γῆν,2,1,1
14760,ὀλιγηπελέων,3,2,1
14761,ἀνίει,2,1,1
14762,ἀζηχής,2,2,0
14763,Βορέῃ,5,2,3
14764,ἀνέμῳ,5,2,3
14765,πεπιθοῦσα,1,1,0
14766,θυέλλας,1,1,0
14767,πέμψας,1,1,0
14768,ἀτρύγετον,8,1,7
14769,μητιόωσα,3,1,2
14770,ῥυσάμην,1,1,0
14771,ἀνήγαγον,2,1,1
14772,ἀθλήσαντα,1,1,0
14773,μνήσω,1,1,0
14774,ἀπολλήξῃς,1,1,0
14775,ἀπατάων,2,1,1
14776,ἐμίγης,1,1,0
14777,ἀπάτησας,1,1,0
14778,Γαῖα,1,1,0
14779,Οὐρανός,1,1,0
14780,κατειβόμενον,3,2,1
14781,δεινότατός,2,1,1
14782,ἱερή,8,1,7
14783,νωΐτερον,1,1,0
14784,ὀμόσαιμι,1,1,0
14785,ἰότητα,1,1,0
14786,πημαίνει,1,1,0
14787,ἀρήγει,3,3,0
14788,ἡγεμονεύῃς,1,1,0
14789,καθίζοις,1,1,0
14790,μεταστρέψειε,1,1,0
14791,Ἶρίν,2,2,0
14792,κλυτότοξον,1,1,0
14793,παυσάμενον,1,1,0
14794,δώμαθ,23,1,22
14795,ὀτρύνῃσι,1,1,0
14796,ἐμπνεύσῃσι,1,1,0
14797,λελάθῃ,1,1,0
14798,ἀποστρέψῃσιν,1,1,0
14799,ἐνόρσας,1,1,0
14800,πέσωσι,1,1,0
14801,Πηλεΐδεω,4,3,1
14802,ἀνστήσει,1,1,0
14803,κτενεῖ,2,2,0
14804,ὀλέσαντ,2,1,1
14805,αἰζηούς,2,2,0
14806,παλίωξιν,2,2,0
14807,τεύχοιμι,1,1,0
14808,παύω,2,2,0
14809,ἐάσω,5,5,0
14810,Πηλεΐδαο,6,5,1
14811,τελευτηθῆναι,2,1,1
14812,ἐπένευσα,1,1,0
14813,κάρητι,1,1,0
14814,ἀΐξῃ,2,2,0
14815,ἐληλουθώς,1,1,0
14816,μενοινήῃσί,1,1,0
14817,διέπτατο,3,2,1
14818,ὁμηγερέεσσι,1,1,0
14819,ἐπῆλθεν,1,1,0
14820,ἀνήϊξαν,4,2,2
14821,δεικανόωντο,1,1,0
14822,δέπασσιν,1,1,0
14823,Θέμιστι,1,1,0
14824,καλλιπαρῄῳ,2,2,0
14825,βέβηκας,1,1,0
14826,ἀτυζομένῃ,1,1,0
14827,ἔοικας,12,1,11
14828,ἀκοίτης,1,1,0
14829,Θέμι,1,1,0
14830,ὑπερφίαλος,2,2,0
14831,ἀπηνής,6,4,2
14832,ἀκούσεαι,1,1,0
14833,οἷα,13,3,10
14834,πιφαύσκεται,2,1,1
14835,κεχαρησέμεν,1,1,0
14836,δαίνυται,2,1,1
14837,εὔφρων,1,1,0
14838,χείλεσιν,1,1,0
14839,ἰάνθη,7,4,3
14840,νεμεσσηθεῖσα,1,1,0
14841,μενεαίνομεν,1,1,0
14842,ἀφρονέοντες,1,1,0
14843,ἀφήμενος,1,1,0
14844,ἀλεγίζει,1,1,0
14845,ὄθεται,3,3,0
14846,φησίν,1,1,0
14847,κάρτεΐ,2,2,0
14848,σθένεΐ,2,2,0
14849,πέμπῃσιν,1,1,0
14850,ἔλπομ,2,2,0
14851,Ἄρηΐ,1,1,0
14852,τετύχθαι,2,1,1
14853,ὄλωλε,4,3,1
14854,θαλερώ,1,1,0
14855,καταπρηνέσσ,3,2,1
14856,νεμεσήσετ,1,1,0
14857,ἰόντ,6,4,2
14858,πληγέντι,1,1,0
14859,κέλετο,2,1,1
14860,Δεῖμόν,1,1,0
14861,Φόβον,1,1,0
14862,ζευγνύμεν,1,1,0
14863,ἀργαλεώτερος,1,1,0
14864,περιδείσασα,1,1,0
14865,διέκ,12,1,11
14866,προθύρου,3,1,2
14867,θάασσε,1,1,0
14868,καθάπτετο,1,1,0
14869,μαινόμενε,1,1,0
14870,ἠλέ,1,1,0
14871,διέφθορας,1,1,0
14872,οὔατ,2,1,1
14873,ἀπόλωλε,5,1,4
14874,Ὀλυμπίου,4,1,3
14875,εἰλήλουθεν,3,1,2
14876,ἀναπλήσας,1,1,0
14877,φυτεῦσαι,1,1,0
14878,λείψει,1,1,0
14879,κυδοιμήσων,1,1,0
14880,μάρψει,1,1,0
14881,πέφατ,2,2,0
14882,πεφήσεται,2,2,0
14883,ῥῦσθαι,1,1,0
14884,ἵδρυσε,1,1,0
14885,μετάγγελος,2,2,0
14886,κέλετ,3,3,0
14887,ἔλθητε,1,1,0
14888,ἴδησθε,4,1,3
14889,ἕρδειν,1,1,0
14890,θυόεν,1,1,0
14891,ἐχολώσατο,3,1,2
14892,πιθέσθην,1,1,0
14893,προτέρην,2,1,1
14894,ἀγγεῖλαι,1,1,0
14895,ψευδάγγελος,1,1,0
14896,παυσάμενόν,2,2,0
14897,ἔρχεσθαι,9,2,7
14898,ἐπιπείσεται,3,3,0
14899,ἀλογήσει,1,1,0
14900,ταλάσσῃ,1,1,0
14901,πτῆται,1,1,0
14902,νιφάς,1,1,0
14903,χάλαζα,1,1,0
14904,ψυχρή,3,1,2
14905,αἰθρηγενέος,2,2,0
14906,ἐννοσίγαιον,4,2,2
14907,γαιήοχε,5,2,3
14908,ἐπιπείσεαι,1,1,0
14909,ἀλογήσεις,1,1,0
14910,ἠπείλει,1,1,0
14911,ἐλεύσεσθαι,11,2,9
14912,ὑπεξαλέασθαι,1,1,0
14913,ἶσόν,2,1,1
14914,ὑπέροπλον,2,2,0
14915,ὁμότιμον,1,1,0
14916,καθέξει,5,3,2
14917,ἀδελφεοί,1,1,0
14918,Ῥέα,1,1,0
14919,ἐνέροισιν,1,1,0
14920,πολιήν,9,1,8
14921,ναιέμεν,2,1,1
14922,παλλομένων,1,1,0
14923,ἔλαχε,2,2,0
14924,ἔλαχ,1,1,0
14925,νεφέλῃσι,1,1,0
14926,ξυνή,1,1,0
14927,μακρός,1,1,0
14928,βέομαι,1,1,0
14929,μενέτω,1,1,0
14930,τριτάτῃ,1,1,0
14931,μοίρῃ,4,2,2
14932,δειδισσέσθω,1,1,0
14933,θυγατέρεσσιν,1,1,0
14934,ἐκπάγλοις,2,1,1
14935,ἐνισσέμεν,1,1,0
14936,ὀτρύνοντος,4,2,2
14937,ἀκούσονται,1,1,0
14938,φέρω,3,2,1
14939,ἀπηνέα,4,1,3
14940,μεταστρέψεις,1,1,0
14941,στρεπταί,1,1,0
14942,πρεσβυτέροισιν,1,1,0
14943,Ἐρινύες,5,3,2
14944,ἕπονται,7,1,6
14945,εἰδῇ,7,4,3
14946,ἰσόμορον,1,1,0
14947,ὁμῇ,1,1,0
14948,νεμεσσηθείς,2,2,0
14949,ὑποείξω,1,1,0
14950,Ἑρμείω,1,1,0
14951,πεφιδήσεται,3,3,0
14952,ἐθελήσει,3,2,1
14953,τοῦθ,1,1,0
14954,ἀνήκεστος,1,1,0
14955,δῦνε,4,2,2
14956,πόθεσαν,1,1,0
14957,Φοῖβε,6,6,0
14958,ἐνέρτεροί,1,1,0
14959,ὑπόειξε,1,1,0
14960,ἀνιδρωτί,1,1,0
14961,ἐτελέσθη,4,1,3
14962,ἐπισσείων,1,1,0
14963,φοβέειν,1,1,0
14964,μελέτω,7,3,4
14965,ἑκατηβόλε,1,1,0
14966,ἵκωνται,4,3,1
14967,κεῖθεν,11,4,7
14968,φράσομαι,2,1,1
14969,ἀνηκούστησεν,2,2,0
14970,ἴρηκι,2,2,0
14971,ὠκέϊ,2,2,0
14972,φασσοφόνῳ,1,1,0
14973,ὤκιστος,3,3,0
14974,ἐσαγείρετο,2,2,0
14975,ἆσθμα,1,1,0
14976,παύετ,2,1,1
14977,ἧσ,2,1,1
14978,ὀλιγοδρανέων,3,3,0
14979,δῶμ,3,1,2
14980,ἄϊον,2,2,0
14981,ἀοσσητῆρα,1,1,0
14982,παρεστάμεναι,5,3,2
14983,Φοῖβον,1,1,0
14984,χρυσάορον,1,1,0
14985,ῥύομ,1,1,0
14986,αἰπεινόν,1,1,0
14987,ἐπότρυνον,2,1,1
14988,λειανέω,1,1,0
14989,τρέψω,1,1,0
14990,ἠλίβατος,3,2,1
14991,δάσκιος,1,1,0
14992,εἰρύσατ,1,1,0
14993,κιχήμεναι,1,1,0
14994,ἰαχῆς,1,1,0
14995,ἠϋγένειος,3,3,0
14996,ἐποιχόμενον,3,1,2
14997,τάρβησαν,1,1,0
14998,κάππεσε,5,4,1
14999,νίκων,1,1,0
15000,ἐρίσσειαν,1,1,0
15001,θανέειν,7,2,5
15002,ἐρρύσατο,3,2,1
15003,ἐσάωσεν,3,1,2
15004,ἐριγδούπου,1,1,0
15005,μενοινῶν,1,1,0
15006,ἀνώξομεν,1,1,0
15007,στήομεν,1,1,0
15008,ἐρύξομεν,1,1,0
15009,ἀντιάσαντες,1,1,0
15010,δείσεσθαι,1,1,0
15011,Μέγην,1,1,0
15012,ἤρτυνον,1,1,0
15013,καλέσαντες,2,1,1
15014,εἱμένος,3,2,1
15015,ἀμφιδάσειαν,1,1,0
15016,ἀριπρεπέ,2,1,1
15017,φορήμεναι,1,1,0
15018,νευρῆφι,2,2,0
15019,θρῷσκον,1,1,0
15020,πήγνυτ,1,1,0
15021,ἀτρέμα,1,1,0
15022,ἐνῶπα,1,1,0
15023,σεῖσ,1,1,0
15024,ἔθελξε,2,1,1
15025,θῆρε,1,1,0
15026,κλονέωσι,1,1,0
15027,παρεόντος,1,1,0
15028,ἐφόβηθεν,2,2,0
15029,ὄπαζεν,2,2,0
15030,κεδασθείσης,2,2,0
15031,ὑσμίνης,6,6,0
15032,Στιχίον,1,1,0
15033,Ἀρκεσίλαον,1,1,0
15034,πιστόν,6,5,1
15035,Μέδοντα,2,1,1
15036,Ἴασον,2,1,1
15037,Ἴασος,1,1,0
15038,Σφήλοιο,1,1,0
15039,καλέσκετο,1,1,0
15040,Βουκολίδαο,1,1,0
15041,Μηκιστῆ,1,1,0
15042,Ἐχίον,2,2,0
15043,πρώτῃ,5,4,1
15044,Κλονίον,1,1,0
15045,Δηΐοχον,1,1,0
15046,ἐνιπλήξαντες,1,1,0
15047,δύοντο,2,1,1
15048,ἐπισσεύεσθαι,1,1,0
15049,ἐᾶν,3,2,1
15050,γνωτοί,1,1,0
15051,γνωταί,1,1,0
15052,κατωμαδόν,2,2,0
15053,κεκλόμενος,2,2,0
15054,ὁμοκλήσαντες,1,1,0
15055,ἐρυσάρματας,1,1,0
15056,καπέτοιο,1,1,0
15057,ἐρείπων,1,1,0
15058,κατέβαλλε,1,1,0
15059,γεφύρωσεν,2,2,0
15060,μακρήν,7,1,6
15061,ἐρωή,4,4,0
15062,σθένεος,4,3,1
15063,φαλαγγηδόν,1,1,0
15064,ἔρειπε,1,1,0
15065,ψάμαθον,1,1,0
15066,ποιήσῃ,1,1,0
15067,ἀθύρματα,3,1,2
15068,νηπιέῃσιν,1,1,0
15069,συνέχευε,2,2,0
15070,ἀθύρων,1,1,0
15071,κάματον,3,1,2
15072,σύγχεας,1,1,0
15073,ἐνῶρσας,1,1,0
15074,ὀρέγων,3,1,2
15075,ἀστερόεντα,7,4,3
15076,Ἄργεΐ,1,1,0
15077,πολυπύρῳ,1,1,0
15078,καίων,3,3,0
15079,νοστῆσαι,5,1,4
15080,ὑπέσχεο,2,1,1
15081,κατένευσας,2,1,1
15082,ἀράων,2,2,0
15083,ἀΐων,1,1,0
15084,εὐρυπόροιο,3,1,2
15085,τοίχων,1,1,0
15086,καταβήσεται,1,1,0
15087,ἐπείγῃ,1,1,0
15088,ἀνέμου,2,1,1
15089,μεγάλῃ,7,3,4
15090,ἰαχῇ,4,3,1
15091,εἰσελάσαντες,1,1,0
15092,ἀμφιγύοις,1,1,0
15093,ἐπιβάντες,1,1,0
15094,ναύμαχα,1,1,0
15095,κολλήεντα,1,1,0
15096,εἱμένα,1,1,0
15097,ἔκτοθι,2,2,0
15098,ἀγαπήνορος,3,3,0
15099,ἧστό,1,1,0
15100,ἔτερπε,1,1,0
15101,λόγοις,1,1,0
15102,φάρμακ,6,2,4
15103,ἀκέσματ,1,1,0
15104,ἔπασσε,2,2,0
15105,χατέοντί,1,1,0
15106,παρμενέμεν,1,1,0
15107,ποτιτερπέτω,1,1,0
15108,σπεύσομαι,1,1,0
15109,ὀρίνω,1,1,0
15110,εἰπόντα,6,4,2
15111,ἐπερχομένους,1,1,0
15112,παυροτέρους,1,1,0
15113,στάθμη,1,1,0
15114,ἐξιθύνει,1,1,0
15115,δαήμονος,1,1,0
15116,σοφίης,1,1,0
15117,ὑποθημοσύνῃσιν,2,1,1
15118,ἄντ,6,4,2
15119,ἐείσατο,9,1,8
15120,μιῆς,1,1,0
15121,ἐπέλασσέ,2,2,0
15122,Κλυτίοιο,3,2,1
15123,Καλήτορα,1,1,0
15124,φέροντα,1,1,0
15125,δαλός,1,1,0
15126,νεός,19,3,16
15127,χάζεσθε,1,1,0
15128,στείνεϊ,1,1,0
15129,σαώσατε,1,1,0
15130,συλήσωσι,2,2,0
15131,ἀγῶνι,13,10,3
15132,Λυκόφρονα,1,1,0
15133,Μάστορος,1,1,0
15134,Κυθήριον,1,1,0
15135,ναῖ,1,1,0
15136,Κυθήροισι,1,1,0
15137,ζαθέοισι,1,1,0
15138,ἄγχ,7,3,4
15139,πρυμνῆς,3,2,1
15140,ἐρρίγησε,2,2,0
15141,ἀπέκτατο,2,2,0
15142,πιστός,2,2,0
15143,Μαστορίδης,3,1,2
15144,Κυθηρόθεν,1,1,0
15145,ὠκύμοροι,1,1,0
15146,παρέστη,10,5,5
15147,παλίντονον,3,1,2
15148,ἰοδόκον,2,1,1
15149,ἐφίει,2,1,1
15150,Κλεῖτον,2,1,1
15151,Πεισήνορος,1,1,0
15152,πεπόνητο,1,1,0
15153,αὐχένι,3,3,0
15154,ἔμπεσεν,3,1,2
15155,κροτέοντες,1,1,0
15156,Ἀστυνόῳ,1,1,0
15157,Προτιάονος,1,1,0
15158,ἐπότρυνε,1,1,0
15159,εἰσορόωντα,7,2,5
15160,λῆθε,2,2,0
15161,ἐφύλασσεν,1,1,0
15162,ἐϋστρεφέα,1,1,0
15163,ἐρύοντι,1,1,0
15164,παρεπλάγχθη,1,1,0
15165,χαλκοβαρής,2,1,1
15166,ἡμετέρης,6,1,5
15167,ἐξέρρηξε,1,1,0
15168,νεόστροφον,1,1,0
15169,ἐνέδησα,1,1,0
15170,πρώϊον,1,1,0
15171,ἀνέχοιτο,1,1,0
15172,θαμά,4,1,3
15173,θρῴσκοντας,1,1,0
15174,ταρφέας,1,1,0
15175,μάρναό,1,1,0
15176,δαμασσάμενοί,1,1,0
15177,μνησώμεθα,6,3,3
15178,τετραθέλυμνον,2,1,1
15179,βλαφθέντα,3,3,0
15180,βέλεμνα,3,3,0
15181,ἀριστῆος,4,2,2
15182,Διόθεν,3,3,0
15183,ἀρίγνωτος,2,1,1
15184,ὁτέοισιν,1,1,0
15185,ἐγγυαλίξῃ,2,1,1
15186,ὅτινας,1,1,0
15187,μινύθῃ,1,1,0
15188,μινύθει,5,3,2
15189,μάχεσθ,1,1,0
15190,τεθνάτω,1,1,0
15191,ἀμυνομένῳ,1,1,0
15192,τεθνάμεν,6,3,3
15193,ἄλοχός,3,2,1
15194,σόη,1,1,0
15195,οἶκος,9,1,8
15196,ἀκήρατος,1,1,0
15197,σαωθῆναι,2,1,1
15198,ἔλπεσθ,1,1,0
15199,ἐμβαδόν,1,1,0
15200,ἀκούετε,4,1,3
15201,μενεαίνει,1,1,0
15202,αὐτοσχεδίῃ,1,1,0
15203,μῖξαι,1,1,0
15204,στρεύγεσθαι,2,1,1
15205,χειροτέροισιν,1,1,0
15206,Σχεδίον,2,2,0
15207,Περιμήδεος,1,1,0
15208,Λαοδάμαντα,4,1,3
15209,ἡγεμόνα,2,2,0
15210,πρυλέων,1,1,0
15211,Ὦτον,1,1,0
15212,Κυλλήνιον,1,1,0
15213,Φυλεΐδεω,1,1,0
15214,ἐπόρουσεν,3,3,0
15215,ὕπαιθα,6,6,0
15216,λιάσθη,2,1,1
15217,ἀπήμβροτεν,1,1,0
15218,Πάνθου,4,4,0
15219,Κροίσμου,1,1,0
15220,Δόλοψ,1,1,0
15221,αἰχμῆς,3,3,0
15222,Λαμπετίδης,1,1,0
15223,Λάμπος,1,1,0
15224,ἐγείνατο,5,1,4
15225,φέρτατον,2,2,0
15226,Λαομεδοντιάδης,1,1,0
15227,εἰδότα,3,1,2
15228,Φυλεΐδαο,1,1,0
15229,πυκινός,1,1,0
15230,γυάλοισιν,1,1,0
15231,ἀρηρότα,2,1,1
15232,Εὐφήτης,1,1,0
15233,ἤρκεσ,1,1,0
15234,χαλκήρεος,1,1,0
15235,κύμβαχον,1,1,0
15236,ἵππειον,2,2,0
15237,ἱεμένη,4,4,0
15238,ἐλιάσθη,1,1,0
15239,ἐεισάσθην,1,1,0
15240,συλήσειν,1,1,0
15241,κασιγνήτοισι,3,2,1
15242,Ἱκεταονίδην,1,1,0
15243,ἐνένιπεν,11,3,8
15244,βόσκ,1,1,0
15245,Μελάνιππε,2,2,0
15246,μεθήσομεν,2,2,0
15247,ἐντρέπεται,2,1,1
15248,ἀνεψιοῦ,1,1,0
15249,Δόλοπος,1,1,0
15250,ἕπουσιν,1,1,0
15251,ἀποσταδόν,1,1,0
15252,ἑλέειν,6,2,4
15253,κτάσθαι,1,1,0
15254,πολίτας,1,1,0
15255,θέσθ,2,2,0
15256,μενέαινον,2,2,0
15257,φράξαντο,1,1,0
15258,ἕρκεϊ,3,3,0
15259,Ἀντίλοχ,8,8,0
15260,θάσσων,1,1,0
15261,ἐξάλμενος,3,3,0
15262,βάλοισθα,1,1,0
15263,Ἱκετάονος,1,1,0
15264,νεβρῷ,1,1,0
15265,βλημένῳ,2,2,0
15266,εὐνῆφι,3,1,2
15267,θορόντα,1,1,0
15268,ἐτύχησε,1,1,0
15269,θόρ,1,1,0
15270,ἔτρεσε,1,1,0
15271,ῥέξαντι,1,1,0
15272,βουκόλον,5,1,4
15273,φεύγει,2,1,1
15274,ἀολλισθήμεναι,1,1,0
15275,τρέσε,2,2,0
15276,ὠμοφάγοισι,1,1,0
15277,ἀπαίνυτο,1,1,0
15278,ἐξαίσιον,3,1,2
15279,ἐπικρήνειε,1,1,0
15280,καιομένης,2,1,1
15281,μέλλε,1,1,0
15282,ὀρέξειν,1,1,0
15283,μαίνετο,2,2,0
15284,μαίνηται,1,1,0
15285,ἀφλοισμός,1,1,0
15286,γίγνετο,3,1,2
15287,λαμπέσθην,2,2,0
15288,βλοσυρῇσιν,1,1,0
15289,τινάσσετο,1,1,0
15290,μαρναμένοιο,1,1,0
15291,τίμα,1,1,0
15292,ἐπόρνυε,1,1,0
15293,ῥῆξαι,2,2,0
15294,ὅρα,5,4,1
15295,ἴσχον,1,1,0
15296,κύματά,2,1,1
15297,τροφόεντα,1,1,0
15298,προσερεύγεται,1,1,0
15299,λαμπόμενος,2,2,0
15300,ἔνθορ,1,1,0
15301,πέσῃσι,1,1,0
15302,λάβρον,2,1,1
15303,ἄχνῃ,2,1,1
15304,ὑπεκρύφθη,1,1,0
15305,ἀήτη,1,1,0
15306,ἱστίῳ,1,1,0
15307,ἐμβρέμεται,1,1,0
15308,τρομέουσι,3,2,1
15309,ναῦται,7,1,6
15310,φέρονται,1,1,0
15311,ὀλοόφρων,1,1,0
15312,νέμονται,3,2,1
15313,νομεύς,2,1,1
15314,μαχέσσασθαι,2,1,1
15315,ἕλικος,1,1,0
15316,πρώτῃσι,5,3,2
15317,ὑστατίῃσι,1,1,0
15318,ὁμοστιχάει,1,1,0
15319,ἔδει,1,1,0
15320,ὑπέτρεσαν,2,2,0
15321,θεσπεσίως,1,1,0
15322,Μυκηναῖον,1,1,0
15323,Κοπρῆος,1,1,0
15324,οἴχνεσκε,1,1,0
15325,χείρονος,2,1,1
15326,παντοίας,3,2,1
15327,ἀρετάς,1,1,0
15328,Μυκηναίων,1,1,0
15329,στρεφθείς,4,2,2
15330,ἄντυγι,1,1,0
15331,πάλτο,1,1,0
15332,ποδηνεκέ,1,1,0
15333,κονάβησε,3,2,1
15334,στήθεϊ,1,1,0
15335,κτεῖν,2,2,0
15336,δείδισαν,1,1,0
15337,εἰσωποί,1,1,0
15338,ἔσχεθον,3,2,1
15339,ἐπέχυντο,2,2,0
15340,πρωτέων,1,1,0
15341,ἔμειναν,1,1,0
15342,ἁθρόοι,4,1,3
15343,κέδασθεν,1,1,0
15344,ἴσχε,1,1,0
15345,ὁμόκλεον,4,1,3
15346,λίσσεθ,1,1,0
15347,τοκέων,2,2,0
15348,ἀλόχων,3,2,1
15349,κτήσιος,2,1,1
15350,ζώουσι,4,2,2
15351,κατατεθνήκασι,1,1,0
15352,γουνάζομαι,2,1,1
15353,παρεόντων,8,1,7
15354,τρωπᾶσθε,1,1,0
15355,ἀχλύος,1,1,0
15356,φράσσαντο,1,1,0
15357,ἀφέστασαν,3,3,0
15358,ἴκρι,1,1,0
15359,νώμα,1,1,0
15360,ξυστόν,1,1,0
15361,ναύμαχον,1,1,0
15362,κολλητόν,2,2,0
15363,βλήτροισι,1,1,0
15364,δυωκαιεικοσίπηχυ,1,1,0
15365,κελητίζειν,1,1,0
15366,πίσυρας,4,3,1
15367,συναείρεται,1,1,0
15368,σεύας,1,1,0
15369,λαοφόρον,1,1,0
15370,θηήσαντο,2,2,0
15371,ἀσφαλές,2,1,1
15372,θρῴσκων,2,2,0
15373,ἀμείβεται,1,1,0
15374,ἴκρια,5,2,3
15375,σμερδνόν,2,2,0
15376,βοόων,2,2,0
15377,μίμνεν,2,2,0
15378,αἴθων,1,1,0
15379,κυανοπρῴροιο,12,3,9
15380,δριμεῖα,1,1,0
15381,ἀκμῆτας,1,1,0
15382,ἀτειρέας,1,1,0
15383,ἄντεσθ,1,1,0
15384,ἔφασαν,4,1,3
15385,ὀλέεσθαι,2,2,0
15386,καλῆς,4,2,2
15387,ὠκυάλου,1,1,0
15388,Πρωτεσίλαον,1,1,0
15389,ἔνεικεν,4,2,2
15390,ἀπήγαγε,2,1,1
15391,ἀϊκάς,1,1,0
15392,ὀξέσι,1,1,0
15393,ἀξίνῃσι,1,1,0
15394,ξίφεσιν,2,1,1
15395,μεγάλοισι,2,2,0
15396,φάσγανα,2,1,1
15397,μελάνδετα,1,1,0
15398,κωπήεντα,1,1,0
15399,πρύμνηθεν,1,1,0
15400,οὐχί,2,2,0
15401,μεθίει,3,3,0
15402,ἄφλαστον,1,1,0
15403,μολοῦσαι,1,1,0
15404,πήματα,10,1,9
15405,ἰσχανάασκον,1,1,0
15406,ἐρητύοντό,1,1,0
15407,βλάπτε,1,1,0
15408,βιάζετο,2,2,0
15409,ὀϊόμενος,2,1,1
15410,ἑπταπόδην,1,1,0
15411,δεδοκημένος,1,1,0
15412,τινάς,1,1,0
15413,φαμεν,1,1,0
15414,ἀοσσητῆρας,1,1,0
15415,πύργοις,1,1,0
15416,ἀραρυῖα,4,2,2
15417,ἀπαμυναίμεσθ,1,1,0
15418,ἥμεθα,11,1,10
15419,μειλιχίῃ,2,1,1
15420,μαιμώων,1,1,0
15421,ἔφεπ,3,3,0
15422,κηλείῳ,1,1,0
15423,οὔτασκε,1,1,0
15424,ᾤκτιρε,1,1,0
15425,δεδάκρυσαι,1,1,0
15426,ἀνελέσθαι,3,2,1
15427,εἱανοῦ,1,1,0
15428,ἁπτομένη,1,1,0
15429,ἐσσυμένην,1,1,0
15430,κατερύκει,3,1,2
15431,δακρυόεσσα,4,4,0
15432,ποτιδέρκεται,2,1,1
15433,ἀνέληται,1,1,0
15434,δάκρυον,12,3,9
15435,εἴβεις,1,1,0
15436,Μυρμιδόνεσσι,9,9,0
15437,πιφαύσκεαι,1,1,0
15438,ἐξέκλυες,1,1,0
15439,ζώειν,9,4,5
15440,ζώει,14,4,10
15441,Αἰακίδης,2,2,0
15442,ἀκαχοίμεθα,1,1,0
15443,τεθνηώτων,1,1,0
15444,ὀλοφύρεαι,3,2,1
15445,ὀλέκονται,1,1,0
15446,ὑπερβασίης,2,1,1
15447,σφῆς,1,1,0
15448,προσέφης,18,3,15
15449,ἱππεῦ,4,4,0
15450,φέρτατ,3,2,1
15451,πολυφάρμακοι,1,1,0
15452,ἀμφιπένονται,1,1,0
15453,ἀκειόμενοι,1,1,0
15454,ἀμήχανος,3,2,1
15455,λάβοι,2,1,1
15456,φυλάσσεις,2,1,1
15457,αἰναρέτη,1,1,0
15458,ὀψίγονός,1,1,0
15459,γλαυκή,1,1,0
15460,πέτραι,3,1,2
15461,ἠλίβατοι,2,1,1
15462,ἀλεείνεις,1,1,0
15463,ἴσκοντες,1,1,0
15464,Ἀρήϊοι,1,1,0
15465,ὤσαιμεν,1,1,0
15466,λιτέσθαι,1,1,0
15467,θεοπροπίης,3,1,2
15468,ἐμπάζομαι,2,1,1
15469,ἀμέρσαι,1,1,0
15470,κράτεϊ,1,1,0
15471,προβεβήκῃ,1,1,0
15472,κτεάτισσα,1,1,0
15473,εὐτείχεα,1,1,0
15474,προτετύχθαι,3,3,0
15475,ἔφην,6,2,4
15476,μηνιθμόν,3,3,0
15477,δῦθι,1,1,0
15478,φιλοπτολέμοισι,6,6,0
15479,κυάνεον,3,3,0
15480,ἀμφιβέβηκε,2,1,1
15481,ἐπικρατέως,3,3,0
15482,κεκλίαται,2,1,1
15483,ὀλίγην,2,1,1
15484,βέβηκε,2,2,0
15485,λεύσσουσι,1,1,0
15486,λαμπομένης,1,1,0
15487,ἐναύλους,2,2,0
15488,πλήσειαν,1,1,0
15489,ἀμφιμάχονται,2,2,0
15490,ἐχθρῆς,1,1,0
15491,κελεύοντος,1,1,0
15492,περιάγνυται,1,1,0
15493,κατέχουσι,1,1,0
15494,νικῶντες,1,1,0
15495,ἔμπεσ,1,1,0
15496,ἐνιπρήσωσι,1,1,0
15497,νόστον,39,1,38
15498,ἕλωνται,2,2,0
15499,μύθου,2,1,1
15500,θείω,7,3,4
15501,ἄρηαι,1,1,0
15502,ἀπονάσσωσιν,1,1,0
15503,πόρωσιν,1,1,0
15504,ἐλάσας,3,2,1
15505,λιλαίεσθαι,1,1,0
15506,φιλοπτολέμοισιν,3,3,0
15507,ἀτιμότερον,1,1,0
15508,θήσεις,1,1,0
15509,ἐπαγαλλόμενος,1,1,0
15510,ἐναιρόμενος,1,1,0
15511,ἡγεμονεύειν,1,1,0
15512,ἐμβήῃ,1,1,0
15513,τρωπᾶσθαι,1,1,0
15514,δηριάασθαι,2,2,0
15515,ἐκδῦμεν,1,1,0
15516,κρήδεμνα,7,1,6
15517,λύωμεν,1,1,0
15518,δάμνα,1,1,0
15519,βαλλομένη,1,1,0
15520,καναχήν,2,2,0
15521,φάλαρ,1,1,0
15522,εὐποίηθ,1,1,0
15523,ἔκαμνεν,1,1,0
15524,πελεμίξαι,1,1,0
15525,ἐρείδοντες,1,1,0
15526,ἀμπνεῦσαι,1,1,0
15527,ἐστήρικτο,1,1,0
15528,καυλόν,2,2,0
15529,ἀπάραξε,1,1,0
15530,πῆλ,1,1,0
15531,κόλον,1,1,0
15532,κεῖρε,1,1,0
15533,ἔμβαλον,3,3,0
15534,ἀσβέστη,1,1,0
15535,κέχυτο,2,1,1
15536,ἄμφεπεν,1,1,0
15537,πληξάμενος,1,1,0
15538,ἱπποκέλευθε,3,3,0
15539,λεύσσω,2,2,0
15540,ἰωήν,1,1,0
15541,ἕλωσι,1,1,0
15542,φυκτά,3,1,2
15543,πέλωνται,1,1,0
15544,δύσεο,3,2,1
15545,ἀγείρω,1,1,0
15546,πάλλειν,2,2,0
15547,πῆλαι,2,2,0
15548,Πηλιάδα,4,4,0
15549,μελίην,8,8,0
15550,Αὐτομέδοντα,4,4,0
15551,ζευγνῦμεν,1,1,0
15552,τῖε,1,1,0
15553,πιστότατος,1,1,0
15554,Ξάνθον,3,3,0
15555,Βαλίον,1,1,0
15556,πνοιῇσι,1,1,0
15557,Ζεφύρῳ,3,2,1
15558,Ἅρπυια,1,1,0
15559,Ποδάργη,1,1,0
15560,βοσκομένη,3,1,2
15561,παρηορίῃσιν,1,1,0
15562,ἕπεθ,1,1,0
15563,ἵπποις,5,5,0
15564,Μυρμιδόνας,4,3,1
15565,θώρηξεν,1,1,0
15566,δῃώσαντες,1,1,0
15567,δάπτουσιν,1,1,0
15568,φοινόν,1,1,0
15569,ἀγεληδόν,1,1,0
15570,ἴασιν,1,1,0
15571,κρήνης,3,2,1
15572,μελανύδρου,2,2,0
15573,λάψοντες,1,1,0
15574,γλώσσῃσιν,1,1,0
15575,ἀραιῇσιν,1,1,0
15576,ἐρευγόμενοι,1,1,0
15577,ἄτρομός,1,1,0
15578,περιστένεται,1,1,0
15579,γαστήρ,3,1,2
15580,κληῗσιν,3,1,2
15581,ἐπεποίθει,1,1,0
15582,κρατέων,1,1,0
15583,ἰῆς,2,2,0
15584,στιχός,2,2,0
15585,Μενέσθιος,1,1,0
15586,Σπερχειοῖο,1,1,0
15587,διιπετέος,7,4,3
15588,Πολυδώρη,1,1,0
15589,Σπερχειῷ,2,2,0
15590,ἀκάμαντι,1,1,0
15591,Βώρῳ,1,1,0
15592,Περιήρεος,1,1,0
15593,ἀναφανδόν,1,1,0
15594,ὄπυιε,2,1,1
15595,πορών,3,2,1
15596,ἀπερείσια,2,1,1
15597,ἕδνα,7,3,4
15598,ἑτέρης,1,1,0
15599,Εὔδωρος,1,1,0
15600,παρθένιος,1,1,0
15601,χορῷ,2,2,0
15602,Πολυμήλη,1,1,0
15603,Φύλαντος,1,1,0
15604,κρατύς,4,2,2
15605,ἀργεϊφόντης,20,10,10
15606,ἠράσατ,1,1,0
15607,μελπομένῃσιν,1,1,0
15608,Ἀρτέμιδος,1,1,0
15609,χρυσηλακάτου,1,1,0
15610,κελαδεινῆς,1,1,0
15611,ὑπερῷ,10,1,9
15612,ἀκάκητα,2,1,1
15613,Εὔδωρον,1,1,0
15614,μαχητήν,2,1,1
15615,μογοστόκος,2,2,0
15616,Εἰλείθυια,2,2,0
15617,ἐξάγαγε,1,1,0
15618,Ἐχεκλῆος,1,1,0
15619,Ἀκτορίδαο,1,1,0
15620,Φύλας,1,1,0
15621,ἔτρεφεν,3,1,2
15622,ἀτίταλλεν,2,2,0
15623,ἀμφαγαπαζόμενος,1,1,0
15624,τρίτης,1,1,0
15625,Μαιμαλίδης,1,1,0
15626,τετάρτης,1,1,0
15627,πέμπτης,1,1,0
15628,Ἀλκιμέδων,3,3,0
15629,Λαέρκεος,2,2,0
15630,λελαθέσθω,1,1,0
15631,ἀπειλεῖτε,1,1,0
15632,πάνθ,5,2,3
15633,ᾐτιάασθε,1,1,0
15634,σχέτλιε,7,1,6
15635,Πηλέος,7,6,1
15636,ἀγειρόμενοι,5,1,4
15637,θάμ,5,1,4
15638,ἐβάζετε,1,1,0
15639,ἕης,1,1,0
15640,ἐράασθε,1,1,0
15641,μαχέσθω,2,2,0
15642,ἄρθεν,1,1,0
15643,τοῖχον,5,2,3
15644,ἀράρῃ,1,1,0
15645,λίθοισι,3,1,2
15646,κόρυθές,1,1,0
15647,Πάτροκλός,3,3,0
15648,χηλοῦ,1,1,0
15649,πῶμ,2,1,1
15650,ἀνέῳγε,1,1,0
15651,δαιδαλέης,1,1,0
15652,πλήσασα,2,1,1
15653,χλαινάων,1,1,0
15654,ἀνεμοσκεπέων,1,1,0
15655,οὔλων,1,1,0
15656,ταπήτων,1,1,0
15657,πίνεσκεν,1,1,0
15658,τεῳ,3,1,2
15659,σπένδεσκε,1,1,0
15660,χηλοῖο,1,1,0
15661,ἐκάθηρε,1,1,0
15662,θεείῳ,1,1,0
15663,ἔνιψ,1,1,0
15664,καλῇσι,1,1,0
15665,ῥοῇσι,3,3,0
15666,νίψατο,1,1,0
15667,ἀφύσσατο,1,1,0
15668,εἰσανιδών,2,2,0
15669,λάθε,2,2,0
15670,τερπικέραυνον,2,1,1
15671,Δωδωναῖε,1,1,0
15672,Πελασγικέ,1,1,0
15673,Δωδώνης,1,1,0
15674,δυσχειμέρου,1,1,0
15675,Σελλοί,1,1,0
15676,ναίουσ,1,1,0
15677,ὑποφῆται,1,1,0
15678,ἀνιπτόποδες,1,1,0
15679,χαμαιεῦναι,1,1,0
15680,πέμπω,1,1,0
15681,θάρσυνον,2,1,1
15682,ἐπίστηται,1,1,0
15683,ἡμέτερος,1,1,0
15684,μαίνονθ,1,1,0
15685,ἴω,6,3,3
15686,τεύχεσί,1,1,0
15687,ἀγχεμάχοις,1,1,0
15688,ἀνένευσε,2,2,0
15689,ἐξαπονέεσθαι,2,2,0
15690,σπείσας,3,1,2
15691,εὐξάμενος,5,3,2
15692,ἀπέθηκ,1,1,0
15693,χηλῷ,2,1,1
15694,εἰσιδέειν,5,2,3
15695,ἔστιχον,1,1,0
15696,σφήκεσσιν,1,1,0
15697,ἐξεχέοντο,1,1,0
15698,εἰνοδίοις,1,1,0
15699,ἐριδμαίνωσιν,1,1,0
15700,ἔθοντες,1,1,0
15701,κερτομέοντες,2,1,1
15702,νηπίαχοι,1,1,0
15703,ξυνόν,1,1,0
15704,τιθεῖσι,2,1,1
15705,ἄνθρωπος,1,1,0
15706,ὁδίτης,4,1,3
15707,ἐχέοντο,2,2,0
15708,Πηλεΐδην,3,3,0
15709,τιμήσομεν,1,1,0
15710,ἀγχέμαχοι,2,2,0
15711,εἴδοντο,2,2,0
15712,μαρμαίροντας,1,1,0
15713,ἐκίνηθεν,1,1,0
15714,ἀπορρῖψαι,1,1,0
15715,Πυραίχμην,1,1,0
15716,ἱπποκορυστάς,2,2,0
15717,ἀμφεφόβηθεν,1,1,0
15718,ἅπασιν,1,1,0
15719,ἔλασεν,8,2,6
15720,ἔσβεσεν,1,1,0
15721,ἡμιδαής,1,1,0
15722,νηῦς,26,3,23
15723,στεροπηγερέτα,1,1,0
15724,ἀπωσάμενοι,1,1,0
15725,προτροπάδην,1,1,0
15726,ἀνθίσταντο,1,1,0
15727,ὑπόεικον,1,1,0
15728,στρεφθέντος,1,1,0
15729,Ἀρηϊλύκου,1,1,0
15730,Θόαντα,1,1,0
15731,Ἄμφικλον,1,1,0
15732,ἐφορμηθέντα,1,1,0
15733,ἔφθη,2,2,0
15734,ὀρεξάμενος,3,3,0
15735,σκέλος,1,1,0
15736,πάχιστος,1,1,0
15737,μυών,1,1,0
15738,ἀνθρώπου,2,2,0
15739,αἰχμῇ,2,2,0
15740,διεσχίσθη,1,1,0
15741,Νεστορίδαι,1,1,0
15742,Ἀτύμνιον,1,1,0
15743,λαπάρης,1,1,0
15744,Μάρις,1,1,0
15745,αὐτοσχεδά,1,1,0
15746,δρύψ,1,1,0
15747,μυώνων,1,1,0
15748,δοιοῖσι,1,1,0
15749,Ἔρεβος,4,1,3
15750,Σαρπηδόνος,7,7,0
15751,ἀκοντισταί,1,1,0
15752,Ἀμισωδάρου,1,1,0
15753,θρέψεν,2,1,1
15754,Κλεόβουλον,1,1,0
15755,πλήξας,3,1,2
15756,κωπήεντι,2,2,0
15757,ὑπεθερμάνθη,2,2,0
15758,Λύκων,2,2,0
15759,συνέδραμον,2,2,0
15760,ἤμβροτον,2,1,1
15761,ἠκόντισαν,1,1,0
15762,ξιφέεσσι,1,1,0
15763,ἱπποκόμου,1,1,0
15764,ἐρραίσθη,1,1,0
15765,θεῖνε,1,1,0
15766,παρηέρθη,1,1,0
15767,ὑπέλυντο,1,1,0
15768,Ἀκάμαντα,1,1,0
15769,κιχείς,1,1,0
15770,καρπαλίμοισι,3,3,0
15771,Ἐρύμαντα,2,2,0
15772,ἐξεπέρησε,2,1,1
15773,ἐγκεφάλοιο,1,1,0
15774,κέασσε,1,1,0
15775,ἐτίναχθεν,1,1,0
15776,ἐνέπλησθεν,1,1,0
15777,ὀφθαλμοί,5,3,2
15778,ῥῖνας,3,1,2
15779,πρῆσε,1,1,0
15780,χανών,3,2,1
15781,θανάτου,4,2,2
15782,ἄρνεσσιν,1,1,0
15783,ἐπέχραον,3,2,1
15784,ἐρίφοισι,2,1,1
15785,σίνται,1,1,0
15786,αἱρεύμενοι,1,1,0
15787,ποιμένος,1,1,0
15788,διαρπάζουσιν,1,1,0
15789,δυσκελάδου,1,1,0
15790,ταυρείῃ,1,1,0
15791,κεκαλυμμένος,4,3,1
15792,σκέπτετ,1,1,0
15793,ὀϊστῶν,3,1,2
15794,ῥοῖζον,1,1,0
15795,ἀνέμιμνε,1,1,0
15796,σάω,5,2,3
15797,δίης,1,1,0
15798,τείνῃ,1,1,0
15799,πέραον,1,1,0
15800,ἔκφερον,4,4,0
15801,ὀρυκτή,1,1,0
15802,ἔρυκε,7,3,4
15803,ἐρυσάρματες,1,1,0
15804,ἅρματ,4,2,2
15805,φόβῳ,1,1,0
15806,ὁδούς,1,1,0
15807,τμάγεν,1,1,0
15808,ἀέλλη,1,1,0
15809,σκίδναθ,1,1,0
15810,ὀρινόμενον,1,1,0
15811,ἄξοσι,1,1,0
15812,ἔπιπτον,5,2,3
15813,ἀνακυμβαλίαζον,1,1,0
15814,ἄμβροτοι,2,2,0
15815,Πηλῆϊ,7,7,0
15816,βέβριθε,1,1,0
15817,λαβρότατον,1,1,0
15818,χαλεπήνῃ,7,3,4
15819,σκολιάς,1,1,0
15820,κρίνωσι,1,1,0
15821,δίκην,3,2,1
15822,ἐλάσωσι,1,1,0
15823,ὄπιν,2,1,1
15824,ἀλέγοντες,1,1,0
15825,πλήθουσι,2,1,1
15826,κλιτῦς,1,1,0
15827,ἀποτμήγουσι,1,1,0
15828,χαράδραι,1,1,0
15829,στενάχουσι,1,1,0
15830,ῥέουσαι,1,1,0
15831,ἐπικάρ,1,1,0
15832,στενάχοντο,10,8,2
15833,ἐπέκερσε,1,1,0
15834,παλιμπετές,2,1,1
15835,πόληος,13,5,8
15836,ἱεμένους,3,2,1
15837,μεταΐσσων,1,1,0
15838,ἀπετίνυτο,1,1,0
15839,Πρόνοον,1,1,0
15840,Θέστορα,1,1,0
15841,Ἤνοπος,2,2,0
15842,εὐξέστῳ,1,1,0
15843,ἀλείς,4,3,1
15844,ἠΐχθησαν,1,1,0
15845,γναθμόν,1,1,0
15846,πεῖρεν,1,1,0
15847,ἰχθύν,1,1,0
15848,λίνῳ,5,3,2
15849,ἤνοπι,3,2,1
15850,κεχηνότα,1,1,0
15851,ἔωσε,1,1,0
15852,Ἐρύλαον,1,1,0
15853,ἄνδιχα,5,5,0
15854,κεάσθη,3,3,0
15855,κόρυθι,4,4,0
15856,βριαρῇ,3,3,0
15857,Ἀμφοτερόν,1,1,0
15858,Ἐπάλτην,1,1,0
15859,Τληπόλεμόν,1,1,0
15860,Δαμαστορίδην,2,1,1
15861,Πύριν,1,1,0
15862,Ἰφέα,1,1,0
15863,Εὔιππόν,1,1,0
15864,Ἀργεάδην,1,1,0
15865,Πολύμηλον,1,1,0
15866,ἀμιτροχίτωνας,1,1,0
15867,χέρσ,5,4,1
15868,Μενοιτιάδαο,10,9,1
15869,δαμέντας,3,3,0
15870,ἀντιθέοισι,2,1,1
15871,καθαπτόμενος,8,1,7
15872,πόσε,2,1,1
15873,φεύγετε,3,1,2
15874,ἀντήσω,1,1,0
15875,ἔκθορε,1,1,0
15876,αἰγυπιοί,3,1,2
15877,γαμψώνυχες,3,1,2
15878,ἀγκυλοχεῖλαι,2,1,1
15879,κλάζοντε,1,1,0
15880,κασιγνήτην,2,2,0
15881,φίλτατον,1,1,0
15882,μοῖρ,14,3,11
15883,διχθά,2,1,1
15884,ὁρμαίνοντι,1,1,0
15885,ἀναρπάξας,1,1,0
15886,δαμάσσω,1,1,0
15887,θνητόν,4,3,1
15888,ἐξαναλῦσαι,2,2,0
15889,ἔρδ,2,2,0
15890,ζών,1,1,0
15891,πέμψῃς,1,1,0
15892,πέμπειν,4,2,2
15893,ἐνήσεις,1,1,0
15894,λίπῃ,2,1,1
15895,νήδυμον,1,1,0
15896,ταρχύσουσι,2,2,0
15897,κασίγνητοί,5,3,2
15898,θανόντων,6,4,2
15899,αἱματοέσσας,1,1,0
15900,ψιάδας,1,1,0
15901,τιμῶν,1,1,0
15902,φθίσειν,1,1,0
15903,ἀγακλειτόν,1,1,0
15904,Θρασύμηλον,1,1,0
15905,νείαιραν,1,1,0
15906,ἀπήμβροτε,2,2,0
15907,ἀΐσθων,1,1,0
15908,μακών,4,1,3
15909,κρίκε,1,1,0
15910,σύγχυτ,1,1,0
15911,εὕρετο,2,1,1
15912,σπασσάμενος,3,1,2
15913,παχέος,3,1,2
15914,παρήορον,1,1,0
15915,ἐμάτησε,1,1,0
15916,ἰθυνθήτην,1,1,0
15917,ῥυτῆρσι,1,1,0
15918,τάνυσθεν,2,1,1
15919,Πατρόκλου,7,7,0
15920,ἔρχαται,2,1,1
15921,ἁδινόν,4,2,2
15922,γαμφηλῇσι,1,1,0
15923,κτεινόμενος,2,1,1
15924,μενέαινε,3,2,1
15925,πολεμιστά,1,1,0
15926,ἐελδέσθω,1,1,0
15927,ἀμφιμάχεσθαι,2,2,0
15928,μάρναο,1,1,0
15929,κατηφείη,2,2,0
15930,ὄνειδος,2,2,0
15931,ἔχεο,2,2,0
15932,ῥῖνάς,6,3,3
15933,φοβέεσθαι,1,1,0
15934,φθογγῆς,2,1,1
15935,ἀΐοντι,2,2,0
15936,ὠρίνθη,1,1,0
15937,προσαμῦναι,1,1,0
15938,ἐπίεζε,1,1,0
15939,τεῖρε,4,3,1
15940,εἶπεν,6,3,3
15941,κλῦθι,5,2,3
15942,εἴς,2,2,0
15943,δύνασαι,4,1,3
15944,ἀκούειν,4,2,2
15945,ἀνέρι,9,6,3
15946,κηδομένῳ,1,1,0
15947,ὀξείῃς,1,1,0
15948,ἐλήλαται,2,1,1
15949,τερσῆναι,1,1,0
15950,βαρύθει,1,1,0
15951,ὦμος,1,1,0
15952,σχεῖν,3,3,0
15953,ἄκεσσαι,1,1,0
15954,κοίμησον,1,1,0
15955,ἐποτρύνω,2,1,1
15956,νέκυι,3,3,0
15957,κατατεθνηῶτι,3,3,0
15958,παῦσ,1,1,0
15959,τέρσηνε,1,1,0
15960,γήθησέν,3,1,2
15961,ἤκουσε,5,2,3
15962,Πουλυδάμαντ,1,1,0
15963,λελασμένος,5,3,2
15964,ἐπαμύνειν,1,1,0
15965,εἴρυτο,4,2,2
15966,δίκῃσί,1,1,0
15967,δάμασ,2,1,1
15968,πάρστητε,1,1,0
15969,νεμεσσήθητε,2,1,1
15970,ἀεικίσσωσι,2,2,0
15971,κεχολωμένοι,1,1,0
15972,ἔφατο,12,12,0
15973,κρῆθεν,2,1,1
15974,ἄσχετον,1,1,0
15975,ἕρμα,2,1,1
15976,ἀλλοδαπός,1,1,0
15977,Μενοιτιάδεω,2,2,0
15978,Πατροκλῆος,7,5,2
15979,οἷοί,3,1,2
15980,ἦτε,1,1,0
15981,ἀρείους,3,1,2
15982,ἀεικισσαίμεθ,1,1,0
15983,ἀφελοίμεθα,1,1,0
15984,ἀμυνομένων,1,1,0
15985,δαμασαίμεθα,1,1,0
15986,σύμβαλον,2,2,0
15987,ἀΰσαντες,1,1,0
15988,τάνυσε,1,1,0
15989,ὀλοός,1,1,0
15990,κάκιστος,3,1,2
15991,Ἀγακλῆος,1,1,0
15992,Ἐπειγεύς,1,1,0
15993,Βουδείῳ,1,1,0
15994,ναιομένῳ,1,1,0
15995,ἐξεναρίξας,2,1,1
15996,Πηλῆ,1,1,0
15997,ἱκέτευσε,1,1,0
15998,ἀργυρόπεζαν,1,1,0
15999,ἁπτόμενον,1,1,0
16000,νεκρῷ,2,2,0
16001,φθιμένου,1,1,0
16002,ἴθυσεν,3,3,0
16003,κολοιούς,1,1,0
16004,ψῆράς,1,1,0
16005,ἔσσυο,2,1,1
16006,κεχόλωσο,1,1,0
16007,Σθενέλαον,1,1,0
16008,Ἰθαιμένεος,1,1,0
16009,τένοντας,3,2,1
16010,αἰγανέης,1,1,0
16011,ῥιπή,1,1,0
16012,ταναοῖο,1,1,0
16013,ἀφέῃ,1,1,0
16014,ἀέθλῳ,2,1,1
16015,θυμοραϊστέων,2,2,0
16016,ὤσαντο,1,1,0
16017,ἔκτεινεν,3,2,1
16018,Βαθυκλῆα,1,1,0
16019,Χάλκωνος,1,1,0
16020,Ἑλλάδι,1,1,0
16021,ὄλβῳ,3,2,1
16022,πλούτῳ,4,3,1
16023,ἔλλαβ,1,1,0
16024,κεχάροντο,3,1,2
16025,ἐξελάθοντο,1,1,0
16026,Λαόγονον,2,2,0
16027,Ὀνήτορος,1,1,0
16028,Ἰδαίου,1,1,0
16029,προβιβῶντος,1,1,0
16030,κατέκυψε,2,2,0
16031,ἐξόπιθεν,3,3,0
16032,ἐνισκίμφθη,2,2,0
16033,οὐρίαχος,2,2,0
16034,ὀρχηστήν,1,1,0
16035,κατέπαυσε,1,1,0
16036,ἴφθιμόν,1,1,0
16037,ἀμυνόμενος,1,1,0
16038,τέτυξαι,1,1,0
16039,βάλοιμι,2,1,1
16040,δοίης,5,1,4
16041,ἐνένιπε,4,1,3
16042,χωρήσουσι,1,1,0
16043,ὀφέλλειν,2,1,1
16044,δρυτόμων,1,1,0
16045,ἀκουή,1,1,0
16046,εὐρυοδείης,4,1,3
16047,εὐποιητάων,1,1,0
16048,φράδμων,1,1,0
16049,εἴλυτο,2,1,1
16050,ὁμίλεον,4,3,1
16051,μυῖαι,2,2,0
16052,σταθμῷ,7,2,5
16053,βρομέωσι,1,1,0
16054,περιγλαγέας,1,1,0
16055,πέλλας,1,1,0
16056,τρέψεν,1,1,0
16057,φράζετο,3,2,1
16058,φόνῳ,3,2,1
16059,μερμηρίζων,6,1,5
16060,δῃώσῃ,1,1,0
16061,ὀφέλλειεν,2,1,1
16062,ὤσαιτο,1,1,0
16063,ἐνῆκεν,3,3,0
16064,βεβλαμμένον,1,1,0
16065,ἀγύρει,2,2,0
16066,κάθηρον,1,1,0
16067,λοῦσον,1,1,0
16068,χρῖσόν,1,1,0
16069,ἄμβροτα,8,4,4
16070,ἕσσον,1,1,0
16071,πομποῖσιν,2,2,0
16072,θανάτῳ,9,3,6
16073,διδυμάοσιν,2,2,0
16074,θήσουσ,1,1,0
16075,χρῖσέν,1,1,0
16076,κάτθεσαν,8,3,5
16077,Αὐτομέδοντι,2,2,0
16078,μετεκίαθε,2,1,1
16079,ἀάσθη,4,2,2
16080,Πηληϊάδαο,2,1,1
16081,φύλαξεν,1,1,0
16082,φοβεῖ,2,2,0
16083,ἀφείλετο,4,2,2
16084,ἐποτρύνῃσι,1,1,0
16085,ἐξενάριξας,1,1,0
16086,Πατρόκλεις,2,2,0
16087,κάλεσσαν,2,2,0
16088,Ἔχεκλον,2,2,0
16089,Πέριμον,1,1,0
16090,Μεγάδην,1,1,0
16091,Ἐπίστορα,1,1,0
16092,Ἔλασον,1,1,0
16093,μνώοντο,2,1,1
16094,ἐϋδμήτου,1,1,0
16095,ὀλοά,1,1,0
16096,ἀπεστυφέλιξεν,1,1,0
16097,νύσσων,1,1,0
16098,πέρθαι,1,1,0
16099,δίζε,1,1,0
16100,ἐλάσσας,2,2,0
16101,ὁμοκλήσειεν,1,1,0
16102,ἀλῆναι,1,1,0
16103,αἰζηῷ,1,1,0
16104,Ἀσίῳ,1,1,0
16105,μήτρως,1,1,0
16106,Δύμαντος,2,1,1
16107,Φρυγίῃ,1,1,0
16108,ῥοῇς,1,1,0
16109,ἀποπαύεαι,1,1,0
16110,ἥσσων,2,2,0
16111,στυγερῶς,3,1,2
16112,ἀπερωήσειας,1,1,0
16113,ἕλῃς,1,1,0
16114,Κεβριόνῃ,3,3,0
16115,πεπληγέμεν,2,2,0
16116,ἐνάριζεν,1,1,0
16117,ἑτέρηφι,3,3,0
16118,πέτρον,1,1,0
16119,μάρμαρον,1,1,0
16120,ὀκριόεντα,1,1,0
16121,ἁλίωσε,1,1,0
16122,ἀγακλῆος,2,2,0
16123,λᾶϊ,1,1,0
16124,ἀμφοτέρας,5,3,2
16125,ὀφρῦς,1,1,0
16126,σύνελεν,1,1,0
16127,ἐπικερτομέων,3,2,1
16128,ἐλαφρός,1,1,0
16129,κυβιστᾷ,2,2,0
16130,ἰχθυόεντι,3,2,1
16131,κορέσειεν,1,1,0
16132,τήθεα,1,1,0
16133,διφῶν,1,1,0
16134,ἀποθρῴσκων,1,1,0
16135,δυσπέμφελος,1,1,0
16136,κυβιστητῆρες,1,1,0
16137,οἶμα,1,1,0
16138,κεραΐζων,2,2,0
16139,ἔβλητο,1,1,0
16140,ἑή,1,1,0
16141,ὤλεσεν,1,1,0
16142,ἆλσο,1,1,0
16143,δηρινθήτην,1,1,0
16144,κταμένης,1,1,0
16145,πεινάοντε,1,1,0
16146,βαθέην,1,1,0
16147,πελεμιζέμεν,1,1,0
16148,τανύφλοιόν,1,1,0
16149,κράνειαν,1,1,0
16150,ἀλλήλας,2,1,1
16151,τανυήκεας,1,1,0
16152,ἀγνυμενάων,2,1,1
16153,πεπήγει,1,1,0
16154,χερμάδια,1,1,0
16155,ἐστυφέλιξαν,1,1,0
16156,στροφάλιγγι,3,2,1
16157,μεγαλωστί,3,2,1
16158,ἱπποσυνάων,2,1,1
16159,μετενίσετο,1,1,0
16160,βουλυτόν,1,1,0
16161,φέρτεροι,3,2,1
16162,ἐνοπῆς,2,2,0
16163,ἐνόρουσε,1,1,0
16164,εὐρέε,2,2,0
16165,καταπρηνεῖ,2,1,1
16166,στρεφεδίνηθεν,1,1,0
16167,κυλινδομένη,1,1,0
16168,μιάνθησαν,2,2,0
16169,ἔθειραι,3,3,0
16170,ἱππόκομον,1,1,0
16171,μιαίνεσθαι,1,1,0
16172,χαρίεν,5,3,2
16173,ῥύετ,1,1,0
16174,σχεδόθεν,8,3,5
16175,κεκορυθμένον,1,1,0
16176,τερμιόεσσα,1,1,0
16177,λύθεν,6,2,4
16178,Εὔφορβος,2,2,0
16179,ἡλικίην,2,2,0
16180,πόδεσσί,2,2,0
16181,βῆσεν,1,1,0
16182,διδασκόμενος,1,1,0
16183,δάμασσ,1,1,0
16184,ὑπέμεινε,3,2,1
16185,γυμνόν,7,6,1
16186,πληγῇ,1,1,0
16187,δαμασθείς,2,2,0
16188,ἀναχαζόμενον,1,1,0
16189,ἀγχίμολόν,1,1,0
16190,ἤκαχε,2,1,1
16191,ἀκάμαντα,3,3,0
16192,πίδακος,1,1,0
16193,ὀλίγης,1,1,0
16194,πιέμεν,4,1,3
16195,πεφνόντα,1,1,0
16196,ἐπευχόμενος,4,3,1
16197,Πάτροκλ,1,1,0
16198,κεραϊξέμεν,1,1,0
16199,ἁμήν,1,1,0
16200,νήπιε,4,4,0
16201,ὀρωρέχαται,1,1,0
16202,μεταπρέπω,1,1,0
16203,ἀμύνω,1,1,0
16204,ἀναγκαῖον,1,1,0
16205,χραίσμησεν,1,1,0
16206,ἐπετέλλετ,2,1,1
16207,ἰόντι,12,2,10
16208,δάμασσαν,2,1,1
16209,ῥηιδίως,3,1,2
16210,ἀντεβόλησαν,1,1,0
16211,ὀλοή,9,3,6
16212,ἐξεναρίζεις,1,1,0
16213,βέῃ,2,2,0
16214,παρέστηκεν,2,2,0
16215,δαμέντ,1,1,0
16216,ῥεθέων,3,3,0
16217,λιποῦσ,3,3,0
16218,ἀνδροτῆτα,2,2,0
16219,ἥβην,5,3,2
16220,μαντεύεαι,2,2,0
16221,φθήῃ,1,1,0
16222,ὀλέσσαι,4,3,1
16223,εἴρυσε,2,1,1
16224,ὕπτιον,1,1,0
16225,ἔλαθ,4,4,0
16226,πόρτακι,1,1,0
16227,πρωτοτόκος,1,1,0
16228,κινυρή,1,1,0
16229,εἰδυῖα,1,1,0
16230,τόκοιο,1,1,0
16231,ἐϋμμελίης,1,1,0
16232,βάλω,2,2,0
16233,ὑπέρβιον,8,1,7
16234,παρδάλιος,1,1,0
16235,κάπρου,3,3,0
16236,βλεμεαίνει,2,2,0
16237,ἐϋμμελίαι,1,1,0
16238,φρονέουσιν,2,1,1
16239,Ὑπερήνορος,1,1,0
16240,ἀπόνηθ,1,1,0
16241,ὤνατο,1,1,0
16242,εὐφρῆναι,1,1,0
16243,κεδνούς,1,1,0
16244,στήῃς,1,1,0
16245,ἀναχωρήσαντα,2,2,0
16246,παθέειν,4,3,1
16247,ῥεχθέν,2,2,0
16248,τείσεις,1,1,0
16249,ἔπεφνες,4,3,1
16250,χήρωσας,1,1,0
16251,νέοιο,1,1,0
16252,ἀρητόν,2,2,0
16253,ἔθηκας,4,3,1
16254,δειλοῖσι,7,4,3
16255,γόου,4,3,1
16256,κατάπαυμα,1,1,0
16257,γενοίμην,3,1,2
16258,τεήν,3,2,1
16259,ἐνείκας,1,1,0
16260,Πάνθῳ,1,1,0
16261,Φρόντιδι,1,1,0
16262,ἀδήριτος,1,1,0
16263,ἀναχαζομένοιο,1,1,0
16264,στομάχοιο,1,1,0
16265,ἁπαλοῖο,3,2,1
16266,αἵματί,2,1,1
16267,κόμαι,1,1,0
16268,Χαρίτεσσιν,1,1,0
16269,πλοχμοί,1,1,0
16270,ἐσφήκωντο,1,1,0
16271,ἔρνος,2,1,1
16272,ἐριθηλές,1,1,0
16273,ἐλαίης,7,1,6
16274,ἀναβέβροχεν,1,1,0
16275,τηλεθάον,1,1,0
16276,πνοιαί,1,1,0
16277,δονέουσι,1,1,0
16278,βρύει,1,1,0
16279,ἄνθεϊ,1,1,0
16280,λευκῷ,9,3,6
16281,βόθρου,2,1,1
16282,ἐξέστρεψε,1,1,0
16283,ἐξετάνυσσ,1,1,0
16284,ἐϋμμελίην,1,1,0
16285,Εὔφορβον,2,2,0
16286,βοσκομένης,1,1,0
16287,ἀγέλης,1,1,0
16288,ἁρπάσῃ,2,2,0
16289,δῃῶν,1,1,0
16290,ἄνδρές,1,1,0
16291,νομῆες,7,4,3
16292,ἰύζουσιν,1,1,0
16293,τινι,2,1,1
16294,ἀγάσσατο,2,1,1
16295,ἐπῶρσε,5,3,2
16296,Μέντῃ,2,1,1
16297,θέεις,1,1,0
16298,ἀκίχητα,1,1,0
16299,περιβάς,1,1,0
16300,μελαίνας,3,3,0
16301,ἔρρει,1,1,0
16302,ἀσβέστῳ,1,1,0
16303,βοήσας,6,2,4
16304,λίπω,1,1,0
16305,Πάτροκλόν,4,3,1
16306,περιστήωσ,1,1,0
16307,ἐθέλῃ,6,3,3
16308,τιμᾷ,1,1,0
16309,κυλίσθη,1,1,0
16310,χωρήσαντ,1,1,0
16311,ἀγαθοῖο,3,2,1
16312,πυθοίμην,4,2,2
16313,ἐπιμνησαίμεθα,2,1,1
16314,δαίμονά,1,1,0
16315,Πηλεΐδῃ,9,9,0
16316,δίωνται,1,1,0
16317,παχνοῦται,1,1,0
16318,σπεύσομεν,1,1,0
16319,προφέρωμεν,1,1,0
16320,Τρῳῇσιν,4,4,0
16321,ἀνεχάζεθ,1,1,0
16322,τέκεσσιν,5,2,3
16323,νήπι,1,1,0
16324,ἄγοντι,2,2,0
16325,συναντήσωνται,1,1,0
16326,ἐπακτῆρες,2,1,1
16327,ἐπισκύνιον,1,1,0
16328,κάτω,2,1,1
16329,ἕλκεται,1,1,0
16330,καλύπτων,1,1,0
16331,ἀέξων,2,1,1
16332,ἐδεύεο,1,1,0
16333,φύξηλιν,1,1,0
16334,σαώσῃς,2,2,0
16335,λαοῖς,2,2,0
16336,χείρονα,2,1,1
16337,σαώσειας,1,1,0
16338,σχέτλι,2,1,1
16339,Σαρπηδόν,1,1,0
16340,ξεῖνον,36,1,35
16341,κάλλιπες,2,2,0
16342,ὄφελος,2,2,0
16343,πτόλεΐ,1,1,0
16344,ἀλαλκέμεναι,1,1,0
16345,ἔτλης,8,4,4
16346,πολυθαρσές,3,2,1
16347,ἐσέρχεται,2,1,1
16348,δυσμενέεσσι,8,4,4
16349,δῆριν,2,1,1
16350,τεθνηώς,1,1,0
16351,λύσειαν,1,1,0
16352,ἀγοίμεθα,1,1,0
16353,τοίου,5,3,2
16354,ἐτάλασσας,1,1,0
16355,στήμεναι,3,2,1
16356,ὑπομεῖναι,1,1,0
16357,ἔρριγα,1,1,0
16358,ἵστασο,3,2,1
16359,πανημέριος,2,2,0
16360,σχήσω,2,2,0
16361,ἐνάριξα,1,1,0
16362,ἐκίχανεν,2,1,1
16363,μετασπών,2,1,1
16364,πολυδακρύου,1,1,0
16365,ἄμειβεν,1,1,0
16366,ἔπορον,2,1,1
16367,γηράς,1,1,0
16368,ἀπάνευθεν,9,4,5
16369,κορυσσόμενον,1,1,0
16370,μυθήσατο,7,2,5
16371,καταθύμιός,1,1,0
16372,δύνεις,1,1,0
16373,ἐνηέα,3,2,1
16374,εἵλευ,1,1,0
16375,ἐκνοστήσαντι,2,2,0
16376,δέξεται,2,2,0
16377,ἐνυάλιος,1,1,0
16378,πλῆσθεν,5,3,2
16379,μέλε,4,1,3
16380,ἰνδάλλετο,1,1,0
16381,Μέσθλην,1,1,0
16382,Γλαῦκόν,1,1,0
16383,Μέδοντά,1,1,0
16384,Θερσίλοχόν,2,2,0
16385,Ἀστεροπαῖόν,1,1,0
16386,Δεισήνορά,1,1,0
16387,Ἱππόθοόν,2,2,0
16388,Φόρκυν,2,2,0
16389,οἰωνιστήν,1,1,0
16390,περικτιόνων,1,1,0
16391,χατίζων,5,1,4
16392,ῥύοισθε,1,1,0
16393,φιλοπτολέμων,1,1,0
16394,δώροισι,2,1,1
16395,κατατρύχω,2,1,1
16396,ἐδωδῇ,3,1,2
16397,ὑμέτερον,2,1,1
16398,ἀέξω,1,1,0
16399,τετραμμένος,3,3,0
16400,ἀπολέσθω,1,1,0
16401,σαωθήτω,1,1,0
16402,τεθνηῶτά,1,1,0
16403,ἐρύσῃ,1,1,0
16404,εἴξῃ,1,1,0
16405,ἀποδάσσομαι,2,2,0
16406,ἕξω,2,1,1
16407,βρίσαντες,1,1,0
16408,ἐρύειν,3,3,0
16409,πολέσσιν,1,1,0
16410,νοστησέμεν,1,1,0
16411,πάθῃσι,4,3,1
16412,δήμια,1,1,0
16413,πίνουσιν,1,1,0
16414,σημαίνουσιν,1,1,0
16415,τόσση,2,1,1
16416,δέδηεν,1,1,0
16417,νεμεσιζέσθω,1,1,0
16418,Τρῳῇσι,3,3,0
16419,κυσίν,6,4,2
16420,ἄκουσεν,8,2,6
16421,οὐνόματ,1,1,0
16422,ἤγειραν,1,1,0
16423,προχοῇσι,1,1,0
16424,βέβρυχεν,2,1,1
16425,ἠϊόνες,1,1,0
16426,βοόωσιν,1,1,0
16427,ἐρευγομένης,1,1,0
16428,τόσσῃ,1,1,0
16429,φραχθέντες,1,1,0
16430,σάκεσιν,2,1,1
16431,χαλκήρεσιν,5,3,2
16432,λαμπρῇσιν,1,1,0
16433,χεῦ,4,1,3
16434,Μενοιτιάδην,1,1,0
16435,ἔχθαιρε,1,1,0
16436,μίσησεν,1,1,0
16437,προλιπόντες,1,1,0
16438,ἱέμενοί,1,1,0
16439,ἐρύοντο,1,1,0
16440,μέλλον,1,1,0
16441,ἀπέσσεσθαι,2,1,1
16442,ἐκέδασσεν,3,1,2
16443,βήσσας,3,2,1
16444,βέβασαν,1,1,0
16445,πότι,2,2,0
16446,σφέτερον,2,2,0
16447,δησάμενος,2,1,1
16448,ἤρικε,1,1,0
16449,ἱπποδάσεια,1,1,0
16450,ἀκωκῇ,3,3,0
16451,πληγεῖσ,1,1,0
16452,αὐλόν,1,1,0
16453,ἀνέδραμεν,3,3,0
16454,αἱματόεις,2,2,0
16455,Λαρίσης,1,1,0
16456,κλειτῷ,1,1,0
16457,Πανοπῆϊ,1,1,0
16458,ἄκρη,1,1,0
16459,ἀνέσχε,3,3,0
16460,Φόρκυνα,1,1,0
16461,Ἱπποθόῳ,1,1,0
16462,περιβάντα,1,1,0
16463,λύοντο,1,1,0
16464,σφετέρῳ,2,2,0
16465,Περίφαντι,1,1,0
16466,Ἠπυτίδῃ,1,1,0
16467,κηρύσσων,1,1,0
16468,γήρασκε,1,1,0
16469,εἰρύσσαισθε,1,1,0
16470,πεποιθότας,1,1,0
16471,πλήθεΐ,1,1,0
16472,ὑπερδέα,1,1,0
16473,τρεῖτ,1,1,0
16474,ἑκατηβόλον,1,1,0
16475,Ἕκτόρ,1,1,0
16476,εἰσαναβῆναι,1,1,0
16477,ἐπιτάρροθον,1,1,0
16478,πελασαίατο,1,1,0
16479,Λειώκριτον,2,1,1
16480,Ἀρίσβαντος,1,1,0
16481,Λυκομήδεος,1,1,0
16482,Παιονίης,2,2,0
16483,Ἀστεροπαῖος,2,2,0
16484,σάκεσσι,2,1,1
16485,ἔρχατο,3,1,2
16486,ἔχοντο,1,1,0
16487,χάζεσθαι,1,1,0
16488,βεβάμεν,2,2,0
16489,δεύετο,1,1,0
16490,πορφυρέῳ,1,1,0
16491,ἀγχιστῖνοι,4,1,3
16492,νεκροί,3,2,1
16493,ἀναιμωτί,4,2,2
16494,φθίνυθον,1,1,0
16495,μέμνηντο,1,1,0
16496,κατέχοντο,1,1,0
16497,εὔκηλοι,2,1,1
16498,πέπτατο,1,1,0
16499,ὀξεῖα,1,1,0
16500,μεταπαυόμενοι,1,1,0
16501,ἀλεείνοντες,1,1,0
16502,ἀφεσταότες,1,1,0
16503,τείροντο,1,1,0
16504,πεπύσθην,1,1,0
16505,κυδαλίμω,1,1,0
16506,Ἀντίλοχός,1,1,0
16507,ἐπιοσσομένω,1,1,0
16508,πανημερίοις,1,1,0
16509,ἀργαλέης,2,1,1
16510,ἱδρῷ,2,2,0
16511,γούνατά,1,1,0
16512,ὑπένερθεν,2,2,0
16513,χεῖρές,2,1,1
16514,μαρναμένοιιν,1,1,0
16515,ταύροιο,1,1,0
16516,βοείην,5,3,2
16517,τανύειν,1,1,0
16518,μεθύουσαν,1,1,0
16519,τανύουσι,2,1,1
16520,ἰκμάς,1,1,0
16521,δύνει,1,1,0
16522,ἀλοιφή,3,1,2
16523,ἑλκόντων,2,2,0
16524,τάνυται,1,1,0
16525,ὀλίγῃ,2,1,1
16526,χώρῃ,4,2,2
16527,εἵλκεον,1,1,0
16528,μῶλος,2,1,1
16529,ὀνόσαιτ,1,1,0
16530,τεθνηότα,3,3,0
16531,ἐνιχριμφθέντα,1,1,0
16532,ἐκπέρσειν,1,1,0
16533,ἐπεύθετο,3,1,2
16534,ἀπαγγέλλεσκε,2,1,1
16535,ὤλεθ,5,4,1
16536,ἐγχρίμπτοντο,1,1,0
16537,ἧμιν,8,2,6
16538,ἐϋκλεές,1,1,0
16539,ἐρύσαι,3,1,2
16540,αὐδήσασκεν,1,1,0
16541,ἐρωείτω,1,1,0
16542,εἴπεσκε,13,2,11
16543,ὄρσασκεν,1,1,0
16544,σιδήρειος,1,1,0
16545,κλαῖον,8,1,7
16546,πυθέσθην,1,1,0
16547,Διώρεος,2,2,0
16548,θείνων,1,1,0
16549,ἀρειῇ,3,3,0
16550,πλατύν,1,1,0
16551,στήλη,1,1,0
16552,ἑστήκῃ,2,1,1
16553,τεθνηότος,2,1,1
16554,ἐνισκίμψαντε,1,1,0
16555,καρήατα,1,1,0
16556,βλεφάρων,6,2,4
16557,μυρομένοισιν,3,1,2
16558,πόθῳ,1,1,0
16559,θαλερή,6,3,3
16560,ἐμιαίνετο,1,1,0
16561,χαίτη,2,2,0
16562,ζεύγλης,2,2,0
16563,ἐξεριποῦσα,2,2,0
16564,μυρομένω,2,2,0
16565,θνητῷ,2,2,0
16566,δυστήνοισι,1,1,0
16567,ἔχητον,2,1,1
16568,ὀϊζυρώτερον,1,1,0
16569,πνείει,2,1,1
16570,ἕρπει,2,1,1
16571,βαλῶ,1,1,0
16572,ὀρέξω,1,1,0
16573,ἀφίκωνται,1,1,0
16574,ἐνέπνευσεν,2,1,1
16575,ἠΰ,5,5,0
16576,χαιτάων,2,2,0
16577,βαλόντε,3,1,2
16578,μάχετ,1,1,0
16579,χῆνας,3,1,2
16580,φεύγεσκεν,1,1,0
16581,ἐπαΐξασκε,2,2,0
16582,σεύαιτο,3,3,0
16583,ἐόνθ,1,1,0
16584,ἱερῷ,2,2,0
16585,ἐφορμᾶσθαι,1,1,0
16586,ἐπίσχειν,1,1,0
16587,Αἱμονίδαο,1,1,0
16588,Αὐτόμεδον,1,1,0
16589,νηκερδέα,1,1,0
16590,ἐσθλάς,3,1,2
16591,μάχεαι,1,1,0
16592,ἀγάλλεται,2,2,0
16593,Ἀλκίμεδον,2,2,0
16594,δμῆσίν,1,1,0
16595,κιχάνει,6,5,1
16596,τώδ,1,1,0
16597,ἐνόησα,10,1,9
16598,ἡνιόχοισι,1,1,0
16599,αἱρησέμεν,2,2,0
16600,ἐφορμηθέντε,1,1,0
16601,τλαῖεν,1,1,0
16602,στάντες,1,1,0
16603,βοέῃς,1,1,0
16604,εἰλυμένω,1,1,0
16605,αὔῃσι,1,1,0
16606,στερεῇσι,1,1,0
16607,Χρομίος,2,2,0
16608,Ἄρητος,2,1,1
16609,Αὐτομέδοντος,2,2,0
16610,Ἀλκιμέδοντα,1,1,0
16611,ἰσχέμεν,1,1,0
16612,ἐμπνείοντε,1,1,0
16613,καλλίτριχε,1,1,0
16614,βήμεναι,4,1,3
16615,κατακτείναντα,2,2,0
16616,φοβῆσαί,1,1,0
16617,ἁλοίη,1,1,0
16618,ἐπιτράπεθ,1,1,0
16619,ζωοῖσιν,3,2,1
16620,ἥσω,1,1,0
16621,Ἀρήτοιο,1,1,0
16622,πέλεκυν,4,1,3
16623,αἰζήϊος,1,1,0
16624,κεράων,3,1,2
16625,ἶνα,1,1,0
16626,τάμῃ,1,1,0
16627,ἐρίπῃσιν,1,1,0
16628,νηδυίοισι,1,1,0
16629,κραδαινόμενον,1,1,0
16630,σφω,1,1,0
16631,διέκριναν,1,1,0
16632,κικλήσκοντος,1,1,0
16633,ὑποταρβήσαντες,1,1,0
16634,Ἄρητον,1,1,0
16635,δεδαϊγμένον,5,4,1
16636,ἄχεος,4,3,1
16637,μεθέηκα,1,1,0
16638,χερείονά,1,1,0
16639,καταπέφνων,1,1,0
16640,ἐδηδώς,1,1,0
16641,πολύδακρυς,1,1,0
16642,καταβᾶσα,2,1,1
16643,προῆκε,1,1,0
16644,ὀρνύμεναι,1,1,0
16645,ἶριν,1,1,0
16646,τανύσσῃ,2,2,0
16647,χειμῶνος,1,1,0
16648,δυσθαλπέος,1,1,0
16649,ἀνέπαυσεν,1,1,0
16650,κήδει,1,1,0
16651,πορφυρέῃ,1,1,0
16652,πυκάσασα,1,1,0
16653,δύσετ,2,1,1
16654,ἐποτρύνουσα,3,2,1
16655,ἑλκήσουσιν,1,1,0
16656,παλαιγενές,2,1,1
16657,θανών,7,2,5
16658,ἐσεμάσσατο,2,2,0
16659,δηϊόων,3,3,0
16660,γούνεσσιν,1,1,0
16661,μυίης,1,1,0
16662,ἐργομένη,1,1,0
16663,ἀνδρομέοιο,4,3,1
16664,ἰσχανάᾳ,1,1,0
16665,δακέειν,2,2,0
16666,λαρόν,4,2,2
16667,θάρσευς,1,1,0
16668,πλῆσε,1,1,0
16669,Ποδῆς,1,1,0
16670,εἰλαπιναστής,1,1,0
16671,Φαίνοπι,1,1,0
16672,Ἀσιάδῃ,1,1,0
16673,ξείνων,12,1,11
16674,Ἀβυδόθι,1,1,0
16675,ταρβήσειεν,1,1,0
16676,ὑπέτρεσας,1,1,0
16677,μαλθακός,1,1,0
16678,Ποδῆν,1,1,0
16679,νεφέλη,5,3,2
16680,νεφέεσσι,6,1,5
16681,ἀστράψας,1,1,0
16682,τίναξε,1,1,0
16683,Βοιώτιος,1,1,0
16684,ἐπιλίγδην,1,1,0
16685,γράψεν,1,1,0
16686,Ἀλεκτρυόνος,1,1,0
16687,ὁρμηθέντα,1,1,0
16688,βόησαν,2,2,0
16689,ἐφεσταότος,1,1,0
16690,ὀπάονά,1,1,0
16691,Λύκτου,1,1,0
16692,ἐϋκτιμένης,2,1,1
16693,ἐγγυάλιξεν,2,2,0
16694,Κοίρανος,1,1,0
16695,χεῦεν,9,1,8
16696,ἔλαβεν,3,1,2
16697,φίλῃσι,2,2,0
16698,κύψας,2,2,0
16699,μάστιε,1,1,0
16700,εἷός,3,3,0
16701,γνοίη,4,1,3
16702,ἅπτεται,1,1,0
16703,ἀφήῃ,1,1,0
16704,ἰθύνει,2,2,0
16705,ἐτώσια,4,1,3
16706,φραζώμεθα,4,2,2
16707,νοστήσαντες,1,1,0
16708,ὁρόωντες,5,2,3
16709,ἀκηχέδατ,1,1,0
16710,ἀπαγγείλειε,2,1,1
16711,πεπύσθαι,1,1,0
16712,λυγρῆς,6,4,2
16713,κατέχονται,1,1,0
16714,ῥῦσαι,2,2,0
16715,ποίησον,1,1,0
16716,αἴθρην,1,1,0
16717,φάει,2,1,1
16718,ὄλεσσον,1,1,0
16719,σκέδασεν,2,2,0
16720,ἀπῶσεν,2,2,0
16721,ἐπέλαμψε,1,1,0
16722,φαάνθη,1,1,0
16723,σκέπτεο,1,1,0
16724,κάμῃσι,2,1,1
16725,ἐρεθίζων,1,1,0
16726,ἀπονόσφιν,4,1,3
16727,ἀργαλέου,1,1,0
16728,Αἰάντεσσ,1,1,0
16729,ἐνηείης,1,1,0
16730,δειλοῖο,4,4,0
16731,μνησάσθω,1,1,0
16732,μείλιχος,2,2,0
16733,δέρκεσθαι,1,1,0
16734,ὑπουρανίων,1,1,0
16735,ἔλαθε,1,1,0
16736,πτώξ,1,1,0
16737,θάμνῳ,3,2,1
16738,ἀμφικόμῳ,1,1,0
16739,κατακείμενος,2,2,0
16740,δινείσθην,1,1,0
16741,ζώοντα,1,1,0
16742,ὤφελλε,4,3,1
16743,γιγνώσκειν,2,1,1
16744,κυλίνδει,2,1,1
16745,πέφαται,3,2,1
16746,σαώσῃ,1,1,0
16747,κατέστυγε,1,1,0
16748,ἀμφασίη,2,1,1
16749,δακρυόφι,4,2,2
16750,ἐφημοσύνης,2,1,1
16751,ἔστρεφε,1,1,0
16752,ἀγγελέοντα,1,1,0
16753,τειρομένοις,2,2,0
16754,ἀπῆλθεν,1,1,0
16755,Πυλίοισιν,2,1,1
16756,ἐπιπροέηκα,3,3,0
16757,γυμνός,3,1,2
16758,φύγωμεν,1,1,0
16759,ἀγακλεές,2,2,0
16760,φέρετ,1,1,0
16761,μαχησόμεθα,1,1,0
16762,ὁμώνυμοι,1,1,0
16763,μίμνομεν,2,1,1
16764,ἀγκάζοντο,1,1,0
16765,μεγάλως,2,1,1
16766,Τρωϊκός,1,1,0
16767,αἴροντας,1,1,0
16768,κάπρῳ,1,1,0
16769,ἀΐξωσι,1,1,0
16770,κούρων,4,2,2
16771,θηρητήρων,1,1,0
16772,ἕως,3,1,2
16773,θέουσι,1,1,0
16774,ἑλίξεται,1,1,0
16775,ἀνεχώρησαν,2,1,1
16776,μεταστρεφθέντε,1,1,0
16777,σταίησαν,1,1,0
16778,τράπετο,1,1,0
16779,ἐμμεμαῶτε,2,2,0
16780,πτόλεμος,1,1,0
16781,τέτατό,1,1,0
16782,ὄρμενον,2,2,0
16783,ἐξαίφνης,2,2,0
16784,φλεγέθει,1,1,0
16785,μινύθουσι,2,1,1
16786,οἶκοι,1,1,0
16787,σέλαϊ,1,1,0
16788,ἐπιβρέμει,1,1,0
16789,ἐπήϊεν,1,1,0
16790,ἐρχομένοισιν,1,1,0
16791,ἡμίονοι,5,3,2
16792,ἀμφιβαλόντες,1,1,0
16793,ἕλκωσ,1,1,0
16794,παιπαλόεσσαν,6,1,5
16795,ἀταρπόν,2,1,1
16796,δοκόν,1,1,0
16797,τείρεθ,1,1,0
16798,σπευδόντεσσιν,1,1,0
16799,ἰσχανέτην,1,1,0
16800,πρών,1,1,0
16801,ὑλήεις,1,1,0
16802,τετυχηκώς,1,1,0
16803,ἀλεγεινά,5,2,3
16804,πλάζων,1,1,0
16805,ῥηγνῦσι,1,1,0
16806,ἀνέεργον,1,1,0
16807,Ἀγχισιάδης,3,3,0
16808,ψαρῶν,1,1,0
16809,κολοιῶν,1,1,0
16810,προΐδωσιν,1,1,0
16811,κίρκον,1,1,0
16812,σμικρῇσι,1,1,0
16813,ὀρνίθεσσιν,1,1,0
16814,λήθοντο,1,1,0
16815,τετελεσμένα,1,1,0
16816,τελέσωσι,2,1,1
16817,διεπέφραδε,4,2,2
16818,ζώοντος,6,3,3
16819,λείψειν,1,1,0
16820,τέθνηκε,7,1,6
16821,ἀπωσάμενον,1,1,0
16822,τόφρά,3,3,0
16823,ἀλεγεινήν,2,2,0
16824,πεύσεαι,1,1,0
16825,γυμνοῦ,1,1,0
16826,ἀμφοτέρῃσι,7,1,6
16827,κόνιν,3,2,1
16828,αἰθαλόεσσαν,2,1,1
16829,χεύατο,2,1,1
16830,ᾔσχυνε,3,2,1
16831,πρόσωπον,1,1,0
16832,νεκταρέῳ,1,1,0
16833,χιτῶνι,1,1,0
16834,μέλαιν,1,1,0
16835,ἀμφίζανε,1,1,0
16836,τέφρη,2,2,0
16837,κόμην,8,6,2
16838,ληΐσσατο,1,1,0
16839,ἀκηχέμεναι,1,1,0
16840,ἔδραμον,1,1,0
16841,πεπλήγοντο,2,2,0
16842,ἑκάστης,3,1,2
16843,ὀδύρετο,5,3,2
16844,δείδιε,3,2,1
16845,ἀπαμήσειε,1,1,0
16846,κώκυσέν,2,2,0
16847,ἀμφαγέροντο,1,1,0
16848,βένθος,2,2,0
16849,Νηρηΐδες,3,3,0
16850,Γλαύκη,1,1,0
16851,Θάλειά,1,1,0
16852,Κυμοδόκη,1,1,0
16853,Νησαίη,1,1,0
16854,Σπειώ,1,1,0
16855,Θόη,1,1,0
16856,Ἁλίη,1,1,0
16857,Κυμοθόη,1,1,0
16858,Ἀκταίη,1,1,0
16859,Λιμνώρεια,1,1,0
16860,Μελίτη,1,1,0
16861,Ἴαιρα,1,1,0
16862,Ἀμφιθόη,1,1,0
16863,Ἀγαυή,1,1,0
16864,Δωτώ,1,1,0
16865,Πρωτώ,1,1,0
16866,Φέρουσά,1,1,0
16867,Δυναμένη,1,1,0
16868,Δεξαμένη,1,1,0
16869,Ἀμφινόμη,1,1,0
16870,Καλλιάνειρα,1,1,0
16871,Δωρίς,1,1,0
16872,Πανόπη,1,1,0
16873,ἀγακλειτή,1,1,0
16874,Γαλάτεια,1,1,0
16875,Νημερτής,1,1,0
16876,Ἀψευδής,1,1,0
16877,Καλλιάνασσα,1,1,0
16878,Ἰάνειρά,1,1,0
16879,Ἰάνασσα,1,1,0
16880,Μαῖρα,1,1,0
16881,Ὠρείθυια,1,1,0
16882,ἐϋπλόκαμός,1,1,0
16883,Ἀμάθεια,1,1,0
16884,ἀργύφεον,3,1,2
16885,γόοιο,27,15,12
16886,εἴδετ,2,1,1
16887,δειλή,2,2,0
16888,δυσαριστοτόκεια,1,1,0
16889,ἔρνεϊ,3,2,1
16890,θρέψασα,3,2,1
16891,φυτόν,6,2,4
16892,μαχησόμενον,2,2,0
16893,ὑποδέξομαι,4,2,2
16894,Πηλήϊον,2,2,0
16895,ἴδωμι,1,1,0
16896,ἐπακούσω,1,1,0
16897,μένοντα,2,1,1
16898,δακρυόεσσαι,1,1,0
16899,ῥήγνυτο,1,1,0
16900,εἰσανέβαινον,4,1,3
16901,στενάχοντι,1,1,0
16902,κωκύσασα,1,1,0
16903,ὀλοφυρομένη,8,1,7
16904,τετέλεσται,3,1,2
16905,ἐπιδευομένους,1,1,0
16906,ἀεκήλια,1,1,0
16907,ἐξετέλεσσεν,1,1,0
16908,ἀπώλεσα,5,1,4
16909,βροτοῦ,1,1,0
16910,ἀθανάτῃς,3,1,2
16911,ἁλίῃσι,2,2,0
16912,ναίειν,3,1,2
16913,θνητήν,2,1,1
16914,ἀγαγέσθαι,1,1,0
16915,μυρίον,4,3,1
16916,ἀποφθιμένοιο,3,3,0
16917,ὑποδέξεαι,1,1,0
16918,νοστήσαντ,1,1,0
16919,μετέμμεναι,1,1,0
16920,ἕλωρα,1,1,0
16921,πότμος,1,1,0
16922,ἑτοῖμος,1,1,0
16923,τεθναίην,1,1,0
16924,κτεινομένῳ,1,1,0
16925,ἐπαμῦναι,1,1,0
16926,ἔφθιτ,1,1,0
16927,δῆσεν,2,2,0
16928,νέομαί,2,2,0
16929,γενόμην,5,3,2
16930,ἧμαι,4,2,2
16931,ἀμείνονές,1,1,0
16932,ἐφέηκε,2,1,1
16933,πολύφρονά,2,1,1
16934,χαλεπῆναι,1,1,0
16935,καταλειβομένοιο,1,1,0
16936,ἀέξεται,3,1,2
16937,καπνός,7,5,2
16938,ἐχόλωσεν,1,1,0
16939,δαμάσαντες,3,2,1
16940,ὀλετῆρα,1,1,0
16941,δέξομαι,2,2,0
16942,φύγε,3,1,2
16943,ὁμοίη,2,1,1
16944,κείσομ,1,1,0
16945,ἀροίμην,1,1,0
16946,Τρωϊάδων,3,3,0
16947,Δαρδανίδων,1,1,0
16948,βαθυκόλπων,2,2,0
16949,παρειάων,5,1,4
16950,ἁπαλάων,1,1,0
16951,ὀμορξαμένην,1,1,0
16952,στοναχῆσαι,1,1,0
16953,ἐφείην,1,1,0
16954,γνοῖεν,1,1,0
16955,πέπαυμαι,1,1,0
16956,ἐπαγλαϊεῖσθαι,1,1,0
16957,φόνος,7,2,5
16958,καταδύσεο,1,1,0
16959,ἐλθοῦσαν,2,2,0
16960,νεῦμαι,1,1,0
16961,ἀνιόντι,3,1,2
16962,τράπεθ,2,1,1
16963,στρεφθεῖσ,1,1,0
16964,κασιγνήτῃσι,1,1,0
16965,δῦτε,1,1,0
16966,ὀψόμεναί,1,1,0
16967,γέρονθ,1,1,0
16968,ἀγορεύσατ,1,1,0
16969,κλυτοτέχνην,3,2,1
16970,υἱεῖ,3,2,1
16971,ἔδυσαν,2,1,1
16972,ἐνείκαι,2,1,1
16973,θεράποντ,2,2,0
16974,κίχον,1,1,0
16975,ὁμόκλα,2,2,0
16976,ἀπεστυφέλιξαν,1,1,0
16977,στάσκε,1,1,0
16978,σώματος,1,1,0
16979,λέοντ,1,1,0
16980,ποιμένες,1,1,0
16981,ἄγραυλοι,2,1,1
16982,πεινάοντα,1,1,0
16983,δειδίξασθαι,1,1,0
16984,κρύβδα,1,1,0
16985,ἧκέ,1,1,0
16986,ἕστηκε,3,2,1
16987,ὀλέκουσιν,2,1,1
16988,ἐρύσσασθαι,2,2,0
16989,ἐπιθύουσι,1,1,0
16990,μέμονεν,2,2,0
16991,πῆξαι,2,1,1
16992,σκολόπεσσι,1,1,0
16993,ταμόνθ,1,1,0
16994,κεῖσο,3,2,1
16995,σέβας,6,1,5
16996,ἱκέσθω,2,1,1
16997,ᾐσχυμμένος,1,1,0
16998,κυδρή,1,1,0
16999,ἀμφινέμονται,2,1,1
17000,ἐκεῖνοι,4,1,3
17001,οἰσέμεν,2,1,1
17002,τεῦ,4,1,3
17003,φάνηθι,1,1,0
17004,ἰφθίμοισι,2,1,1
17005,ἔστεφε,1,1,0
17006,δαῖε,3,2,1
17007,φλόγα,4,4,0
17008,νήσου,9,1,8
17009,ἀμφιμάχωνται,1,1,0
17010,κρίνονται,2,1,1
17011,σφετέρου,1,1,0
17012,πυρσοί,1,1,0
17013,φλεγέθουσιν,1,1,0
17014,ἐπήτριμοι,2,2,0
17015,ἀΐσσουσα,1,1,0
17016,περικτιόνεσσιν,3,3,0
17017,ἄρεω,1,1,0
17018,ἀλκτῆρες,1,1,0
17019,μίσγετο,1,1,0
17020,ὠπίζετ,1,1,0
17021,ἐφετμήν,1,1,0
17022,ἤϋσ,1,1,0
17023,φθέγξατ,1,1,0
17024,ἀριζήλη,2,2,0
17025,σάλπιγξ,1,1,0
17026,περιπλομένων,2,1,1
17027,τρόπεον,1,1,0
17028,ὄσσοντο,2,1,1
17029,ἡνίοχοι,1,1,0
17030,ἔκπληγεν,1,1,0
17031,κυκήθησαν,2,2,0
17032,σφοῖς,1,1,0
17033,ἐρύσαντες,4,1,3
17034,λεχέεσσι,12,8,4
17035,μυρόμενοι,3,3,0
17036,εἴσιδε,4,1,3
17037,φέρτρῳ,1,1,0
17038,Ἠέλιον,1,1,0
17039,πέμψεν,2,2,0
17040,χωρήσαντες,1,1,0
17041,ἔλυσαν,9,1,8
17042,δόρποιο,5,2,3
17043,μέδεσθαι,1,1,0
17044,ὀρθῶν,2,1,1
17045,ἑσταότων,2,1,1
17046,ἕζεσθαι,2,2,0
17047,ἐξεφάνη,4,3,1
17048,ἐπέπαυτ,3,3,0
17049,φράζεσθε,3,3,0
17050,ἄστυδε,3,1,2
17051,τείχεός,1,1,0
17052,ῥηΐτεροι,2,2,0
17053,χαίρεσκον,2,1,1
17054,ἰαύων,1,1,0
17055,ἐλπόμενος,1,1,0
17056,ὑπέρβιος,2,1,1
17057,δατέονται,1,1,0
17058,πτόλιός,1,1,0
17059,πίθεσθέ,2,1,1
17060,ἀπέπαυσε,2,2,0
17061,ἀμβροσίη,4,1,3
17062,κιχήσεται,1,1,0
17063,γνώσεται,1,1,0
17064,ἀφίξεται,1,1,0
17065,φύγῃ,4,3,1
17066,πιθώμεθα,1,1,0
17067,κηδόμενοί,3,2,1
17068,ἕξομεν,1,1,0
17069,ὑψηλαί,1,1,0
17070,μακραί,2,1,1
17071,ἐΰξεστοι,3,1,2
17072,ἐζευγμέναι,1,1,0
17073,εἰρύσσονται,1,1,0
17074,στησόμεθ,1,1,0
17075,ἄλγιον,6,2,4
17076,εἶσ,5,3,2
17077,παντοίου,1,1,0
17078,δρόμου,2,2,0
17079,ἄσῃ,1,1,0
17080,ἠλασκάζων,1,1,0
17081,ἐφορμηθῆναι,1,1,0
17082,ἐάσει,3,1,2
17083,ἐκπέρσει,2,2,0
17084,ἀργοί,6,3,3
17085,κεκόρησθε,1,1,0
17086,μέροπες,1,1,0
17087,μυθέσκοντο,1,1,0
17088,πολύχρυσον,1,1,0
17089,ἐξαπόλωλε,2,1,1
17090,δόμων,14,1,13
17091,Μῃονίην,1,1,0
17092,περνάμεν,1,1,0
17093,ὠδύσατο,1,1,0
17094,ἀρέσθ,1,1,0
17095,φαῖν,1,1,0
17096,ἀνιάζει,1,1,0
17097,συλλέξας,1,1,0
17098,λαοῖσι,8,3,5
17099,καταδημοβορῆσαι,1,1,0
17100,βέλτερόν,3,2,1
17101,ἐπαυρέμεν,2,1,1
17102,φεύξομαι,1,1,0
17103,στήσομαι,2,2,0
17104,φέρῃσι,2,1,1
17105,ξυνός,1,1,0
17106,Ἐνυάλιος,1,1,0
17107,κτανέοντα,1,1,0
17108,σφεων,2,1,1
17109,μητιόωντι,1,1,0
17110,ἐσθλήν,2,1,1
17111,ἀνεστενάχοντο,2,2,0
17112,γοῶντες,3,2,1
17113,ἁδινοῦ,4,4,0
17114,ἀνδροφόνους,3,3,0
17115,θέμενος,5,2,3
17116,σκύμνους,1,1,0
17117,ἐλαφηβόλος,1,1,0
17118,ἄγκε,1,1,0
17119,ἴχνι,2,1,1
17120,ἐρευνῶν,1,1,0
17121,ἐξεύροι,1,1,0
17122,δριμύς,1,1,0
17123,μετεφώνεε,2,1,1
17124,ἔκβαλον,3,1,2
17125,θαρσύνων,4,2,2
17126,φῆν,2,1,1
17127,Ὀπόεντα,1,1,0
17128,περικλυτόν,4,1,3
17129,ἀπάξειν,2,1,1
17130,ἐκπέρσαντα,1,1,0
17131,λαχόντα,1,1,0
17132,ληΐδος,3,1,2
17133,τελευτᾷ,2,2,0
17134,πέπρωται,1,1,0
17135,ὁμοίην,1,1,0
17136,ἐρεῦσαι,1,1,0
17137,κτεριῶ,1,1,0
17138,ἐνεῖκαι,2,1,1
17139,σοῖο,4,2,2
17140,ἀποδειροτομήσω,1,1,0
17141,κείσεαι,1,1,0
17142,Δαρδανίδες,1,1,0
17143,βαθύκολποι,1,1,0
17144,κλαύσονται,2,2,0
17145,χέουσαι,2,1,1
17146,καμόμεσθα,1,1,0
17147,βίηφί,4,1,3
17148,πιείρας,1,1,0
17149,πέρθοντε,1,1,0
17150,στῆσαι,4,3,1
17151,τρίποδα,5,3,2
17152,λούσειαν,1,1,0
17153,λοετροχόον,2,1,1
17154,ἔχεαν,3,2,1
17155,δαῖον,2,1,1
17156,γάστρην,2,1,1
17157,ἄμφεπε,2,1,1
17158,θέρμετο,2,1,1
17159,ζέσσεν,2,1,1
17160,λοῦσάν,1,1,0
17161,ἤλειψαν,1,1,0
17162,ὠτειλάς,2,2,0
17163,ἀλείφατος,3,2,1
17164,ἐννεώροιο,2,1,1
17165,θέντες,3,2,1
17166,λιτί,2,2,0
17167,κάλυψαν,2,2,0
17168,φάρεϊ,1,1,0
17169,ἔπρηξας,1,1,0
17170,ἀνστήσασ,1,1,0
17171,ἔμμεν,5,1,4
17172,ὄφελον,7,1,6
17173,ῥάψαι,1,1,0
17174,Ἡφαίστου,1,1,0
17175,μεταπρεπέ,1,1,0
17176,κυλλοποδίων,2,2,0
17177,ἱδρώοντα,1,1,0
17178,ἑλισσόμενον,1,1,0
17179,φύσας,4,4,0
17180,ἔτευχεν,1,1,0
17181,ἐϋσταθέος,9,1,8
17182,πυθμένι,1,1,0
17183,αὐτόματοι,1,1,0
17184,δυσαίατ,1,1,0
17185,νεοίατο,1,1,0
17186,δαιδάλεα,1,1,0
17187,προσέκειτο,1,1,0
17188,ἤρτυε,3,1,2
17189,κόπτε,2,1,1
17190,δεσμούς,2,1,1
17191,προμολοῦσα,2,1,1
17192,Χάρις,1,1,0
17193,λιπαροκρήδεμνος,1,1,0
17194,Θέτι,5,5,0
17195,τανύπεπλε,2,2,0
17196,θαμίζεις,3,2,1
17197,ἕπεο,3,1,2
17198,ξείνια,8,1,7
17199,καλοῦ,4,2,2
17200,δαιδαλέου,4,2,2
17201,θρῆνυς,5,1,4
17202,Ἥφαιστε,2,2,0
17203,πρόμολ,1,1,0
17204,χατίζει,1,1,0
17205,ἐσάωσ,1,1,0
17206,ἐθέλησε,1,1,0
17207,κρύψαι,1,1,0
17208,χωλόν,2,1,1
17209,Εὐρυνόμη,12,3,9
17210,ἀψορρόου,2,1,1
17211,εἰνάετες,5,1,4
17212,χάλκευον,1,1,0
17213,πόρπας,1,1,0
17214,γναμπτάς,1,1,0
17215,κάλυκάς,1,1,0
17216,ὅρμους,1,1,0
17217,σπῆϊ,2,2,0
17218,γλαφυρῷ,6,2,4
17219,ῥόος,4,3,1
17220,μορμύρων,2,2,0
17221,ᾔδεεν,2,1,1
17222,ἐσάωσαν,1,1,0
17223,καλλιπλοκάμῳ,2,2,0
17224,ζῳάγρια,1,1,0
17225,παράθες,1,1,0
17226,ἀποθείομαι,1,1,0
17227,ὅπλά,2,2,0
17228,ἀκμοθέτοιο,1,1,0
17229,πέλωρ,3,1,2
17230,αἴητον,1,1,0
17231,χωλεύων,3,3,0
17232,ῥώοντο,3,3,0
17233,ἀραιαί,2,2,0
17234,λάρνακ,1,1,0
17235,ἀργυρέην,1,1,0
17236,συλλέξατο,1,1,0
17237,σπόγγῳ,1,1,0
17238,πρόσωπα,6,2,4
17239,λαχνήεντα,1,1,0
17240,παχύ,2,2,0
17241,ζωῇσι,1,1,0
17242,νεήνισιν,1,1,0
17243,εἰοικυῖαι,1,1,0
17244,ἐποίπνυον,2,1,1
17245,Ἥφαιστ,3,2,1
17246,τοσσάδ,2,2,0
17247,ἀλλάων,3,1,2
17248,ἁλιάων,1,1,0
17249,Αἰακίδῃ,1,1,0
17250,ἔτλην,5,3,2
17251,ἀρημένος,3,1,2
17252,γενέσθαί,1,1,0
17253,ἔφθιεν,1,1,0
17254,ἐείλεον,1,1,0
17255,εἴων,6,1,5
17256,ἐξιέναι,2,1,1
17257,ὀνόμαζον,1,1,0
17258,ἠναίνετο,1,1,0
17259,ἔπραθον,2,1,1
17260,ῥέξαντα,2,1,1
17261,ἱκάνομαι,3,1,2
17262,ὠκυμόρῳ,1,1,0
17263,θώρηχ,1,1,0
17264,μελόντων,7,2,5
17265,δυναίμην,2,1,1
17266,ἀποκρύψαι,2,1,1
17267,μόρος,2,2,0
17268,οἷά,16,1,15
17269,θαυμάσσεται,1,1,0
17270,κέλευσέ,2,1,1
17271,ἐργάζεσθαι,6,1,5
17272,φῦσαι,1,1,0
17273,χοάνοισιν,1,1,0
17274,ἐφύσων,1,1,0
17275,παντοίην,8,2,6
17276,εὔπρηστον,1,1,0
17277,ἀϋτμήν,1,1,0
17278,ἐξανιεῖσαι,1,1,0
17279,σπεύδοντι,2,2,0
17280,παρέμμεναι,2,1,1
17281,Ἥφαιστός,1,1,0
17282,ἐθέλοι,4,1,3
17283,ἄνοιτο,1,1,0
17284,βάλλεν,2,1,1
17285,κασσίτερόν,1,1,0
17286,τιμῆντα,1,1,0
17287,ἄργυρον,2,1,1
17288,ἀκμοθέτῳ,2,1,1
17289,ἄκμονα,2,1,1
17290,ῥαιστῆρα,1,1,0
17291,πυράγρην,2,1,1
17292,ποίει,5,2,3
17293,δαιδάλλων,2,1,1
17294,ἄντυγα,2,2,0
17295,τρίπλακα,1,1,0
17296,πτύχες,1,1,0
17297,πραπίδεσσιν,2,2,0
17298,ἔτευξ,1,1,0
17299,θάλασσαν,14,1,13
17300,πλήθουσαν,1,1,0
17301,τείρεα,1,1,0
17302,Πληϊάδας,1,1,0
17303,Ὑάδας,1,1,0
17304,Ὠρίωνος,2,2,0
17305,Ἄρκτόν,1,1,0
17306,Ἄμαξαν,1,1,0
17307,Ὠρίωνα,4,1,3
17308,ἄμμορός,2,1,1
17309,λοετρῶν,3,2,1
17310,ποίησε,10,4,6
17311,γάμοι,1,1,0
17312,εἰλαπίναι,1,1,0
17313,νύμφας,1,1,0
17314,θαλάμων,3,1,2
17315,δαΐδων,3,1,2
17316,ἠγίνεον,1,1,0
17317,ὑμέναιος,1,1,0
17318,ὀρχηστῆρες,1,1,0
17319,ἐδίνεον,1,1,0
17320,αὐλοί,1,1,0
17321,φόρμιγγές,1,1,0
17322,ἱστάμεναι,1,1,0
17323,θαύμαζον,6,1,5
17324,προθύροισιν,1,1,0
17325,ὠρώρει,1,1,0
17326,ἐνείκεον,1,1,0
17327,ἀποφθιμένου,2,1,1
17328,μηδέν,1,1,0
17329,ἱέσθην,3,2,1
17330,ἴστορι,1,1,0
17331,ἐπήπυον,1,1,0
17332,ξεστοῖσι,4,1,3
17333,λίθοις,2,1,1
17334,κύκλῳ,2,1,1
17335,ἠεροφώνων,1,1,0
17336,ἤϊσσον,1,1,0
17337,ἀμοιβηδίς,2,1,1
17338,δίκαζον,1,1,0
17339,ἰθύντατα,1,1,0
17340,στρατοί,1,1,0
17341,λαμπόμενοι,1,1,0
17342,δίχα,9,3,6
17343,δάσασθαι,5,3,2
17344,ὅσην,3,2,1
17345,ἐπήρατον,4,2,2
17346,πείθοντο,2,1,1
17347,λόχῳ,1,1,0
17348,ὑπεθωρήσσοντο,1,1,0
17349,ἄλοχοί,1,1,0
17350,φίλαι,3,1,2
17351,ῥύατ,2,1,1
17352,χρυσείω,1,1,0
17353,ἕσθην,1,1,0
17354,καλώ,1,1,0
17355,μεγάλω,1,1,0
17356,θεώ,1,1,0
17357,ἀριζήλω,1,1,0
17358,ὑπολίζονες,1,1,0
17359,λοχῆσαι,1,1,0
17360,ἀρδμός,1,1,0
17361,βοτοῖσιν,1,1,0
17362,ἵζοντ,1,1,0
17363,εἰλυμένοι,2,1,1
17364,σκοποί,3,2,1
17365,δέγμενοι,1,1,0
17366,ἰδοίατο,3,1,2
17367,προγένοντο,1,1,0
17368,σύριγξι,1,1,0
17369,προνόησαν,1,1,0
17370,προϊδόντες,1,1,0
17371,τάμνοντ,1,1,0
17372,ἀργεννέων,1,1,0
17373,κτεῖνον,2,1,1
17374,μηλοβοτῆρας,1,1,0
17375,εἰράων,1,1,0
17376,ἀερσιπόδων,1,1,0
17377,στησάμενοι,4,1,3
17378,Κυδοιμός,1,1,0
17379,Κήρ,1,1,0
17380,νεούτατον,1,1,0
17381,ἄουτον,1,1,0
17382,εἷμα,1,1,0
17383,δαφοινεόν,1,1,0
17384,ὡμίλευν,1,1,0
17385,ζωοί,2,2,0
17386,κατατεθνηῶτας,2,1,1
17387,νειόν,2,1,1
17388,μαλακήν,1,1,0
17389,πίειραν,3,1,2
17390,τρίπολον,1,1,0
17391,ἀροτῆρες,1,1,0
17392,ζεύγεα,1,1,0
17393,δινεύοντες,1,1,0
17394,ἐλάστρεον,1,1,0
17395,στρέψαντες,1,1,0
17396,ἱκοίατο,2,1,1
17397,ἐπιών,1,1,0
17398,στρέψασκον,1,1,0
17399,ὄγμους,1,1,0
17400,μελαίνετ,1,1,0
17401,ἀρηρομένῃ,1,1,0
17402,χρυσείη,1,1,0
17403,βασιλήϊον,1,1,0
17404,ἔριθοι,1,1,0
17405,ἤμων,1,1,0
17406,ὀξείας,1,1,0
17407,δρεπάνας,1,1,0
17408,ἐπήτριμα,1,1,0
17409,ἀμαλλοδετῆρες,2,2,0
17410,ἐλλεδανοῖσι,1,1,0
17411,δέοντο,1,1,0
17412,δραγμεύοντες,1,1,0
17413,ἀγκαλίδεσσι,2,2,0
17414,πάρεχον,1,1,0
17415,ὄγμου,1,1,0
17416,δρυΐ,1,1,0
17417,ἱερεύσαντες,3,1,2
17418,ἄμφεπον,3,3,0
17419,ἐρίθοισιν,1,1,0
17420,πάλυνον,2,1,1
17421,σταφυλῇσι,2,1,1
17422,βρίθουσαν,1,1,0
17423,μέλανες,1,1,0
17424,βότρυες,1,1,0
17425,κάμαξι,1,1,0
17426,ἀργυρέῃσιν,1,1,0
17427,κυανέην,3,1,2
17428,κάπετον,2,2,0
17429,κασσιτέρου,2,2,0
17430,ἀταρπιτός,1,1,0
17431,φορῆες,1,1,0
17432,τρυγόῳεν,1,1,0
17433,παρθενικαί,2,1,1
17434,ἠΐθεοι,2,2,0
17435,ἀταλά,1,1,0
17436,πλεκτοῖς,2,1,1
17437,ταλάροισι,1,1,0
17438,ἱμερόεν,1,1,0
17439,κιθάριζε,1,1,0
17440,λίνον,2,1,1
17441,λεπταλέῃ,1,1,0
17442,ῥήσσοντες,1,1,0
17443,ἰυγμῷ,1,1,0
17444,σκαίροντες,1,1,0
17445,τετεύχατο,1,1,0
17446,μυκηθμῷ,1,1,0
17447,κόπρου,1,1,0
17448,κελάδοντα,1,1,0
17449,ῥοδανόν,1,1,0
17450,δονακῆα,1,1,0
17451,σμερδαλέω,1,1,0
17452,ἐρύγμηλον,1,1,0
17453,μεμυκώς,2,2,0
17454,ἀναρρήξαντε,1,1,0
17455,λαφύσσετον,1,1,0
17456,ἐνδίεσαν,1,1,0
17457,ἀπετρωπῶντο,1,1,0
17458,λεόντων,1,1,0
17459,ὑλάκτεον,1,1,0
17460,ἀλέοντο,1,1,0
17461,βήσσῃ,1,1,0
17462,κατηρεφέας,1,1,0
17463,σηκούς,2,1,1
17464,ποίκιλλε,1,1,0
17465,Κνωσῷ,1,1,0
17466,Δαίδαλος,1,1,0
17467,ἤσκησεν,1,1,0
17468,Ἀριάδνῃ,1,1,0
17469,παρθένοι,1,1,0
17470,ἀλφεσίβοιαι,1,1,0
17471,ὀρχεῦντ,1,1,0
17472,λεπτάς,1,1,0
17473,ὀθόνας,1,1,0
17474,ἐϋννήτους,1,1,0
17475,στίλβοντας,1,1,0
17476,στεφάνας,1,1,0
17477,μαχαίρας,1,1,0
17478,ἀργυρέων,1,1,0
17479,τελαμώνων,1,1,0
17480,θρέξασκον,2,2,0
17481,ἐπισταμένοισι,1,1,0
17482,ἄρμενον,3,1,2
17483,κεραμεύς,1,1,0
17484,πειρήσεται,3,1,2
17485,θέῃσιν,1,1,0
17486,περιίσταθ,1,1,0
17487,ὅμιλος,4,2,2
17488,κυβιστητῆρε,2,1,1
17489,ἐξάρχοντες,1,1,0
17490,ἐδίνευον,2,1,1
17491,πυμάτην,1,1,0
17492,ποιητοῖο,10,3,7
17493,τεῦξε,5,3,2
17494,φαεινότερον,1,1,0
17495,αὐγῆς,1,1,0
17496,δαιδαλέην,1,1,0
17497,ὅπλα,9,2,7
17498,νιφόεντος,1,1,0
17499,περικείμενον,1,1,0
17500,μύρονθ,1,1,0
17501,δαμάσθη,1,1,0
17502,δέξο,1,1,0
17503,φόρησεν,1,1,0
17504,ἀνέβραχε,1,1,0
17505,εἶδ,2,2,0
17506,ἐξεφάανθεν,1,1,0
17507,τέρπετο,2,2,0
17508,τετάρπετο,2,2,0
17509,καδδῦσαι,1,1,0
17510,χαλκοτύπους,1,1,0
17511,εὐλάς,1,1,0
17512,ἐγγείνωνται,1,1,0
17513,σαπήῃ,1,1,0
17514,πειρήσω,2,1,1
17515,ἀλαλκεῖν,1,1,0
17516,μυίας,1,1,0
17517,ἀρηϊφάτους,2,2,0
17518,κατέδουσιν,7,2,5
17519,κεῖταί,1,1,0
17520,τελεσφόρον,5,1,4
17521,ἐνιαυτόν,13,2,11
17522,καλέσας,4,1,3
17523,ἀποειπών,1,1,0
17524,θωρήσσεο,1,1,0
17525,ἐνῆκε,2,2,0
17526,στάξε,1,1,0
17527,ῥινῶν,1,1,0
17528,μένεσκον,1,1,0
17529,κυβερνῆται,1,1,0
17530,οἰήϊα,1,1,0
17531,ταμίαι,1,1,0
17532,σίτοιο,4,3,1
17533,δοτῆρες,1,1,0
17534,σκάζοντε,1,1,0
17535,ἐρειδομένω,1,1,0
17536,ἕλκεα,2,2,0
17537,κιόντες,5,2,3
17538,δεύτατος,2,1,1
17539,ἀολλίσθησαν,1,1,0
17540,νῶΐ,1,1,0
17541,ἀχνυμένω,3,3,0
17542,θυμοβόρῳ,1,1,0
17543,μενεήναμεν,2,1,1
17544,ἀσκελέως,1,1,0
17545,ἐθέλωσ,1,1,0
17546,ἰαύειν,1,1,0
17547,ἀπειπόντος,1,1,0
17548,αὐτόθεν,4,2,2
17549,ἕδρης,2,1,1
17550,ἑσταότος,1,1,0
17551,ὑββάλλειν,1,1,0
17552,ἐπισταμένῳ,3,1,2
17553,πολλῷ,6,2,4
17554,βλάβεται,3,2,1
17555,ἐνδείξομαι,1,1,0
17556,σύνθεσθ,1,1,0
17557,μῦθόν,1,1,0
17558,γνῶτε,1,1,0
17559,νεικείεσκον,1,1,0
17560,Μοῖρα,3,3,0
17561,ῥέξαιμι,1,1,0
17562,Ἄτη,1,1,0
17563,ἀᾶται,2,2,0
17564,οὐλομένη,1,1,0
17565,ἁπαλοί,1,1,0
17566,πίλναται,1,1,0
17567,κράατα,1,1,0
17568,ἄσατο,1,1,0
17569,φασ,3,3,0
17570,θῆλυς,4,2,2
17571,δολοφροσύνῃς,1,1,0
17572,ἀπάτησεν,1,1,0
17573,Ἀλκμήνη,2,1,1
17574,τέξεσθαι,1,1,0
17575,ἐϋστεφάνῳ,1,1,0
17576,ἐκφανεῖ,1,1,0
17577,ἀνάξει,3,3,0
17578,ψευστήσεις,1,1,0
17579,ἐπιθήσεις,1,1,0
17580,ἀνάξειν,2,2,0
17581,πέσῃ,1,1,0
17582,αἵματός,2,1,1
17583,γενέθλης,3,1,2
17584,δολοφροσύνην,1,1,0
17585,ὄμοσεν,1,1,0
17586,Ἀχαιικόν,1,1,0
17587,ἰφθίμην,2,1,1
17588,Σθενέλου,1,1,0
17589,Περσηϊάδαο,2,2,0
17590,ἐκύει,1,1,0
17591,ἕβδομος,1,1,0
17592,μείς,1,1,0
17593,ἠλιτόμηνον,1,1,0
17594,Εἰλειθυίας,1,1,0
17595,ἀργικέραυνε,3,3,0
17596,γέγον,1,1,0
17597,Εὐρυσθεύς,1,1,0
17598,Σθενέλοιο,1,1,0
17599,εἷλ,1,1,0
17600,Ἄτην,2,2,0
17601,λιπαροπλοκάμοιο,1,1,0
17602,ὤμοσε,2,1,1
17603,ἔρριψεν,2,1,1
17604,περιστρέψας,2,1,1
17605,στενάχεσχ,1,1,0
17606,ὁρῷτο,2,1,1
17607,ὀλέκεσκεν,1,1,0
17608,δυνάμην,2,1,1
17609,λελαθέσθ,1,1,0
17610,Ἄτης,1,1,0
17611,ἀάσθην,1,1,0
17612,παρασχέμεν,2,2,0
17613,ἐπειγόμενός,4,2,2
17614,οἴσουσ,1,1,0
17615,κλοτοπεύειν,1,1,0
17616,ἄρεκτον,1,1,0
17617,νήστιας,2,2,0
17618,μαχησομένους,1,1,0
17619,ὁμιλήσωσι,1,1,0
17620,πνεύσῃ,1,1,0
17621,ἄκμηνος,2,2,0
17622,δυνήσεται,5,1,4
17623,μενοινάᾳ,1,1,0
17624,βαρύνεται,1,1,0
17625,δίψά,1,1,0
17626,λιμός,5,3,2
17627,κορεσσάμενος,2,1,1
17628,ἐδωδῆς,4,2,2
17629,πολεμίζῃ,1,1,0
17630,κάμνει,1,1,0
17631,σκέδασον,3,2,1
17632,ὅπλεσθαι,2,2,0
17633,οἰσέτω,2,1,1
17634,ἴδωσι,1,1,0
17635,ἰανθῇς,1,1,0
17636,ὀμνυέτω,1,1,0
17637,δαιτί,11,2,9
17638,ἀρεσάσθω,1,1,0
17639,πιείρῃ,1,1,0
17640,δίκης,1,1,0
17641,ἐπιδευές,1,1,0
17642,ἔχῃσθα,1,1,0
17643,δικαιότερος,1,1,0
17644,ἀπαρέσσασθαι,1,1,0
17645,διίκεο,1,1,0
17646,ὀμόσαι,1,1,0
17647,ἐπιορκήσω,1,1,0
17648,δαίμονος,3,1,2
17649,τεῖος,2,2,0
17650,ἔλθῃσι,3,1,2
17651,κούρητας,1,1,0
17652,ἐνεικέμεν,1,1,0
17653,Ταλθύβιος,3,3,0
17654,κάπρον,4,2,2
17655,ἑτοιμασάτω,1,1,0
17656,ἄλλοτέ,1,1,0
17657,ὀφέλλετε,1,1,0
17658,πένεσθαι,8,1,7
17659,μεταπαυσωλή,1,1,0
17660,ᾖσιν,2,1,1
17661,δεδαϊγμένοι,1,1,0
17662,βρωτύν,2,1,1
17663,ἀνώγοιμι,1,1,0
17664,ἀκμήνους,1,1,0
17665,τεισαίμεθα,1,1,0
17666,ἰείη,1,1,0
17667,βρῶσις,1,1,0
17668,δεδαϊγμένος,2,2,0
17669,πρόθυρον,3,1,2
17670,μύρονται,1,1,0
17671,νοήματί,1,1,0
17672,προβαλοίμην,1,1,0
17673,ἐπιτλήτω,2,2,0
17674,πλείστην,1,1,0
17675,καλάμην,2,1,1
17676,ἄμητος,1,1,0
17677,ὀλίγιστος,1,1,0
17678,κλίνῃσι,1,1,0
17679,πενθῆσαι,1,1,0
17680,πότε,1,1,0
17681,ἀναπνεύσειε,1,1,0
17682,καταθάπτειν,1,1,0
17683,θάνῃσι,2,1,1
17684,νηλέα,1,1,0
17685,δακρύσαντας,1,1,0
17686,στυγεροῖο,2,1,1
17687,λίπωνται,2,1,1
17688,μεμνῆσθαι,3,1,2
17689,μαχώμεθα,3,3,0
17690,ὀτρυντύν,1,1,0
17691,ἰσχαναάσθω,1,1,0
17692,ὀτρυντύς,1,1,0
17693,λίπηται,2,1,1
17694,ὁρμηθέντες,2,1,1
17695,ὀπάσσατο,1,1,0
17696,Φυλεΐδην,1,1,0
17697,Μέγητα,1,1,0
17698,Κρειοντιάδην,1,1,0
17699,ὀγδοάτην,1,1,0
17700,στήσας,4,2,2
17701,κούρητες,1,1,0
17702,ἀρξάμενος,1,1,0
17703,ἀκούοντες,4,2,2
17704,ὕπατος,3,2,1
17705,Γῆ,1,1,0
17706,τίνυνται,1,1,0
17707,Βρισηΐδι,1,1,0
17708,ἐπένεικα,1,1,0
17709,πρόφασιν,2,2,0
17710,κεχρημένος,5,1,4
17711,ἀπροτίμαστος,1,1,0
17712,ἐμῇσιν,2,2,0
17713,τῶνδ,6,4,2
17714,ὅτίς,1,1,0
17715,ἀλίτηται,2,2,0
17716,ὀμόσσας,1,1,0
17717,στόμαχον,1,1,0
17718,λαῖτμα,9,1,8
17719,βόσιν,1,1,0
17720,ἰχθύσιν,2,2,0
17721,ἀνστάς,3,1,2
17722,διδοῖσθα,1,1,0
17723,ὤρινε,1,1,0
17724,ἤθελ,5,1,4
17725,λῦσεν,3,1,2
17726,αἰψηρήν,2,1,1
17727,κάθισαν,2,1,1
17728,ἔλασαν,4,1,3
17729,Βρισηΐς,2,2,0
17730,χρυσέῃ,8,2,6
17731,χυμένη,2,1,1
17732,λίγ,3,1,2
17733,ἐκώκυε,1,1,0
17734,ἄμυσσε,1,1,0
17735,Πάτροκλέ,1,1,0
17736,δειλῇ,2,1,1
17737,ἔλειπον,3,2,1
17738,κιχάνομαι,1,1,0
17739,ἀνιοῦσ,1,1,0
17740,δέχεται,1,1,0
17741,ἔδοσάν,2,1,1
17742,κηδείους,1,1,0
17743,ὀλέθριον,2,2,0
17744,ἐπέσπον,8,1,7
17745,ἔασκες,1,1,0
17746,Μύνητος,1,1,0
17747,ἔφασκες,1,1,0
17748,δαίσειν,1,1,0
17749,γάμον,19,1,18
17750,κλαίω,2,2,0
17751,μείλιχον,2,1,1
17752,κλαίουσ,6,5,1
17753,δειπνῆσαι,1,1,0
17754,ἠρνεῖτο,3,2,1
17755,στεναχίζων,5,3,2
17756,ἐπιπείθεθ,1,1,0
17757,ἄσασθαι,1,1,0
17758,δύντα,1,1,0
17759,ἀπεσκέδασεν,1,1,0
17760,τέρποντες,1,1,0
17761,μνησάμενος,2,2,0
17762,ἁδινῶς,1,1,0
17763,ἀνενείκατο,1,1,0
17764,δυσάμμορε,1,1,0
17765,σπερχοίατ,2,1,1
17766,κεῖσαι,3,3,0
17767,ἄκμηνον,1,1,0
17768,ποθῇ,1,1,0
17769,κακώτερον,3,1,2
17770,πάθοιμι,2,2,0
17771,Φθίηφι,1,1,0
17772,εἴβει,1,1,0
17773,ἀλλοδαπῷ,3,1,2
17774,ῥιγεδανῆς,1,1,0
17775,πολεμίζω,1,1,0
17776,Σκύρῳ,1,1,0
17777,Νεοπτόλεμος,1,1,0
17778,ἐώλπει,4,1,3
17779,φθίσεσθαι,2,1,1
17780,Σκυρόθεν,1,1,0
17781,ἐξαγάγοις,1,1,0
17782,δείξειας,1,1,0
17783,δμῶάς,3,1,2
17784,Πηλῆά,1,1,0
17785,ζώοντ,1,1,0
17786,ἀκάχησθαι,2,1,1
17787,γήραΐ,1,1,0
17788,ποτιδέγμενον,1,1,0
17789,λυγρήν,2,1,1
17790,πύθηται,3,1,2
17791,κλαίων,5,3,2
17792,μνησάμενοι,2,1,1
17793,μυρομένους,1,1,0
17794,ἀποίχεαι,1,1,0
17795,μέμβλετ,1,1,0
17796,ἧσται,7,1,6
17797,ἄπαστος,3,1,2
17798,νέκτάρ,1,1,0
17799,στάξον,1,1,0
17800,στήθεσσ,1,1,0
17801,ἅρπῃ,1,1,0
17802,τανυπτέρυγι,1,1,0
17803,λιγυφώνῳ,1,1,0
17804,ἐκκατεπᾶλτο,1,1,0
17805,στάξ,1,1,0
17806,ἀτερπής,1,1,0
17807,ταρφειαί,2,2,0
17808,ἐκποτέονται,1,1,0
17809,ψυχραί,1,1,0
17810,γανόωσαι,2,1,1
17811,ἐκφορέοντο,1,1,0
17812,θώρηκές,1,1,0
17813,κραταιγύαλοι,1,1,0
17814,γέλασσε,3,2,1
17815,στεροπῆς,3,1,2
17816,μέσοισι,2,2,0
17817,καναχή,2,1,1
17818,πέλε,1,1,0
17819,ἄτλητον,1,1,0
17820,μήνης,1,1,0
17821,φανήῃ,5,3,2
17822,καίεται,2,2,0
17823,ἐθέλοντας,1,1,0
17824,φέρουσιν,4,1,3
17825,ἵππουρις,1,1,0
17826,περισσείοντο,2,2,0
17827,χρύσεαι,2,2,0
17828,πειρήθη,1,1,0
17829,ἐφαρμόσσειε,1,1,0
17830,ἐντρέχοι,1,1,0
17831,σύριγγος,1,1,0
17832,Ἄλκιμος,3,3,0
17833,ζεύγνυον,1,1,0
17834,λέπαδν,1,1,0
17835,ἕσαν,1,1,0
17836,χαλινούς,1,1,0
17837,γαμφηλῇς,1,1,0
17838,τεῖναν,1,1,0
17839,κορυσσάμενος,1,1,0
17840,Ὑπερίων,1,1,0
17841,Βαλίε,1,1,0
17842,τηλεκλυτά,1,1,0
17843,Ποδάργης,1,1,0
17844,ἕωμεν,1,1,0
17845,ζυγόφι,1,1,0
17846,αἰόλος,2,1,1
17847,Ξάνθος,2,2,0
17848,καρήατι,2,2,0
17849,αὐδήεντα,1,1,0
17850,ὄβριμ,1,1,0
17851,αἴτιοι,2,1,1
17852,ἡμετέρῃ,4,1,3
17853,βραδυτῆτί,1,1,0
17854,νωχελίῃ,1,1,0
17855,θέοιμεν,1,1,0
17856,ἐλαφροτάτην,1,1,0
17857,φάσ,4,1,3
17858,μόρσιμόν,1,1,0
17859,φωνήσαντος,2,2,0
17860,Ξάνθε,1,1,0
17861,μητέρος,7,2,5
17862,πρώτοις,1,1,0
17863,ἀκόρητον,1,1,0
17864,Θέμιστα,1,1,0
17865,φοιτήσασα,1,1,0
17866,νόσφ,1,1,0
17867,νυμφάων,6,2,4
17868,ἄλσεα,2,1,1
17869,πηγάς,3,2,1
17870,πίσεα,2,1,1
17871,ποιήεντα,4,1,3
17872,αἰθούσῃσιν,1,1,0
17873,ἐνίζανον,1,1,0
17874,ἀγηγέρατ,1,1,0
17875,νηκούστησε,1,1,0
17876,κάλεσσας,1,1,0
17877,μερμηρίζεις,1,1,0
17878,ἔγνως,4,2,2
17879,ἐννοσίγαιε,1,1,0
17880,ξυνάγειρα,1,1,0
17881,μέλουσί,1,1,0
17882,ὀλλύμενοί,1,1,0
17883,πτυχί,1,1,0
17884,τέρψομαι,2,1,1
17885,ἵκησθε,1,1,0
17886,ἀρήγεθ,1,1,0
17887,μαχεῖται,1,1,0
17888,μίνυνθ,1,1,0
17889,ἕξουσι,1,1,0
17890,ὑποτρομέεσκον,1,1,0
17891,ὁρῶντες,1,1,0
17892,χώεται,1,1,0
17893,ὑπέρμορον,1,1,0
17894,ἐξαλαπάξῃ,1,1,0
17895,ἴμεναι,12,2,10
17896,ἐριούνης,2,1,1
17897,κέκασται,1,1,0
17898,ἀκερσεκόμης,1,1,0
17899,Ξάνθός,1,1,0
17900,κύδανον,1,1,0
17901,δειδιότας,1,1,0
17902,ὁρῶντο,3,2,1
17903,λαμπόμενον,1,1,0
17904,ἀκτάων,1,1,0
17905,ἐριδούπων,2,1,1
17906,Σιμόεντι,2,2,0
17907,Καλλικολώνῃ,1,1,0
17908,βρόντησε,3,1,2
17909,ἀπειρεσίην,2,1,1
17910,ἐσσείοντο,1,1,0
17911,κορυφαί,1,1,0
17912,ἐνέρων,1,1,0
17913,Ἀϊδωνεύς,1,1,0
17914,ἀναρρήξειε,1,1,0
17915,φανείη,2,1,1
17916,σμερδαλέ,1,1,0
17917,εὐρώεντα,4,1,3
17918,ξυνιόντων,1,1,0
17919,ἔναντα,1,1,0
17920,ἰά,1,1,0
17921,ἀντέστη,2,2,0
17922,χρυσηλάκατος,1,1,0
17923,κελαδεινή,2,2,0
17924,Λητοῖ,3,3,0
17925,σῶκος,1,1,0
17926,ἐριούνιος,4,4,0
17927,Ἑρμῆς,3,1,2
17928,βαθυδίνης,5,5,0
17929,λιλαίετο,1,1,0
17930,Πριαμίδεω,1,1,0
17931,ἀντία,8,6,2
17932,Λυκάονι,2,2,0
17933,ὑπίσχεο,1,1,0
17934,οἰνοποτάζων,2,1,1
17935,πολεμίξειν,1,1,0
17936,φόβησεν,1,1,0
17937,ἐπήλυθεν,2,1,1
17938,πέρσε,1,1,0
17939,εἰρύσαθ,1,1,0
17940,ἐδάμην,1,1,0
17941,Λέλεγας,1,1,0
17942,διελθέμεν,3,2,1
17943,τείνειεν,1,1,0
17944,νικήσει,1,1,0
17945,παγχάλκεος,1,1,0
17946,χερείονος,1,1,0
17947,λευγαλέοις,1,1,0
17948,ἀποτρεπέτω,2,2,0
17949,φράζεσθον,1,1,0
17950,ὑμετέρῃσιν,1,1,0
17951,ἀποτρωπῶμεν,1,1,0
17952,παρσταίη,1,1,0
17953,δευέσθω,1,1,0
17954,φιλέουσιν,2,1,1
17955,ἀνεμώλιοι,1,1,0
17956,ἀμύνουσιν,2,2,0
17957,κατήλθομεν,3,1,2
17958,ἀντιόωντες,1,1,0
17959,γιγνομένῳ,3,2,1
17960,ἐπένησε,2,2,0
17961,πεύσεται,2,1,1
17962,ὀμφῆς,1,1,0
17963,δείσετ,1,1,0
17964,φαίνεσθαι,1,1,0
17965,ἐναργεῖς,3,1,2
17966,ξυνελάσσαι,1,1,0
17967,καθεζώμεσθα,2,1,1
17968,πάτου,1,1,0
17969,σκοπιήν,6,2,4
17970,ἄρχωσι,1,1,0
17971,Ἀχιλῆ,2,2,0
17972,ἴσχωσι,1,1,0
17973,ὀρεῖται,1,1,0
17974,διακρινθέντας,1,1,0
17975,ὁμήγυριν,1,1,0
17976,ἀναγκαίηφι,1,1,0
17977,κυανοχαίτης,2,1,1
17978,ἀμφίχυτον,1,1,0
17979,ὑψηλόν,4,2,2
17980,κῆτος,3,1,2
17981,ὑπεκπροφυγών,2,2,0
17982,ἀλέαιτο,2,1,1
17983,ἕσαντο,1,1,0
17984,καθῖζον,16,1,15
17985,Καλλικολώνης,1,1,0
17986,ἑκάτερθε,10,1,9
17987,μητιόωντες,2,1,1
17988,ἀρχέμεναι,1,1,0
17989,δυσηλεγέος,1,1,0
17990,ὄκνεον,1,1,0
17991,ἅπαν,7,3,4
17992,ἐπλήσθη,1,1,0
17993,κάρκαιρε,1,1,0
17994,ὀρνυμένων,1,1,0
17995,νευστάζων,4,1,3
17996,τίνασσε,1,1,0
17997,σίντης,1,1,0
17998,ἀποκτάμεναι,1,1,0
17999,δῆμος,7,2,5
18000,ἀτίζων,1,1,0
18001,βάλῃ,6,3,3
18002,ἀφρός,1,1,0
18003,στένει,1,1,0
18004,οὐρῇ,2,1,1
18005,πλευράς,3,3,0
18006,μαστίεται,1,1,0
18007,ἑέ,2,2,0
18008,γλαυκιόων,1,1,0
18009,φέρεται,1,1,0
18010,πέφνῃ,3,1,2
18011,φθίεται,1,1,0
18012,ἔστης,1,1,0
18013,ἐλπόμενον,1,1,0
18014,ἐξεναρίξῃς,1,1,0
18015,θήσει,2,1,1
18016,ἀεσίφρων,2,2,0
18017,νέμηαι,2,1,1
18018,κτείνῃς,3,1,2
18019,ἔολπα,6,2,4
18020,φοβῆσαι,1,1,0
18021,σεῦα,1,1,0
18022,μετατροπαλίζεο,1,1,0
18023,ὑπέκφυγες,1,1,0
18024,πέρσα,1,1,0
18025,μεθορμηθείς,2,1,1
18026,ληϊάδας,1,1,0
18027,ἀπαμείβετο,12,1,11
18028,ἐπέεσσί,3,3,0
18029,νηπύτιον,2,2,0
18030,ἔλπεο,2,2,0
18031,δειδίξεσθαι,2,2,0
18032,κερτομίας,3,2,1
18033,πρόκλυτ,1,1,0
18034,ὄψει,3,1,2
18035,ἴδες,3,2,1
18036,ἔκγονον,1,1,0
18037,καλλιπλοκάμου,1,1,0
18038,ἁλοσύδνης,2,1,1
18039,ἕτεροί,1,1,0
18040,φημ,1,1,0
18041,νηπυτίοισιν,1,1,0
18042,ἴσασι,11,1,10
18043,Δάρδανον,2,2,0
18044,κτίσσε,1,1,0
18045,Δαρδανίην,1,1,0
18046,πεπόλιστο,1,1,0
18047,ὑπωρείας,1,1,0
18048,ᾤκεον,2,1,1
18049,Ἐριχθόνιον,1,1,0
18050,ἀφνειότατος,1,1,0
18051,τρισχίλιαι,1,1,0
18052,ἕλος,2,1,1
18053,βουκολέοντο,1,1,0
18054,θήλειαι,5,1,4
18055,πώλοισιν,1,1,0
18056,ἀγαλλόμεναι,2,1,1
18057,ἀταλῇσι,1,1,0
18058,ἠράσσατο,1,1,0
18059,κυανοχαίτῃ,2,1,1
18060,ὑποκυσάμεναι,1,1,0
18061,ἔτεκον,1,1,0
18062,πώλους,1,1,0
18063,σκιρτῷεν,2,2,0
18064,ἀνθερίκων,1,1,0
18065,κατέκλων,1,1,0
18066,ῥηγμῖνος,1,1,0
18067,θέεσκον,1,1,0
18068,Τρῶα,2,2,0
18069,Ἐριχθόνιος,1,1,0
18070,Τρωός,1,1,0
18071,Ἶλός,1,1,0
18072,Ἀσσάρακός,1,1,0
18073,Γανυμήδης,1,1,0
18074,ἀνηρείψαντο,5,1,4
18075,κάλλεος,2,1,1
18076,Ἶλος,1,1,0
18077,Λαομέδοντα,1,1,0
18078,Λαομέδων,2,2,0
18079,Τιθωνόν,1,1,0
18080,Ἀσσάρακος,1,1,0
18081,Κάπυν,1,1,0
18082,Ἀγχίσην,1,1,0
18083,ἑκατόζυγος,1,1,0
18084,στρεπτή,1,1,0
18085,γλῶσσ,1,1,0
18086,παντοῖοι,2,1,1
18087,νομός,1,1,0
18088,ὁπποῖόν,1,1,0
18089,εἴπῃσθα,3,1,2
18090,ἐπακούσαις,1,1,0
18091,νεικεῖν,1,1,0
18092,νεικεῦσ,1,1,0
18093,ἄγυιαν,1,1,0
18094,ἰοῦσαι,2,1,1
18095,ἐτεά,1,1,0
18096,γευσόμεθ,1,1,0
18097,δεινῷ,1,1,0
18098,μύκε,1,1,0
18099,ῥηΐδι,1,1,0
18100,ὑποείκειν,1,1,0
18101,χαλκείας,1,1,0
18102,ἄντυγ,1,1,0
18103,λεπτότατος,1,1,0
18104,λεπτοτάτη,1,1,0
18105,ἐπέην,1,1,0
18106,Πηλιάς,1,1,0
18107,κύκλους,1,1,0
18108,πειθόμενος,1,1,0
18109,χραισμήσει,1,1,0
18110,ἀναίτιος,1,1,0
18111,πάσχει,2,1,1
18112,ἀλλοτρίων,3,1,2
18113,κεχαρισμένα,5,2,3
18114,ἀγάγωμεν,1,1,0
18115,κατακτείνῃ,2,1,1
18116,μόριμον,1,1,0
18117,ἄσπερμος,1,1,0
18118,ἄφαντος,1,1,0
18119,Δαρδάνου,1,1,0
18120,φίλατο,1,1,0
18121,θνητάων,1,1,0
18122,ἔχθηρε,1,1,0
18123,νόησον,1,1,0
18124,ἐρύσσεαι,1,1,0
18125,ὠμόσσαμεν,1,1,0
18126,ὅρκους,1,1,0
18127,ἀλεξήσειν,2,2,0
18128,Τροίη,2,2,0
18129,μαλερῷ,2,2,0
18130,δάηται,2,2,0
18131,καιομένη,2,2,0
18132,καίωσι,2,2,0
18133,χέεν,1,1,0
18134,ἐξέρυσεν,1,1,0
18135,ἔσσευεν,1,1,0
18136,ὑπερᾶλτο,1,1,0
18137,ἀτέοντα,1,1,0
18138,φίλτερος,2,1,1
18139,ἀναχωρῆσαι,1,1,0
18140,συμβλήσεαι,1,1,0
18141,εἰσαφίκηαι,1,1,0
18142,ἐξεναρίξει,1,1,0
18143,σκέδασ,2,1,1
18144,ἔξιδεν,1,1,0
18145,ἐφέηκα,1,1,0
18146,ἄσμενος,1,1,0
18147,ἕστατε,1,1,0
18148,τοσσούσδ,1,1,0
18149,ἐφέπειν,1,1,0
18150,ἄμβροτος,3,2,1
18151,τοσσῆσδ,1,1,0
18152,ἐφέποι,1,1,0
18153,πονέοιτο,1,1,0
18154,μεθησέμεν,1,1,0
18155,χαιρήσειν,1,1,0
18156,κέκλεθ,1,1,0
18157,δείδιτε,1,1,0
18158,μύθοις,4,2,2
18159,κολούει,2,1,1
18160,ἄειραν,7,3,4
18161,μίχθη,1,1,0
18162,προμάχιζε,1,1,0
18163,τύψῃ,1,1,0
18164,Ἰφιτίωνα,1,1,0
18165,Ὀτρυντεΐδην,1,1,0
18166,Ὀτρυντῆϊ,1,1,0
18167,Ὕδης,1,1,0
18168,Ὀτρυντεΐδη,1,1,0
18169,Γυγαίῃ,1,1,0
18170,πατρώϊόν,1,1,0
18171,Ὕλλῳ,1,1,0
18172,Ἕρμῳ,1,1,0
18173,ἐπισσώτροις,1,1,0
18174,Δημολέοντα,1,1,0
18175,ἀλεξητῆρα,1,1,0
18176,κρόταφον,1,1,0
18177,Ἱπποδάμαντα,1,1,0
18178,ἄϊσθε,1,1,0
18179,ἤρυγεν,2,2,0
18180,ἑλκόμενος,1,1,0
18181,Ἑλικώνιον,1,1,0
18182,ἐρυγόντα,1,1,0
18183,Πολύδωρον,5,5,0
18184,εἴασκε,1,1,0
18185,παισί,4,2,2
18186,γόνοιο,1,1,0
18187,νηπιέῃσι,2,1,1
18188,ἀναφαίνων,1,1,0
18189,παραΐσσοντος,1,1,0
18190,κυανέη,3,1,2
18191,λιαζόμενον,1,1,0
18192,γαίη,1,1,0
18193,στρωφᾶσθ,1,1,0
18194,ἀνεπᾶλτο,1,1,0
18195,τετιμένον,2,1,1
18196,πτώσσοιμεν,1,1,0
18197,χείρων,1,1,0
18198,χειρότερός,1,1,0
18199,ψύξασα,1,1,0
18200,ἐξήρπαξεν,1,1,0
18201,Δρύοπ,1,1,0
18202,Δημοῦχον,1,1,0
18203,Φιλητορίδην,1,1,0
18204,κάγ,1,1,0
18205,οὐτάζων,1,1,0
18206,Βίαντος,1,1,0
18207,ἐφορμηθείς,2,1,1
18208,τύψας,3,2,1
18209,Ἀλαστορίδην,1,1,0
18210,πεφίδοιτο,1,1,0
18211,κατακτείνειεν,2,2,0
18212,ἐλεήσας,2,1,1
18213,γλυκύθυμος,1,1,0
18214,ἀγανόφρων,1,1,0
18215,χείρεσι,1,1,0
18216,λίσσεσθ,1,1,0
18217,ὄλισθεν,1,1,0
18218,ἐνέπλησεν,1,1,0
18219,Ἀγήνορος,2,2,0
18220,ξυνέχουσι,1,1,0
18221,τένοντες,1,1,0
18222,ἔπειρεν,2,1,1
18223,βαρυνθείς,1,1,0
18224,θείνας,1,1,0
18225,μυελός,1,1,0
18226,σφονδυλίων,1,1,0
18227,ἔκπαλθ,1,1,0
18228,Πείρεω,1,1,0
18229,Ῥίγμον,1,1,0
18230,νηδύϊ,1,1,0
18231,Ἀρηΐθοον,1,1,0
18232,στρέψαντα,1,1,0
18233,ἀναμαιμάει,1,1,0
18234,βαθέ,1,1,0
18235,ἄγκεα,4,2,2
18236,ἀζαλέοιο,1,1,0
18237,βαθεῖα,2,2,0
18238,εἰλυφάζει,1,1,0
18239,ἐφέπων,2,2,0
18240,ζεύξῃ,1,1,0
18241,ἄρσενας,1,1,0
18242,εὐρυμετώπους,2,1,1
18243,τριβέμεναι,1,1,0
18244,ἀλωῇ,3,2,1
18245,λέπτ,2,1,1
18246,πόσσ,1,1,0
18247,ἐριμύκων,2,2,0
18248,στεῖβον,2,1,1
18249,διατμήξας,4,1,3
18250,προτέρῳ,2,1,1
18251,πεφυζότες,4,4,0
18252,πίτνα,1,1,0
18253,ἡμίσεες,3,1,2
18254,εἰλεῦντο,1,1,0
18255,βαθύρροον,1,1,0
18256,ἀργυροδίνην,1,1,0
18257,πατάγῳ,2,2,0
18258,ὄχθαι,1,1,0
18259,ἔννεον,1,1,0
18260,ἑλισσόμενοι,1,1,0
18261,δίνας,2,2,0
18262,ἀκρίδες,1,1,0
18263,φλέγει,1,1,0
18264,πτώσσουσι,1,1,0
18265,βαθυδινήεντος,1,1,0
18266,κελάδων,1,1,0
18267,ὄχθῃ,1,1,0
18268,κεκλιμένον,1,1,0
18269,μυρίκῃσιν,1,1,0
18270,δελφῖνος,1,1,0
18271,μεγακήτεος,1,1,0
18272,ἰχθύες,5,3,2
18273,πιμπλᾶσι,1,1,0
18274,μυχούς,1,1,0
18275,εὐόρμου,1,1,0
18276,λάβῃσιν,3,2,1
18277,πτῶσσον,1,1,0
18278,κρημνούς,1,1,0
18279,ἐναίρων,1,1,0
18280,λέξατο,1,1,0
18281,ἐξῆγε,3,1,2
18282,τεθηπότας,1,1,0
18283,νεβρούς,3,1,2
18284,στρεπτοῖσι,1,1,0
18285,χιτῶσι,1,1,0
18286,δαϊζέμεναι,1,1,0
18287,συνήντετο,3,1,2
18288,ἐννύχιος,1,1,0
18289,προμολών,2,1,1
18290,νέους,2,2,0
18291,ὄρπηκας,1,1,0
18292,ἀνώϊστον,1,1,0
18293,ἐπέρασσε,1,1,0
18294,Ἰήσονος,1,1,0
18295,ὦνον,8,2,6
18296,Ἴμβριος,1,1,0
18297,ἐτέρπετο,2,1,1
18298,δυωδεκάτῃ,2,2,0
18299,πέμψειν,1,1,0
18300,ἔπεφνον,1,1,0
18301,ἀναστήσονται,1,1,0
18302,ζόφου,1,1,0
18303,ἠερόεντος,1,1,0
18304,φυγών,3,1,2
18305,ἠγαθέην,6,2,4
18306,πεπερημένος,1,1,0
18307,ἀκωκῆς,1,1,0
18308,γεύσεται,1,1,0
18309,γῆ,3,1,2
18310,τεθηπώς,1,1,0
18311,ἅψασθαι,4,1,3
18312,ἐκφυγέειν,5,1,4
18313,οὐτάμεναι,4,2,2
18314,ὑπέδραμε,2,1,1
18315,ἄμεναι,1,1,0
18316,ἐλλίσσετο,2,1,1
18317,γουνοῦμαι,1,1,0
18318,αἴδεο,4,2,2
18319,ἐλέησον,6,4,2
18320,εἰμ,1,1,0
18321,ἱκέταο,1,1,0
18322,πασάμην,2,2,0
18323,εἷλες,1,1,0
18324,ἐπέρασσας,1,1,0
18325,ἑκατόμβοιον,1,1,0
18326,ἦλφον,1,1,0
18327,λύμην,1,1,0
18328,παθών,6,1,5
18329,τεῇς,1,1,0
18330,ἀπεχθέσθαι,1,1,0
18331,μινυνθάδιον,1,1,0
18332,Λαοθόη,2,2,0
18333,Ἄλταο,1,1,0
18334,Ἄλτεω,1,1,0
18335,Λελέγεσσι,1,1,0
18336,αἰπήεσσαν,1,1,0
18337,Σατνιόεντι,1,1,0
18338,ἄλλας,8,1,7
18339,γενόμεσθα,1,1,0
18340,δειροτομήσεις,1,1,0
18341,πρυλέεσσι,1,1,0
18342,δάμασσας,1,1,0
18343,σάς,1,1,0
18344,ὁμογάστριος,1,1,0
18345,Ἕκτορός,1,1,0
18346,πιφαύσκεο,2,2,0
18347,πεφιδέσθαι,1,1,0
18348,φίλτερον,3,3,0
18349,ἐπέρασσα,1,1,0
18350,βάλῃσι,1,1,0
18351,κάτθανε,1,1,0
18352,καλός,5,1,4
18353,δείλη,1,1,0
18354,λύτο,10,2,8
18355,γούνατα,12,4,8
18356,ἀφέηκεν,1,1,0
18357,ἀγόρευεν,6,2,4
18358,ἐνταυθοῖ,3,1,2
18359,ἀπολιχμήσονται,1,1,0
18360,ἀκηδέες,3,2,1
18361,ἐνθεμένη,2,2,0
18362,γοήσεται,2,2,0
18363,δινήεις,1,1,0
18364,φρῖχ,1,1,0
18365,ὑπαΐξει,1,1,0
18366,ἰχθύς,2,2,0
18367,φάγῃσι,1,1,0
18368,ἀργέτα,1,1,0
18369,φθείρεσθ,1,1,0
18370,κιχείομεν,1,1,0
18371,ἐΰρροος,1,1,0
18372,ἀργυροδίνης,1,1,0
18373,ἀρκέσει,2,1,1
18374,ἱερεύετε,1,1,0
18375,ταύρους,5,1,4
18376,δίνῃσι,2,2,0
18377,καθίετε,1,1,0
18378,ὀλέεσθε,1,1,0
18379,ἐπέφνετε,1,1,0
18380,χολώσατο,3,1,2
18381,ὅρμηνεν,1,1,0
18382,παύσειε,4,2,2
18383,ἀλάλκοι,4,4,0
18384,Ἀστεροπαίῳ,2,2,0
18385,Πηλεγόνος,2,2,0
18386,Ἀξιός,1,1,0
18387,εὐρυρέεθρος,1,1,0
18388,Περίβοια,2,1,1
18389,Ἀκεσσαμενοῖο,1,1,0
18390,πρεσβυτάτη,1,1,0
18391,κεχόλωτο,1,1,0
18392,δαϊκταμένων,1,1,0
18393,ἐδάϊζε,1,1,0
18394,ἐλέαιρεν,2,1,1
18395,πόθεν,14,1,13
18396,ἀντιόωσι,1,1,0
18397,ἐριβώλου,1,1,0
18398,δολιχεγχέας,1,1,0
18399,ἑνδεκάτη,4,1,3
18400,Πηλεγόνα,1,1,0
18401,γείνασθαι,2,1,1
18402,δούρασιν,1,1,0
18403,περιδέξιος,1,1,0
18404,ἐπιγράβδην,1,1,0
18405,σύτο,1,1,0
18406,ἐνεστήρικτο,1,1,0
18407,λιλαιομένη,5,1,4
18408,ἰθυπτίωνα,1,1,0
18409,ὑψηλήν,8,2,6
18410,ὄχθην,1,1,0
18411,μεσσοπαγές,1,1,0
18412,ὄχθης,1,1,0
18413,κρημνοῖο,2,2,0
18414,πελέμιξεν,2,1,1
18415,μεθῆκε,2,1,1
18416,ἆξαι,2,2,0
18417,ἐπιγνάμψας,1,1,0
18418,ἀσθμαίνοντ,1,1,0
18419,Κρονίωνος,3,2,1
18420,ποταμοῖό,1,1,0
18421,ἐκγεγαῶτι,1,1,0
18422,φῆσθα,1,1,0
18423,τίκτέ,1,1,0
18424,Αἰακός,1,1,0
18425,ἁλιμυρηέντων,1,1,0
18426,Ἀχελώϊος,1,1,0
18427,ἰσοφαρίζει,1,1,0
18428,βαθυρρείταο,1,1,0
18429,κρῆναι,3,1,2
18430,φρείατα,1,1,0
18431,νάουσιν,1,1,0
18432,δείδοικε,1,1,0
18433,βροντήν,1,1,0
18434,σμαραγήσῃ,1,1,0
18435,λεῖπεν,1,1,0
18436,δίαινε,1,1,0
18437,ἐγχέλυές,2,2,0
18438,ἐπινεφρίδιον,1,1,0
18439,κείροντες,2,1,1
18440,πεφοβήατο,1,1,0
18441,δινήεντα,3,2,1
18442,Μύδωνά,1,1,0
18443,Ἀστύπυλόν,1,1,0
18444,Μνῆσόν,1,1,0
18445,Θρασίον,1,1,0
18446,Αἴνιον,1,1,0
18447,χωσάμενος,1,1,0
18448,φθέγξατο,1,1,0
18449,δίνης,2,2,0
18450,κρατέεις,2,1,1
18451,ῥέζεις,1,1,0
18452,ῥέζε,1,1,0
18453,πλήθει,2,2,0
18454,ἐρατεινά,1,1,0
18455,προχέειν,1,1,0
18456,στεινόμενος,2,1,1
18457,κτείνεις,1,1,0
18458,ἀϊδήλως,1,1,0
18459,Σκάμανδρε,1,1,0
18460,ὑπερφιάλους,5,1,4
18461,ἐναρίζων,1,1,0
18462,ἀργυρότοξε,2,2,0
18463,εἰρύσαο,1,1,0
18464,δείελος,1,1,0
18465,δύων,1,1,0
18466,σκιάσῃ,1,1,0
18467,ἔνθορε,2,2,0
18468,κρημνοῦ,1,1,0
18469,ἀπαΐξας,1,1,0
18470,οἴδματι,2,2,0
18471,θύων,7,4,3
18472,κυκώμενος,2,2,0
18473,κτάν,2,2,0
18474,ἔκβαλλε,2,1,1
18475,κρύπτων,1,1,0
18476,βαθείῃσιν,1,1,0
18477,κυκώμενον,1,1,0
18478,ὤθει,1,1,0
18479,πίπτων,1,1,0
18480,στηρίξασθαι,1,1,0
18481,πτελέην,1,1,0
18482,εὐφυέα,1,1,0
18483,ῥιζῶν,1,1,0
18484,κρημνόν,1,1,0
18485,διῶσεν,1,1,0
18486,ἐπέσχε,6,5,1
18487,ἐριποῦσ,1,1,0
18488,ἔληγε,2,2,0
18489,ἀκροκελαινιόων,1,1,0
18490,αἰετοῦ,1,1,0
18491,οἴματ,1,1,0
18492,θηρητῆρος,2,2,0
18493,κάρτιστός,1,1,0
18494,ἐϊκώς,1,1,0
18495,κονάβιζεν,1,1,0
18496,φεῦγ,1,1,0
18497,ὀρυμαγδῷ,2,1,1
18498,ὀχετηγός,1,1,0
18499,φυτά,1,1,0
18500,κήπους,1,1,0
18501,ἡγεμονεύῃ,1,1,0
18502,μάκελλαν,1,1,0
18503,ἀμάρης,1,1,0
18504,προρέοντος,1,1,0
18505,ψηφῖδες,1,1,0
18506,ἅπασαι,3,1,2
18507,ὀχλεῦνται,1,1,0
18508,κελαρύζει,1,1,0
18509,προαλεῖ,1,1,0
18510,ἄγοντα,4,2,2
18511,ῥόοιο,3,2,1
18512,λαιψηρόν,1,1,0
18513,ὁσσάκι,3,2,1
18514,στῆναι,3,1,2
18515,φοβέουσι,1,1,0
18516,τοσσάκι,2,2,0
18517,πλάζ,1,1,0
18518,ἐπήδα,2,2,0
18519,ἀνιάζων,2,1,1
18520,ὑπέρεπτε,1,1,0
18521,ἐλεεινόν,6,3,3
18522,σαῶσαι,2,2,0
18523,ψεύδεσσιν,1,1,0
18524,ἔθελγεν,2,2,0
18525,τείχεϊ,2,2,0
18526,λαιψηροῖς,1,1,0
18527,ἔτραφ,1,1,0
18528,λευγαλέῳ,7,1,6
18529,εἵμαρτο,3,1,2
18530,ἐρχθέντ,1,1,0
18531,συφορβόν,2,1,1
18532,ἔναυλος,1,1,0
18533,ἀποέρσῃ,1,1,0
18534,χειμῶνι,1,1,0
18535,περῶντα,1,1,0
18536,λαβόντες,3,1,2
18537,ἐπιστώσαντ,1,1,0
18538,τρέε,1,1,0
18539,ἐπιταρρόθω,1,1,0
18540,ἐπαινήσαντος,1,1,0
18541,αἴσιμόν,1,1,0
18542,λωφήσει,1,1,0
18543,παύειν,1,1,0
18544,Ἰλιόφι,1,1,0
18545,ἐέλσαι,1,1,0
18546,εἰπόντε,1,1,0
18547,ἀπεβήτην,1,1,0
18548,πλῆθ,1,1,0
18549,ἐκχυμένοιο,1,1,0
18550,πλῶον,1,1,0
18551,νέκυες,1,1,0
18552,ἀΐσσοντος,1,1,0
18553,ἴσχεν,1,1,0
18554,χώετο,1,1,0
18555,κόρυσσε,1,1,0
18556,ἀειρόμενος,1,1,0
18557,ἀμφότεροί,1,1,0
18558,σχῶμεν,1,1,0
18559,μενέουσιν,1,1,0
18560,ἐμπίπληθι,1,1,0
18561,πηγέων,1,1,0
18562,ὀρόθυνον,1,1,0
18563,ἵστη,1,1,0
18564,ὀρυμαγδόν,2,1,1
18565,παύσομεν,1,1,0
18566,χραισμησέμεν,1,1,0
18567,νειόθι,1,1,0
18568,κείσεθ,1,1,0
18569,ἰλύος,1,1,0
18570,κεκαλυμμένα,1,1,0
18571,εἰλύσω,1,1,0
18572,χέραδος,1,1,0
18573,ἐπιστήσονται,1,1,0
18574,ἀλλέξαι,1,1,0
18575,ἄσιν,1,1,0
18576,καλύψω,1,1,0
18577,τυμβοχόης,1,1,0
18578,θάπτωσιν,1,1,0
18579,ἐπῶρτ,1,1,0
18580,ἀειρόμενον,1,1,0
18581,ᾕρεε,2,1,1
18582,περιδείσασ,1,1,0
18583,ἀποέρσειε,1,1,0
18584,κυλλοπόδιον,1,1,0
18585,ἠΐσκομεν,1,1,0
18586,ἁλόθεν,1,1,0
18587,ὄρσουσα,1,1,0
18588,κήαι,1,1,0
18589,φλέγμα,1,1,0
18590,φορέουσα,1,1,0
18591,καῖ,1,1,0
18592,ἀπόπαυε,1,1,0
18593,φθέγξομ,1,1,0
18594,δαίετο,2,1,1
18595,ἐξηράνθη,2,2,0
18596,ὀπωρινός,2,1,1
18597,νεοαρδέ,1,1,0
18598,ἀγξηράνῃ,1,1,0
18599,χαίρει,3,3,0
18600,ἐθείρῃ,1,1,0
18601,κῆεν,1,1,0
18602,τρέψε,1,1,0
18603,πτελέαι,1,1,0
18604,ἰτέαι,2,1,1
18605,μυρῖκαι,1,1,0
18606,λωτός,2,1,1
18607,θρύον,1,1,0
18608,κύπειρον,2,1,1
18609,τείροντ,1,1,0
18610,κυβίστων,1,1,0
18611,πολυμήτιος,1,1,0
18612,ἀντιφερίζειν,1,1,0
18613,φλεγέθοντι,1,1,0
18614,ἐξελάσειε,1,1,0
18615,ἀρωγῆς,1,1,0
18616,καιόμενος,1,1,0
18617,ἔφλυε,1,1,0
18618,λέβης,2,1,1
18619,ζεῖ,1,1,0
18620,μελδόμενος,1,1,0
18621,ἁπαλοτρεφέος,1,1,0
18622,ἀμβολάδην,1,1,0
18623,κάγκανα,2,1,1
18624,φλέγετο,1,1,0
18625,ζέε,1,1,0
18626,προρέειν,1,1,0
18627,ἴσχετο,1,1,0
18628,πολύφρονος,3,1,2
18629,ἔχραε,3,1,2
18630,ἀποπαύσομαι,1,1,0
18631,παυέσθω,1,1,0
18632,ἀθάνατον,6,2,4
18633,στυφελίζειν,1,1,0
18634,κατέσβεσε,1,1,0
18635,κατέσσυτο,1,1,0
18636,παυσάσθην,1,1,0
18637,χωομένη,2,2,0
18638,βεβριθυῖα,1,1,0
18639,ἄητο,1,1,0
18640,σάλπιγξεν,1,1,0
18641,Οὐλύμπῳ,2,1,1
18642,ξυνιόντας,1,1,0
18643,ῥινοτόρος,1,1,0
18644,ὀνείδειον,2,2,0
18645,κυνάμυια,2,2,0
18646,ξυνελαύνεις,1,1,0
18647,Διομήδε,1,1,0
18648,ἀνῆκας,1,1,0
18649,πανόψιον,1,1,0
18650,ὦσας,1,1,0
18651,ἔδαψας,1,1,0
18652,ἀποτισέμεν,1,1,0
18653,σμερδαλέην,1,1,0
18654,ἀναχασσαμένη,1,1,0
18655,πέλεθρα,2,1,1
18656,ἐκόνισε,1,1,0
18657,ἀμφαράβησε,1,1,0
18658,ἐπευχομένη,2,2,0
18659,νηπύτι,3,3,0
18660,ἐπεφράσω,1,1,0
18661,εὔχομ,1,1,0
18662,ἰσοφαρίζεις,1,1,0
18663,ἐρινύας,1,1,0
18664,ἐξαποτίνοις,1,1,0
18665,μήδεται,1,1,0
18666,ὑπερφιάλοισιν,5,1,4
18667,ἀμύνεις,1,1,0
18668,ἡ,146,1,145
18669,μέτελθε,1,1,0
18670,μετέσσυτο,2,2,0
18671,ἐπιεισαμένη,1,1,0
18672,κεῖντο,1,1,0
18673,θωρηκτῇσιν,1,1,0
18674,θαρσαλέοι,1,1,0
18675,τλήμονες,1,1,0
18676,ἀντιόωσα,3,1,2
18677,ἄμμες,4,1,3
18678,ἐπαυσάμεθα,1,1,0
18679,ἐκπέρσαντες,1,1,0
18680,διέσταμεν,1,1,0
18681,ἀρξάντων,1,1,0
18682,αἴσχιον,1,1,0
18683,ἀμαχητί,1,1,0
18684,ἄνοον,1,1,0
18685,ἔχες,3,2,1
18686,μέμνηαι,1,1,0
18687,πάθομεν,2,1,1
18688,ἀγήνορι,2,2,0
18689,θητεύσαμεν,1,1,0
18690,μισθῷ,1,1,0
18691,ῥητῷ,1,1,0
18692,σημαίνων,1,1,0
18693,ἔδειμα,1,1,0
18694,βουκολέεσκες,1,1,0
18695,μισθοῖο,1,1,0
18696,πολυγηθέες,1,1,0
18697,ὧραι,8,1,7
18698,βιήσατο,2,1,1
18699,ἔκπαγλος,3,2,1
18700,ἀπέπεμπε,2,1,1
18701,δήσειν,1,1,0
18702,τηλεδαπάων,2,2,0
18703,ἀπολεψέμεν,1,1,0
18704,κίομεν,1,1,0
18705,κεκοτηότι,4,1,3
18706,μισθοῦ,1,1,0
18707,χωόμενοι,2,2,0
18708,ὑποστάς,3,1,2
18709,φέρεις,2,1,1
18710,πειρᾷ,3,3,0
18711,ἀπόλωνται,1,1,0
18712,σαόφρονα,1,1,0
18713,μυθήσαιο,1,1,0
18714,πτολεμίξω,1,1,0
18715,δειλῶν,3,1,2
18716,ζαφλεγέες,1,1,0
18717,τελέθουσιν,2,1,1
18718,φθινύθουσιν,4,1,3
18719,παυώμεσθα,1,1,0
18720,δηριαάσθων,1,1,0
18721,αἴδετο,4,1,3
18722,πατροκασιγνήτοιο,1,1,0
18723,νείκεσε,1,1,0
18724,ἀγροτέρη,1,1,0
18725,ἐπέτρεψας,1,1,0
18726,νηπύτιε,1,1,0
18727,ἀνεμώλιον,1,1,0
18728,ἀκούσω,7,1,6
18729,εὐχομένου,1,1,0
18730,ἰοχέαιραν,1,1,0
18731,τοξοφόρῳ,1,1,0
18732,θῆρας,2,1,1
18733,ἀγροτέρας,3,1,2
18734,ἐλάφους,2,1,1
18735,κρείσσοσιν,1,1,0
18736,φερτέρη,1,1,0
18737,ἀντιφερίζεις,1,1,0
18738,ἔθεινε,1,1,0
18739,μειδιόωσα,1,1,0
18740,ἐντροπαλιζομένην,1,1,0
18741,ἔκπιπτον,1,1,0
18742,πέλεια,1,1,0
18743,ἴρηκος,1,1,0
18744,εἰσέπτατο,1,1,0
18745,πέτρην,5,1,4
18746,χηραμόν,1,1,0
18747,ἁλώμεναι,1,1,0
18748,διάκτορος,13,7,6
18749,πληκτίζεσθ,1,1,0
18750,νικῆσαι,2,1,1
18751,κρατερῆφι,3,1,2
18752,συναίνυτο,1,1,0
18753,πεπτεῶτ,1,1,0
18754,θυγατέρος,2,1,1
18755,ἑανός,1,1,0
18756,ἀνείρετο,2,1,1
18757,ἐϋστέφανος,2,1,1
18758,μέμβλετο,2,1,1
18759,ἐϋδμήτοιο,1,1,0
18760,πέρσειαν,1,1,0
18761,κυδιόωντες,1,1,0
18762,κελαινεφεῖ,1,1,0
18763,ὄλεκεν,1,1,0
18764,γίγνεθ,1,1,0
18765,ἀγακλειτούς,1,1,0
18766,πυλαωρούς,2,2,0
18767,πεπταμένας,1,1,0
18768,ἔλθωσι,3,1,2
18769,λοίγι,2,2,0
18770,ἀναπνεύσωσιν,1,1,0
18771,ἀλέντες,1,1,0
18772,ἐπανθέμεναι,1,1,0
18773,ἅληται,1,1,0
18774,ἄνεσάν,1,1,0
18775,ἀπῶσαν,1,1,0
18776,ὀχῆας,4,2,2
18777,πετασθεῖσαι,1,1,0
18778,τεῦξαν,2,1,1
18779,ἐξέθορε,1,1,0
18780,δίψῃ,1,1,0
18781,καρχαλέοι,1,1,0
18782,κεκονιμένοι,1,1,0
18783,κεκάλυπτο,1,1,0
18784,πόρφυρε,4,1,3
18785,φεύγω,4,2,2
18786,αἱρήσει,2,2,0
18787,δειροτομήσει,1,1,0
18788,τούτους,5,1,4
18789,ὑποκλονέεσθαι,1,1,0
18790,Ἰλήϊον,1,1,0
18791,κνημούς,4,2,2
18792,ἑσπέριος,6,1,5
18793,λοεσσάμενος,1,1,0
18794,ἀποψυχθείς,1,1,0
18795,ἀπονεοίμην,1,1,0
18796,ἀπαειρόμενον,1,1,0
18797,μεταΐξας,3,1,2
18798,μάρψῃ,1,1,0
18799,πόλεος,1,1,0
18800,κατεναντίον,1,1,0
18801,ἔλθω,6,2,4
18802,τρωτός,1,1,0
18803,ὁρμᾶτο,1,1,0
18804,πάρδαλις,2,1,1
18805,ὑλαγμόν,1,1,0
18806,φθάμενός,1,1,0
18807,οὐτάσῃ,1,1,0
18808,βάλῃσιν,1,1,0
18809,πεπαρμένη,1,1,0
18810,ξυμβλήμεναι,1,1,0
18811,πειρήσαιτ,1,1,0
18812,ἔολπας,1,1,0
18813,πέρσειν,1,1,0
18814,υἱῶν,3,2,1
18815,εἰρυόμεσθα,1,1,0
18816,ἐφέψεις,1,1,0
18817,θαρσαλέος,3,1,2
18818,ἀφῆκε,1,1,0
18819,γούνατος,1,1,0
18820,κνημίς,1,1,0
18821,νεοτεύκτου,1,1,0
18822,ὄρουσε,1,1,0
18823,βλημένου,4,1,3
18824,ἐπέρησε,1,1,0
18825,ὁρμήσατ,1,1,0
18826,ἔασεν,2,2,0
18827,ἐξήρπαξε,1,1,0
18828,ἡσύχιον,1,1,0
18829,ἔκπεμπε,1,1,0
18830,ἀποέργαθε,1,1,0
18831,Ἀγήνορι,1,1,0
18832,διώκετο,2,1,1
18833,τρέψας,2,2,0
18834,βαθυδινήεντα,1,1,0
18835,ὑπεκπροθέοντα,1,1,0
18836,ἔλποιτο,1,1,0
18837,ἀσπάσιοι,4,1,3
18838,ἔμπλητο,1,1,0
18839,ἀλέντων,2,2,0
18840,ἔτλαν,1,1,0
18841,πεφεύγοι,1,1,0
18842,ἔθαν,2,1,1
18843,σαώσαι,3,1,2
18844,πίον,2,1,1
18845,καλῇσιν,1,1,0
18846,ἐπάλξεσιν,1,1,0
18847,ὀλοιή,1,1,0
18848,πέδησεν,1,1,0
18849,Σκαιάων,1,1,0
18850,Πηλείωνα,1,1,0
18851,διώκεις,1,1,0
18852,ἐφόβησας,1,1,0
18853,ἄλεν,1,1,0
18854,λιάσθης,1,1,0
18855,κτενέεις,1,1,0
18856,μόρσιμός,1,1,0
18857,ἔβλαψάς,1,1,0
18858,ὀλοώτατε,1,1,0
18859,εἷλον,3,1,2
18860,εἰσαφικέσθαι,3,1,2
18861,ἀφείλεο,1,1,0
18862,σάωσας,1,1,0
18863,τίσιν,1,1,0
18864,ἔδεισας,2,2,0
18865,τισαίμην,2,1,1
18866,παρείη,3,1,2
18867,σευάμενος,1,1,0
18868,ἀεθλοφόρος,1,1,0
18869,θέῃσι,1,1,0
18870,τιταινόμενος,3,2,1
18871,παμφαίνονθ,1,1,0
18872,ὀπώρης,1,1,0
18873,φαίνονται,3,1,2
18874,ἀστράσι,2,2,0
18875,κύν,2,1,1
18876,λαμπρότατος,1,1,0
18877,πυρετόν,1,1,0
18878,κόψατο,1,1,0
18879,ἐγεγώνει,3,2,1
18880,ἄνευθ,5,2,3
18881,αἴθε,3,1,2
18882,τοσσόνδε,3,1,2
18883,ἔδοιεν,2,1,1
18884,εὖνιν,2,1,1
18885,περνάς,1,1,0
18886,Λυκάονα,1,1,0
18887,κρείουσα,1,1,0
18888,ἀπολυσόμεθ,1,1,0
18889,ὀνομάκλυτος,1,1,0
18890,Ἄλτης,1,1,0
18891,τεκόμεσθα,3,1,2
18892,μινυνθαδιώτερον,1,1,0
18893,εἰσέρχεο,1,1,0
18894,ὀρέξῃς,1,1,0
18895,αἰῶνος,2,2,0
18896,ἀμερθῇς,1,1,0
18897,δύστηνον,11,1,10
18898,δύσμορον,2,1,1
18899,γήραος,5,2,3
18900,οὐδῷ,4,2,2
18901,ἐπιδόντα,1,1,0
18902,υἷάς,1,1,0
18903,ἑλκηθείσας,1,1,0
18904,θύγατρας,3,1,2
18905,θαλάμους,2,1,1
18906,κεραϊζομένους,1,1,0
18907,βαλλόμενα,1,1,0
18908,ἑλκομένας,1,1,0
18909,νυούς,1,1,0
18910,ὀλοῇς,1,1,0
18911,πύματόν,3,2,1
18912,ἐρύουσιν,1,1,0
18913,τραπεζῆας,1,1,0
18914,θυραωρούς,1,1,0
18915,πιόντες,1,1,0
18916,ἀλύσσοντες,1,1,0
18917,κείσοντ,1,1,0
18918,ἐπέοικεν,4,2,2
18919,ἄρηϊ,1,1,0
18920,κταμένῳ,1,1,0
18921,δεδαϊγμένῳ,1,1,0
18922,γένειον,3,2,1
18923,αἰσχύνωσι,1,1,0
18924,οἴκτιστον,3,1,2
18925,πολιάς,1,1,0
18926,τίλλων,1,1,0
18927,ἀνιεμένη,1,1,0
18928,χέουσ,1,1,0
18929,λαθικηδέα,1,1,0
18930,ἐπέσχον,1,1,0
18931,κατακτάνῃ,1,1,0
18932,κλαύσομαι,1,1,0
18933,θάλος,2,1,1
18934,κατέδονται,2,1,1
18935,λισσομένω,1,1,0
18936,χειῇ,2,2,0
18937,ὀρέστερος,1,1,0
18938,μένῃσι,1,1,0
18939,βεβρωκώς,2,1,1
18940,δέδορκεν,1,1,0
18941,ἑλισσόμενος,1,1,0
18942,ἄσβεστον,4,1,3
18943,προὔχοντι,2,1,1
18944,ἐρείσας,4,2,2
18945,ἐλεγχείην,3,2,1
18946,ἀναθήσει,1,1,0
18947,ἡγήσασθαι,3,1,2
18948,νύχθ,1,1,0
18949,κακώτερος,3,1,2
18950,ἧφι,2,1,1
18951,ἐρέουσιν,2,1,1
18952,ἐϋκλειῶς,1,1,0
18953,καταθείομαι,2,1,1
18954,ὀμφαλόεσσαν,1,1,0
18955,ὑπόσχωμαι,1,1,0
18956,νείκεος,1,1,0
18957,ἀποδάσσεσθαι,1,1,0
18958,πτόλις,2,1,1
18959,κέκευθε,2,1,1
18960,κατακρύψειν,1,1,0
18961,ἐλεήσει,2,2,0
18962,κτενέει,3,3,0
18963,δρυός,8,2,6
18964,ὀαριζέμεναι,1,1,0
18965,ἠΐθεός,2,2,0
18966,ὀαρίζετον,1,1,0
18967,ξυνελαυνέμεν,1,1,0
18968,κορυθάϊκι,1,1,0
18969,πτολεμιστῇ,1,1,0
18970,ἐλάμπετο,1,1,0
18971,αἰθομένου,1,1,0
18972,κίρκος,3,1,2
18973,ἐλαφρότατος,3,2,1
18974,οἴμησε,2,2,0
18975,τρήρωνα,5,4,1
18976,πέλειαν,6,4,2
18977,λεληκώς,1,1,0
18978,ταρφέ,2,1,1
18979,ἐπαΐσσει,1,1,0
18980,ἠνεμόεντα,2,1,1
18981,ἀμαξιτόν,1,1,0
18982,κρουνώ,1,1,0
18983,καλλιρρόω,1,1,0
18984,πηγαί,1,1,0
18985,ἀναΐσσουσι,1,1,0
18986,ἑτέρη,2,1,1
18987,θέρεϊ,1,1,0
18988,προρέει,1,1,0
18989,χαλάζῃ,1,1,0
18990,χιόνι,1,1,0
18991,ψυχρῇ,1,1,0
18992,κρυστάλλῳ,1,1,0
18993,πλυνοί,3,1,2
18994,εὐρέες,3,1,2
18995,λαΐνεοι,1,1,0
18996,πλύνεσκον,1,1,0
18997,καλαί,7,2,5
18998,παραδραμέτην,1,1,0
18999,ἔφευγε,1,1,0
19000,ἱερήϊον,2,1,1
19001,ἀρνύσθην,1,1,0
19002,ἀεθλοφόροι,1,1,0
19003,τέρματα,1,1,0
19004,τρωχῶσι,1,1,0
19005,ἄεθλον,27,14,13
19006,τρίπος,1,1,0
19007,δινηθήτην,1,1,0
19008,διωκόμενον,1,1,0
19009,ἔκηεν,1,1,0
19010,διώκει,1,1,0
19011,μητιάασθε,1,1,0
19012,δαμάσσομεν,1,1,0
19013,ἔρξον,4,1,3
19014,ὄρσας,4,1,3
19015,λάθῃσι,2,1,1
19016,καταπτήξας,1,1,0
19017,ἀνιχνεύων,1,1,0
19018,εὕρῃ,2,1,1
19019,ἀΐξασθαι,1,1,0
19020,ἐϋδμήτους,2,1,1
19021,ἀλάλκοιεν,2,1,1
19022,ἀποστρέψασκε,2,1,1
19023,παραφθάς,1,1,0
19024,ὀνείρῳ,5,1,4
19025,ὑποφεύγειν,1,1,0
19026,μάρψαι,1,1,0
19027,ὑπεξέφυγεν,1,1,0
19028,ἤντετ,1,1,0
19029,ἱέμεναι,1,1,0
19030,πικρά,1,1,0
19031,κρουνούς,1,1,0
19032,νῶι,9,1,8
19033,οἴσεσθαι,1,1,0
19034,Ἀχαιοῖσι,1,1,0
19035,δῃώσαντε,1,1,0
19036,ἄατόν,1,1,0
19037,προπροκυλινδόμενος,2,1,1
19038,στῆθι,3,2,1
19039,ἄμπνυε,1,1,0
19040,οἰχομένη,2,1,1
19041,πεπιθήσω,1,1,0
19042,μελίης,1,1,0
19043,χαλκογλώχινος,1,1,0
19044,ἐρεισθείς,2,1,1
19045,ἔλειπε,3,1,2
19046,Δηϊφόβῳ,1,1,0
19047,γνωτῶν,1,1,0
19048,τιμήσασθαι,1,1,0
19049,μένουσι,2,1,1
19050,λίσσονθ,1,1,0
19051,γουνούμενοι,1,1,0
19052,ὑποτρομέουσιν,1,1,0
19053,δούρων,2,1,1
19054,φειδωλή,1,1,0
19055,φέρηται,2,1,1
19056,δαμήῃ,1,1,0
19057,κερδοσύνῃ,2,1,1
19058,φοβήσομαι,1,1,0
19059,δίον,1,1,0
19060,ἕλοιμί,1,1,0
19061,ἁλοίην,1,1,0
19062,ἐπιδώμεθα,1,1,0
19063,ἐπίσκοποι,1,1,0
19064,ἁρμονιάων,1,1,0
19065,ἀεικιῶ,1,1,0
19066,καμμονίην,2,2,0
19067,ἀφέλωμαι,1,1,0
19068,συλήσω,1,1,0
19069,ῥέζειν,3,1,2
19070,ἄλαστε,1,1,0
19071,συνημοσύνας,1,1,0
19072,λέουσι,1,1,0
19073,ὁμόφρονα,1,1,0
19074,φρονέουσι,2,1,1
19075,φιλήμεναι,1,1,0
19076,παντοίης,1,1,0
19077,μιμνήσκεο,2,1,1
19078,ὑπάλυξις,1,1,0
19079,δαμάᾳ,1,1,0
19080,ἀθρόα,2,1,1
19081,ἀποτίσεις,1,1,0
19082,ἔκτανες,1,1,0
19083,προϊδών,3,1,2
19084,ἠείδης,1,1,0
19085,ἔφης,2,2,0
19086,ἀρτιεπής,1,1,0
19087,ἐπίκλοπος,3,1,2
19088,ὑποδείσας,3,1,2
19089,πήξεις,1,1,0
19090,ἄλευαι,1,1,0
19091,κομίσαιο,1,1,0
19092,ἐλαφρότερος,1,1,0
19093,καταφθιμένοιο,2,1,1
19094,ἀπεπλάγχθη,1,1,0
19095,κατηφήσας,1,1,0
19096,Δηΐφοβον,2,2,0
19097,ἐκάλει,2,1,1
19098,λευκάσπιδα,1,1,0
19099,ᾔτεέ,1,1,0
19100,παρεῖναι,4,1,3
19101,ἐξαπάτησεν,2,1,1
19102,ἀλέη,2,1,1
19103,πρόφρονες,1,1,0
19104,ἀκλειῶς,3,1,2
19105,ἀπολοίμην,2,1,1
19106,εἰρύσσατο,2,1,1
19107,οἴμησεν,2,1,1
19108,ὑψιπετήεις,2,1,1
19109,ἐρεβεννῶν,1,1,0
19110,ἁρπάξων,1,1,0
19111,ἀμαλήν,1,1,0
19112,πτῶκα,1,1,0
19113,ἐμπλήσατο,2,1,1
19114,ἐπένευε,1,1,0
19115,φαεινῇ,3,1,2
19116,τετραφάλῳ,1,1,0
19117,ἕσπερος,3,1,2
19118,ἀπέλαμπ,1,1,0
19119,εὐήκεος,1,1,0
19120,ἐνάριξε,1,1,0
19121,κληῗδες,1,1,0
19122,λαυκανίην,1,1,0
19123,μεμαῶτ,1,1,0
19124,ἀσφάραγον,1,1,0
19125,προτιείποι,1,1,0
19126,κονίῃς,2,2,0
19127,Πατροκλῆ,1,1,0
19128,ἐξεναρίζων,1,1,0
19129,ὀπίζεο,1,1,0
19130,ἀοσσητήρ,1,1,0
19131,λελείμμην,1,1,0
19132,ἔλυσα,3,2,1
19133,ἑλκήσουσ,1,1,0
19134,ἀϊκῶς,1,1,0
19135,κτεριοῦσιν,1,1,0
19136,καταδάψαι,1,1,0
19137,γουνάζεο,1,1,0
19138,ἀνήη,1,1,0
19139,ὤμ,1,1,0
19140,ἀποταμνόμενον,1,1,0
19141,ἀπαλάλκοι,1,1,0
19142,εἰκοσινήριτ,1,1,0
19143,στήσωσ,1,1,0
19144,ὑπόσχωνται,1,1,0
19145,ἐρύσασθαι,1,1,0
19146,δάσονται,2,1,1
19147,καταθνῄσκων,1,1,0
19148,προτιόσσομαι,1,1,0
19149,πείσειν,1,1,0
19150,σιδήρεος,2,1,1
19151,μήνιμα,2,1,1
19152,ὀλέσωσιν,1,1,0
19153,τέθναθι,1,1,0
19154,νεκροῖο,3,3,0
19155,ἔθηχ,1,1,0
19156,αἱματόεντ,1,1,0
19157,περίδραμον,1,1,0
19158,ἀγητόν,2,1,1
19159,ἀνουτητί,1,1,0
19160,μαλακώτερος,1,1,0
19161,ἀμφαφάασθαι,3,1,2
19162,οὐτήσασκε,1,1,0
19163,δαμάσασθαι,2,2,0
19164,ἔρρεξεν,1,1,0
19165,σύμπαντες,2,1,1
19166,πειρηθῶμεν,2,1,1
19167,γνῶμεν,1,1,0
19168,καταλείψουσιν,1,1,0
19169,μεμάασι,3,1,2
19170,ἐόντος,16,3,13
19171,ἄκλαυτος,1,1,0
19172,ἄθαπτος,1,1,0
19173,ἐπιλήσομαι,1,1,0
19174,μετέω,1,1,0
19175,καταλήθοντ,1,1,0
19176,μεμνήσομ,1,1,0
19177,ἄγωμεν,1,1,0
19178,ἠράμεθα,1,1,0
19179,τέτρηνε,1,1,0
19180,πτέρνης,1,1,0
19181,βοέους,1,1,0
19182,ἐξῆπτεν,1,1,0
19183,ἱμάντας,2,2,0
19184,ἔδησε,3,1,2
19185,ἕλκεσθαι,2,2,0
19186,μάστιξέν,1,1,0
19187,ἑλκομένοιο,1,1,0
19188,πίτναντο,1,1,0
19189,ἀεικίσσασθαι,1,1,0
19190,κεκόνιτο,1,1,0
19191,τίλλε,2,1,1
19192,λιπαρήν,1,1,0
19193,ἔρριψε,6,3,3
19194,καλύπτρην,3,1,2
19195,κώκυσεν,3,2,1
19196,ἐσιδοῦσα,1,1,0
19197,κωκυτῷ,1,1,0
19198,εἴχοντο,1,1,0
19199,οἰμωγῇ,2,2,0
19200,ἅπασα,1,1,0
19201,ὀφρυόεσσα,1,1,0
19202,σμύχοιτο,1,1,0
19203,ἀσχαλόωντα,1,1,0
19204,ἐλλιτάνευε,1,1,0
19205,κόπρον,3,2,1
19206,ἐξονομακλήδην,2,1,1
19207,σχέσθε,2,1,1
19208,ἐάσατε,3,1,2
19209,ἐξελθόντα,1,1,0
19210,ἱκέσθ,1,1,0
19211,λίσσωμ,1,1,0
19212,ὀβριμοεργόν,1,1,0
19213,αἰδέσσεται,1,1,0
19214,τόσσους,3,2,1
19215,τηλεθάοντας,1,1,0
19216,ὀδύρομαι,6,1,5
19217,κατοίσεται,1,1,0
19218,ἐμῇσι,3,1,2
19219,κορεσσάμεθα,1,1,0
19220,κλαίοντέ,1,1,0
19221,δυσάμμορος,1,1,0
19222,πολῖται,3,1,2
19223,βείομαι,1,1,0
19224,παθοῦσα,1,1,0
19225,ἀποτεθνηῶτος,1,1,0
19226,πελέσκεο,1,1,0
19227,πᾶσί,1,1,0
19228,ὄνειαρ,4,2,2
19229,ἔησθα,3,1,2
19230,ἐτήτυμος,3,1,2
19231,ἤγγειλ,1,1,0
19232,δόμου,13,3,10
19233,θρόνα,1,1,0
19234,ἀμφιπόλοισιν,5,1,4
19235,ἐϋπλοκάμοις,1,1,0
19236,πέλοιτο,3,2,1
19237,νοστήσαντι,4,1,3
19238,δάμασε,1,1,0
19239,κωκυτοῦ,1,1,0
19240,οἰμωγῆς,1,1,0
19241,ἐλελίχθη,3,1,2
19242,κερκίς,1,1,0
19243,ἐϋπλοκάμοισι,1,1,0
19244,ἕπεσθον,1,1,0
19245,ἴδωμ,1,1,0
19246,ὅτιν,1,1,0
19247,αἰδοίης,1,1,0
19248,ἑκυρῆς,1,1,0
19249,πάλλεται,1,1,0
19250,πήγνυται,1,1,0
19251,ἀποτμήξας,1,1,0
19252,καταπαύσῃ,1,1,0
19253,ἀγηνορίης,1,1,0
19254,ἔχεσκ,1,1,0
19255,πληθυῖ,3,1,2
19256,προθέεσκε,2,1,1
19257,οὐδενί,2,1,1
19258,μαινάδι,1,1,0
19259,παλλομένη,1,1,0
19260,πύργόν,1,1,0
19261,παπτήνασ,1,1,0
19262,ἀκηδέστως,2,2,0
19263,ἐκάπυσσε,1,1,0
19264,δέσματα,2,1,1
19265,ἄμπυκα,1,1,0
19266,κεκρύφαλόν,1,1,0
19267,πλεκτήν,3,1,2
19268,ἀναδέσμην,1,1,0
19269,κρήδεμνόν,1,1,0
19270,χρυσῆ,1,1,0
19271,ἠγάγεθ,1,1,0
19272,εἰνατέρες,1,1,0
19273,ἀτυζομένην,1,1,0
19274,ἀμβλήδην,1,1,0
19275,δύστηνος,4,1,3
19276,γεινόμεθ,1,1,0
19277,δύσμορος,3,1,2
19278,αἰνόμορον,1,1,0
19279,τεκέσθαι,3,1,2
19280,κεύθεσι,2,1,1
19281,λείπεις,2,2,0
19282,τέκομεν,2,2,0
19283,δυσάμμοροι,2,2,0
19284,θάνες,2,1,1
19285,ἔσσοντ,1,1,0
19286,ἀπουρίσσουσιν,1,1,0
19287,παναφήλικα,1,1,0
19288,ὑπεμνήμυκε,1,1,0
19289,δεδάκρυνται,3,1,2
19290,δευόμενος,1,1,0
19291,ἄνεισι,2,2,0
19292,χλαίνης,1,1,0
19293,ἐρύων,1,1,0
19294,ἐλεησάντων,1,1,0
19295,χείλεα,5,1,4
19296,ἐδίην,1,1,0
19297,ὑπερῴην,1,1,0
19298,ἐδίηνε,1,1,0
19299,ἀμφιθαλής,1,1,0
19300,δαιτύος,1,1,0
19301,ὀνειδείοισιν,1,1,0
19302,ἐνίσσων,2,2,0
19303,ἔρρ,3,2,1
19304,μεταδαίνυται,1,1,0
19305,δακρυόεις,1,1,0
19306,Ἀστυάναξ,2,2,0
19307,μυελόν,3,1,2
19308,ἔδεσκε,1,1,0
19309,παύσαιτό,1,1,0
19310,νηπιαχεύων,1,1,0
19311,εὕδεσκ,1,1,0
19312,λέκτροισιν,1,1,0
19313,θαλέων,1,1,0
19314,ἐμπλησάμενος,1,1,0
19315,ἁμαρτών,2,2,0
19316,ἔρυσο,1,1,0
19317,αἰόλαι,1,1,0
19318,εὐλαί,2,2,0
19319,κορέσωνται,2,1,1
19320,εἵματ,21,2,19
19321,κέονται,3,1,2
19322,λεπτά,3,1,2
19323,τετυγμένα,7,1,6
19324,καταφλέξω,1,1,0
19325,ἐγκείσεαι,1,1,0
19326,ἀποσκίδνασθαι,1,1,0
19327,λυώμεθα,1,1,0
19328,κλαίωμεν,2,2,0
19329,τεταρπώμεσθα,3,2,1
19330,λυσάμενοι,1,1,0
19331,δορπήσομεν,1,1,0
19332,ᾤμωξαν,1,1,0
19333,ἐΰτριχας,3,3,0
19334,ψάμαθοι,1,1,0
19335,πόθεον,1,1,0
19336,χαῖρέ,4,2,2
19337,δόμοισι,8,3,5
19338,τελέω,4,2,2
19339,ἐρύσας,3,2,1
19340,ὠμά,4,1,3
19341,ἀποδειροτομήσειν,1,1,0
19342,τανύσσας,1,1,0
19343,ἀφωπλίζοντο,1,1,0
19344,λύον,3,2,1
19345,ὑψηχέας,1,1,0
19346,τάφον,6,4,2
19347,ὀρέχθεον,1,1,0
19348,σφαζόμενοι,1,1,0
19349,ἀργιόδοντες,3,1,2
19350,ὕες,2,1,1
19351,κοτυλήρυτον,1,1,0
19352,παρπεπιθόντες,2,1,1
19353,κέλευσαν,2,1,1
19354,λούσασθαι,2,1,1
19355,καρήατος,1,1,0
19356,χεῦαι,3,1,2
19357,κείρασθαί,2,1,1
19358,ἵξετ,2,1,1
19359,ζωοῖσι,3,1,2
19360,μετείω,1,1,0
19361,στυγερῇ,3,1,2
19362,ἀξέμεναι,2,1,1
19363,ἐπιφλέγῃ,1,1,0
19364,τράπωνται,1,1,0
19365,ἐφοπλίσσαντες,2,1,1
19366,κλύζεσκον,1,1,0
19367,λύων,3,1,2
19368,μελεδήματα,5,1,4
19369,τοῖα,2,1,1
19370,ἕστο,8,1,7
19371,ἀκήδεις,1,1,0
19372,θάπτέ,1,1,0
19373,περήσω,1,1,0
19374,τῆλέ,1,1,0
19375,εἴργουσι,1,1,0
19376,εἴδωλα,3,1,2
19377,καμόντων,3,1,2
19378,μίσγεσθαι,2,1,1
19379,ἐῶσιν,1,1,0
19380,ἀλάλημαι,2,1,1
19381,εὐρυπυλές,2,1,1
19382,ὀλοφύρομαι,1,1,0
19383,νίσομαι,1,1,0
19384,λελάχητε,1,1,0
19385,ἑζόμενοι,11,1,10
19386,ἀμφέχανε,1,1,0
19387,στυγερή,3,1,2
19388,λάχε,1,1,0
19389,γιγνόμενόν,1,1,0
19390,εὐηφενέων,1,1,0
19391,ἐφήσομαι,1,1,0
19392,τιθήμεναι,2,2,0
19393,ἐτράφημεν,1,1,0
19394,ὑμετέροισι,3,1,2
19395,Ὀπόεντος,1,1,0
19396,ὑμέτερόνδ,1,1,0
19397,κατέκτανον,3,1,2
19398,Ἀμφιδάμαντος,1,1,0
19399,ἀστραγάλοισι,1,1,0
19400,δώμασιν,6,3,3
19401,ἔτραφέ,1,1,0
19402,ἐνδυκέως,20,4,16
19403,ὁμή,1,1,0
19404,σορός,1,1,0
19405,ἀμφικαλύπτοι,1,1,0
19406,ἀμφιφορεύς,1,1,0
19407,ἠθείη,1,1,0
19408,ἕκαστ,2,2,0
19409,ἐκτελέω,1,1,0
19410,ἀμφιβαλόντε,1,1,0
19411,ὠρέξατο,1,1,0
19412,φίλῃσιν,3,1,2
19413,τετριγυῖα,1,1,0
19414,συμπλατάγησεν,1,1,0
19415,παννυχίη,2,1,1
19416,ἔϊκτο,1,1,0
19417,θέσκελον,1,1,0
19418,μυρομένοισι,1,1,0
19419,οὐρῆάς,1,1,0
19420,ἀξέμεν,3,3,0
19421,κλισιῶν,1,1,0
19422,ὑλοτόμους,1,1,0
19423,πελέκεας,6,4,2
19424,σειράς,1,1,0
19425,εὐπλέκτους,1,1,0
19426,οὐρῆες,1,1,0
19427,ἄναντα,1,1,0
19428,κάταντα,1,1,0
19429,πάραντά,1,1,0
19430,δόχμιά,1,1,0
19431,προσέβαν,2,1,1
19432,ὑψικόμους,1,1,0
19433,τάμνον,3,1,2
19434,κτυπέουσαι,1,1,0
19435,διαπλήσσοντες,1,1,0
19436,ἔκδεον,1,1,0
19437,δατεῦντο,2,1,1
19438,ἐλδόμεναι,1,1,0
19439,ὑλοτόμοι,1,1,0
19440,φιτρούς,2,1,1
19441,ἀκτῆς,5,1,4
19442,φράσσατο,2,2,0
19443,ἠρίον,1,1,0
19444,παρακάββαλον,1,1,0
19445,ἥατ,6,1,5
19446,ζεῦξαι,1,1,0
19447,ὄρνυντο,1,1,0
19448,τεύχεσσιν,1,1,0
19449,ἔδυνον,2,1,1
19450,δίφροισι,2,2,0
19451,παραιβάται,1,1,0
19452,ἡνίοχοί,1,1,0
19453,θριξί,1,1,0
19454,καταείνυσαν,1,1,0
19455,ἐπέβαλλον,1,1,0
19456,κειρόμενοι,1,1,0
19457,πέμπ,3,1,2
19458,ὅθί,1,1,0
19459,πέφραδ,6,1,5
19460,νήεον,3,3,0
19461,ἀπεκείρατο,1,1,0
19462,χαίτην,1,1,0
19463,τρέφε,3,1,2
19464,τηλεθόωσαν,1,1,0
19465,Σπερχεί,1,1,0
19466,κεῖσέ,4,2,2
19467,κερέειν,1,1,0
19468,ἔνορχα,1,1,0
19469,μῆλ,6,1,5
19470,ἱερεύσειν,1,1,0
19471,ὀπάσαιμι,1,1,0
19472,ὀδυρομένοισιν,3,1,2
19473,πονησόμεθ,1,1,0
19474,κήδεός,1,1,0
19475,μενόντων,2,2,0
19476,κηδεμόνες,2,2,0
19477,ποίησαν,7,4,3
19478,ἑκατόμπεδον,1,1,0
19479,πυρῇ,6,6,0
19480,ὑπάτῃ,2,2,0
19481,ἔδερόν,2,2,0
19482,δρατά,1,1,0
19483,σώματα,2,1,1
19484,νήει,1,1,0
19485,ἀμφιφορῆας,1,1,0
19486,λέχεα,1,1,0
19487,κλίνων,1,1,0
19488,ἐνέβαλλε,2,2,0
19489,τραπεζῆες,2,1,1
19490,δειροτομήσας,1,1,0
19491,σιδήρεον,4,1,3
19492,ἐσθίει,1,1,0
19493,δαπτέμεν,1,1,0
19494,ἄλαλκε,1,1,0
19495,ῥοδόεντι,1,1,0
19496,χρῖεν,1,1,0
19497,ἀποδρύφοι,2,2,0
19498,ἑλκυστάζων,2,2,0
19499,ἐπεῖχε,2,1,1
19500,σκήλει,1,1,0
19501,ἴνεσιν,1,1,0
19502,πυρή,1,1,0
19503,ἐκαίετο,1,1,0
19504,δοιοῖς,1,1,0
19505,ἠρᾶτ,1,1,0
19506,ὑπίσχετο,1,1,0
19507,δέπαϊ,6,2,4
19508,λιτάνευεν,2,1,1
19509,φλεγεθοίατο,1,1,0
19510,καήμεναι,2,2,0
19511,ἀΐουσα,2,1,1
19512,εἰλαπίνην,1,1,0
19513,βηλῷ,1,1,0
19514,λιθέῳ,1,1,0
19515,κάλεόν,1,1,0
19516,ἀνήνατο,2,1,1
19517,Αἰθιόπων,2,1,1
19518,ῥέζουσ,1,1,0
19519,ἀθανάτοις,4,2,2
19520,μεταδαίσομαι,1,1,0
19521,Βορέην,3,1,2
19522,Ζέφυρον,2,1,1
19523,κελαδεινόν,1,1,0
19524,ὑπίσχεται,3,1,2
19525,ὄρσητε,1,1,0
19526,ἀναστενάχουσιν,1,1,0
19527,κλονέοντε,1,1,0
19528,ἀήμεναι,2,1,1
19529,πεσέτην,1,1,0
19530,φλόγ,1,1,0
19531,φυσῶντες,1,1,0
19532,πάννυχος,2,1,1
19533,ἀφυσσόμενος,1,1,0
19534,χέε,3,1,2
19535,κικλήσκων,1,1,0
19536,ὀδύρεται,4,1,3
19537,νυμφίου,1,1,0
19538,δειλούς,1,1,0
19539,ἀκάχησε,1,1,0
19540,ἑρπύζων,2,1,1
19541,πυρκαϊήν,4,4,0
19542,ἁδινά,7,3,4
19543,ἑωσφόρος,1,1,0
19544,ὑπείρ,5,2,3
19545,κίδναται,1,1,0
19546,πυρκαϊή,1,1,0
19547,ἐμαραίνετο,1,1,0
19548,Θρηΐκιον,2,2,0
19549,ἔστενεν,1,1,0
19550,κλίνθη,1,1,0
19551,κεκμηώς,1,1,0
19552,ἐπερχομένων,1,1,0
19553,σβέσατ,1,1,0
19554,ὁπόσσον,2,2,0
19555,λέγωμεν,1,1,0
19556,διαγιγνώσκοντες,1,1,0
19557,ἀριφραδέα,2,1,1
19558,καίοντ,1,1,0
19559,φιάλῃ,1,1,0
19560,δίπλακι,1,1,0
19561,κεύθωμαι,1,1,0
19562,ἐπιεικέα,1,1,0
19563,δεύτεροι,2,2,0
19564,λίπησθε,1,1,0
19565,ποδώκεϊ,2,2,0
19566,σβέσαν,2,2,0
19567,κλαίοντες,4,1,3
19568,ἐνηέος,2,2,0
19569,ἄλλεγον,1,1,0
19570,φιάλην,2,2,0
19571,τορνώσαντο,1,1,0
19572,θεμείλιά,1,1,0
19573,χυτήν,2,1,1
19574,χεύαντες,3,2,1
19575,ἵζανεν,1,1,0
19576,ἔκφερ,3,3,0
19577,λέβητάς,1,1,0
19578,τρίποδάς,1,1,0
19579,ἡμιόνους,19,10,9
19580,ἴφθιμα,1,1,0
19581,ποδώκεσιν,1,1,0
19582,ἰδυῖαν,3,1,2
19583,ὠτώεντα,2,2,0
19584,δυωκαιεικοσίμετρον,1,1,0
19585,δευτέρῳ,2,2,0
19586,ἑξέτε,2,2,0
19587,βρέφος,1,1,0
19588,ἡμίονον,4,4,0
19589,κυέουσαν,1,1,0
19590,ἄπυρον,2,2,0
19591,λέβητα,2,1,1
19592,τέσσαρα,3,1,2
19593,κεχανδότα,2,1,1
19594,τετάρτῳ,1,1,0
19595,πέμπτῳ,2,1,1
19596,ἀμφίθετον,1,1,0
19597,ἀπύρωτον,1,1,0
19598,ὀρθός,10,8,2
19599,δεδεγμένα,1,1,0
19600,ἀεθλεύοιμεν,1,1,0
19601,ἴστε,3,1,2
19602,περιβάλλετον,1,1,0
19603,πόρ,1,1,0
19604,ἀπώλεσαν,1,1,0
19605,ἠπίου,2,1,1
19606,λοέσσας,1,1,0
19607,πενθείετον,1,1,0
19608,ἐρηρέδαται,2,2,0
19609,ἕστατον,2,2,0
19610,στέλλεσθε,1,1,0
19611,πέποιθε,3,1,2
19612,ἄγερθεν,1,1,0
19613,Ἀδμήτου,2,2,0
19614,Τρῳούς,1,1,0
19615,ὑπεξεσάωσεν,1,1,0
19616,Αἴθην,1,1,0
19617,Πόδαργον,1,1,0
19618,Ἐχέπωλος,1,1,0
19619,ἕποιθ,1,1,0
19620,τέρποιτο,1,1,0
19621,ναῖεν,4,1,3
19622,εὐρυχόρῳ,3,1,2
19623,Σικυῶνι,1,1,0
19624,ἰσχανόωσαν,1,1,0
19625,τέταρτος,1,1,0
19626,ὁπλίσαθ,2,2,0
19627,Πυλοιγενέες,1,1,0
19628,μυθεῖτ,1,1,0
19629,νοέοντι,4,1,3
19630,ἐφίλησαν,1,1,0
19631,ἱπποσύνας,1,1,0
19632,ἐδίδαξαν,1,1,0
19633,διδασκέμεν,1,1,0
19634,τέρμαθ,1,1,0
19635,ἑλισσέμεν,1,1,0
19636,βάρδιστοι,2,2,0
19637,ἀφάρτεροι,1,1,0
19638,παρεκπροφύγῃσιν,1,1,0
19639,μήτι,4,3,1
19640,κυβερνήτης,3,1,2
19641,οἴνοπι,7,1,6
19642,ἐρεχθομένην,1,1,0
19643,περιγίγνεται,1,1,0
19644,ἑλίσσεται,1,1,0
19645,πλανόωνται,1,1,0
19646,δρόμον,3,3,0
19647,κατίσχει,1,1,0
19648,κέρδεα,6,2,4
19649,ἐλαύνων,3,2,1
19650,ἥσσονας,1,1,0
19651,τέρμ,1,1,0
19652,στρέφει,1,1,0
19653,λήθει,2,1,1
19654,τανύσῃ,1,1,0
19655,βοέοισιν,1,1,0
19656,προὔχοντα,2,2,0
19657,ἀριφραδές,6,1,5
19658,λήσει,4,2,2
19659,ξύλον,1,1,0
19660,ὄργυι,1,1,0
19661,πεύκης,1,1,0
19662,καταπύθεται,1,1,0
19663,λᾶε,1,1,0
19664,ξυνοχῇσιν,1,1,0
19665,λεῖος,3,1,2
19666,ἱππόδρομος,1,1,0
19667,βροτοῖο,1,1,0
19668,νύσσα,1,1,0
19669,τέρματ,4,3,1
19670,ἐγχρίμψας,1,1,0
19671,κλινθῆναι,1,1,0
19672,ἐϋπλέκτῳ,1,1,0
19673,ἦκ,3,1,2
19674,κένσαι,1,1,0
19675,εἶξαί,1,1,0
19676,νύσσῃ,2,2,0
19677,ἀριστερός,2,1,1
19678,ἐγχριμφθήτω,1,1,0
19679,πλήμνη,1,1,0
19680,δοάσσεται,1,1,0
19681,κύκλου,1,1,0
19682,λίθου,1,1,0
19683,τρώσῃς,1,1,0
19684,ἄξῃς,1,1,0
19685,ἐλεγχείη,2,1,1
19686,πεφυλαγμένος,1,1,0
19687,παρεξελάσῃσθα,1,1,0
19688,ἕλῃσι,2,1,1
19689,παρέλθῃ,2,1,1
19690,Ἀρίονα,1,1,0
19691,ἐλαύνοι,1,1,0
19692,Ἀδρήστου,1,1,0
19693,ἔτραφεν,2,1,1
19694,Νηλήϊος,2,2,0
19695,πέμπτος,2,1,1
19696,πάλλ,1,1,0
19697,Νεστορίδαο,1,1,0
19698,κλειτός,1,1,0
19699,λάχ,2,2,0
19700,ὕστατος,3,1,2
19701,μεταστοιχί,2,2,0
19702,σήμηνε,2,2,0
19703,λείῳ,1,1,0
19704,Φοίνικα,1,1,0
19705,ὀπάονα,1,1,0
19706,μεμνέῳτο,1,1,0
19707,δρόμους,1,1,0
19708,ἀληθείην,9,2,7
19709,ἀποείποι,1,1,0
19710,μάστιγας,1,1,0
19711,πέπληγόν,1,1,0
19712,ὁμόκλησάν,1,1,0
19713,ταχέως,1,1,0
19714,ἐρρώοντο,1,1,0
19715,πίλνατο,1,1,0
19716,ἀΐξασκε,1,1,0
19717,ἐλατῆρες,1,1,0
19718,πάτασσε,1,1,0
19719,κέκλοντο,1,1,0
19720,τέλεον,2,2,0
19721,τάθη,1,1,0
19722,δρόμος,4,3,1
19723,ποδώκεες,1,1,0
19724,ἄρσενες,4,1,3
19725,ἐπιβησομένοισιν,1,1,0
19726,Εὐμήλοιο,1,1,0
19727,θέρμετ,1,1,0
19728,καταθέντε,1,1,0
19729,παρέλασσ,2,2,0
19730,ἀμφήριστον,2,2,0
19731,κοτέσσατο,1,1,0
19732,ἐβλάφθησαν,1,1,0
19733,κέντροιο,1,1,0
19734,θέοντες,1,1,0
19735,ἐλεφηράμενος,1,1,0
19736,λάθ,1,1,0
19737,κοτέουσ,1,1,0
19738,ἦξε,2,1,1
19739,δραμέτην,1,1,0
19740,ἐλύσθη,1,1,0
19741,ἀγκῶνάς,1,1,0
19742,περιδρύφθη,1,1,0
19743,θρυλίχθη,1,1,0
19744,παρατρέψας,2,2,0
19745,ἔμβητον,1,1,0
19746,κείνοισιν,4,1,3
19747,ἐριζέμεν,2,1,1
19748,ὤρεξε,2,2,0
19749,τάχος,1,1,0
19750,κιχάνετε,1,1,0
19751,λίπησθον,1,1,0
19752,καταχεύῃ,2,1,1
19753,Αἴθη,1,1,0
19754,λείπεσθε,1,1,0
19755,φέριστοι,1,1,0
19756,κομιδή,5,1,4
19757,ὔμμε,1,1,0
19758,κατακτενεῖ,1,1,0
19759,ἀποκηδήσαντε,1,1,0
19760,φερώμεθα,2,1,1
19761,χεῖρον,2,1,1
19762,τεχνήσομαι,1,1,0
19763,παραδύμεναι,1,1,0
19764,ἐπιδραμέτην,3,3,0
19765,ῥωχμός,1,1,0
19766,χειμέριον,1,1,0
19767,ἀλέν,1,1,0
19768,ἐξέρρηξεν,1,1,0
19769,βάθυνε,1,1,0
19770,ἁματροχιάς,1,1,0
19771,παρακλίνας,2,1,1
19772,ἐδίωκεν,1,1,0
19773,ἔδεισε,1,1,0
19774,ἱππάζεαι,1,1,0
19775,ἄνεχ,1,1,0
19776,στεινωπός,1,1,0
19777,εὐρυτέρη,1,1,0
19778,παρελάσσαι,1,1,0
19779,δηλήσεαι,1,1,0
19780,ἅρματι,1,1,0
19781,κέντρῳ,1,1,0
19782,ἐπισπέρχων,2,1,1
19783,δίσκου,1,1,0
19784,κατωμαδίοιο,1,1,0
19785,αἰζηός,1,1,0
19786,ἠρώησαν,1,1,0
19787,μεθέηκεν,1,1,0
19788,συγκύρσειαν,1,1,0
19789,ἀνστρέψειαν,1,1,0
19790,ἐϋπλεκέας,1,1,0
19791,ἔτυμόν,2,1,1
19792,πεπνῦσθαι,2,1,1
19793,οἴσῃ,1,1,0
19794,ἐρύκεσθον,1,1,0
19795,φθήσονται,1,1,0
19796,τούτοισι,3,1,2
19797,καμόντα,1,1,0
19798,ἀτέμβονται,1,1,0
19799,εἰσορόωντο,1,1,0
19800,ἐφράσαθ,2,1,1
19801,ἀγῶνος,3,3,0
19802,περιωπῇ,1,1,0
19803,φοῖνιξ,1,1,0
19804,περίτροχον,1,1,0
19805,μήνη,1,1,0
19806,αὐγάζομαι,1,1,0
19807,δοκέουσι,2,1,1
19808,παροίτεροι,1,1,0
19809,ἰνδάλλεται,3,1,2
19810,ἔβλαβεν,1,1,0
19811,φέρτεραι,1,1,0
19812,τέρμα,2,2,0
19813,βαλούσας,1,1,0
19814,παπταίνετον,1,1,0
19815,εἰσορόωντι,2,1,1
19816,δυνάσθη,1,1,0
19817,σχεθέειν,1,1,0
19818,ἐτύχησεν,1,1,0
19819,ἑλίξας,1,1,0
19820,ἐκπεσέειν,1,1,0
19821,ἐξηρώησαν,1,1,0
19822,ἴδεσθε,1,1,0
19823,διαγιγνώσκω,1,1,0
19824,ἱπποδάμου,1,1,0
19825,αἰσχρῶς,2,1,1
19826,λαβρεύεαι,2,2,0
19827,δίενται,1,1,0
19828,ἐκδέρκεται,1,1,0
19829,λαβραγόρην,1,1,0
19830,παροίτεραι,1,1,0
19831,Εὐμήλου,1,1,0
19832,εὔληρα,1,1,0
19833,κακοφραδές,1,1,0
19834,δεύεαι,1,1,0
19835,περιδώμεθον,1,1,0
19836,λέβητος,7,1,6
19837,ἴστορα,1,1,0
19838,ὁππότεραι,1,1,0
19839,γνώῃς,1,1,0
19840,ἀποτίνων,1,1,0
19841,ἀμείψασθαι,4,1,3
19842,ἀμείβεσθον,1,1,0
19843,κακοῖς,3,1,2
19844,νεμεσᾶτον,1,1,0
19845,τοιαῦτά,4,1,3
19846,ῥέζοι,6,1,5
19847,εἰσοράασθε,1,1,0
19848,ἐλεύσονται,2,1,1
19849,γνώσεσθε,2,2,0
19850,μάστι,1,1,0
19851,ἀειρέσθην,1,1,0
19852,κασσιτέρῳ,1,1,0
19853,ἐπέτρεχον,1,1,0
19854,ἁρματροχιή,1,1,0
19855,κατόπισθεν,2,1,1
19856,λεπτῇ,2,2,0
19857,σπεύδοντε,1,1,0
19858,λόφων,1,1,0
19859,κλῖνε,1,1,0
19860,μάτησεν,1,1,0
19861,ὑπερθύμοισι,2,1,1
19862,ἔλυεν,1,1,0
19863,κέρδεσιν,2,1,1
19864,τάχει,1,1,0
19865,παραφθάμενος,1,1,0
19866,τροχοῦ,1,1,0
19867,ἀφίσταται,1,1,0
19868,ἕλκῃσιν,1,1,0
19869,ψαύουσιν,1,1,0
19870,ἐπισσώτρου,1,1,0
19871,οὐραῖαι,1,1,0
19872,τρέχει,2,1,1
19873,χώρη,1,1,0
19874,λείπετ,3,3,0
19875,δίσκουρα,1,1,0
19876,ὀφέλλετο,2,1,1
19877,ἵππου,2,1,1
19878,Ἀγαμεμνονέης,1,1,0
19879,καλλίτριχος,1,1,0
19880,Αἴθης,1,1,0
19881,ἤκιστος,1,1,0
19882,πανύστατος,3,2,1
19883,ἕλκων,1,1,0
19884,πρόσσοθεν,1,1,0
19885,λοῖσθος,1,1,0
19886,ἐλαύνει,3,2,1
19887,δῶμεν,3,1,2
19888,ἀέθλιον,1,1,0
19889,δεύτερ,1,1,0
19890,φερέσθω,2,2,0
19891,δίκῃ,1,1,0
19892,ἠμείψατ,1,1,0
19893,κεχολώσομαι,1,1,0
19894,τελέσσῃς,1,1,0
19895,βλάβεν,1,1,0
19896,ὤφελεν,1,1,0
19897,οἰκτίρεις,1,1,0
19898,ἔστί,1,1,0
19899,αἰνήσωσιν,1,1,0
19900,πειρηθήτω,2,1,1
19901,Εὐμήλῳ,2,2,0
19902,ἐπιδοῦναι,1,1,0
19903,χεῦμα,1,1,0
19904,ἀμφιδεδίνηται,2,1,1
19905,σιωπῆσαί,1,1,0
19906,κέλευσεν,3,1,2
19907,Ἀντίλοχε,2,2,0
19908,πεπνυμένε,1,1,0
19909,ἔρεξας,2,1,1
19910,ᾔσχυνας,1,1,0
19911,βλάψας,1,1,0
19912,χείρονες,3,2,1
19913,δικάσσατε,1,1,0
19914,ψεύδεσσι,2,1,1
19915,βιησάμενος,1,1,0
19916,δικάσω,1,1,0
19917,ἐπιπλήξειν,1,1,0
19918,ἰθεῖα,1,1,0
19919,ῥαδινήν,1,1,0
19920,ἔλαυνες,1,1,0
19921,γαιήοχον,1,1,0
19922,ὄμνυθι,1,1,0
19923,πεδῆσαι,1,1,0
19924,ἄνσχεο,3,3,0
19925,νεώτερός,3,1,2
19926,οἷαι,1,1,0
19927,νέου,1,1,0
19928,ὑπερβασίαι,1,1,0
19929,κραιπνότερος,1,1,0
19930,ἀρόμην,1,1,0
19931,ἐπαιτήσειας,1,1,0
19932,σταχύεσσιν,1,1,0
19933,ἐέρση,3,1,2
19934,ληΐου,1,1,0
19935,ἀλδήσκοντος,1,1,0
19936,φρίσσουσιν,1,1,0
19937,ὑποείξομαι,1,1,0
19938,νίκησε,1,1,0
19939,νεοίη,1,1,0
19940,πάθες,3,1,2
19941,μόγησας,1,1,0
19942,ἐπιπείσομαι,1,1,0
19943,Νοήμονι,1,1,0
19944,λέβηθ,2,1,1
19945,ἀνάειρε,4,4,0
19946,τέτρατος,1,1,0
19947,πέμπτον,2,1,1
19948,ὑπελείπετ,1,1,0
19949,ἀμφίθετος,1,1,0
19950,φιάλη,1,1,0
19951,κειμήλιον,4,1,3
19952,τάφου,2,1,1
19953,μνῆμ,2,1,1
19954,ὄψῃ,1,1,0
19955,δίδωμι,3,1,2
19956,μαχήσεαι,1,1,0
19957,παλαίσεις,1,1,0
19958,ἀκοντιστύν,1,1,0
19959,ἐσδύσεαι,1,1,0
19960,θεύσεαι,1,1,0
19961,ἐπαΐσσονται,1,1,0
19962,ἐλαφραί,1,1,0
19963,κρείοντ,1,1,0
19964,Ἀμαρυγκέα,1,1,0
19965,θάπτον,2,1,1
19966,Βουπρασίῳ,1,1,0
19967,ἐνίκησα,1,1,0
19968,Κλυτομήδεα,1,1,0
19969,Ἀγκαῖον,1,1,0
19970,πάλῃ,2,1,1
19971,Πλευρώνιον,1,1,0
19972,Ἴφικλον,1,1,0
19973,παρέδραμον,1,1,0
19974,ὑπειρέβαλον,1,1,0
19975,Φυλῆά,1,1,0
19976,παρήλασαν,2,1,1
19977,μέγιστα,1,1,0
19978,δίδυμοι,1,1,0
19979,ἡνιόχευ,1,1,0
19980,ἀντιοώντων,1,1,0
19981,τοιούτων,1,1,0
19982,ἀέθλοισι,1,1,0
19983,κτερέϊζε,1,1,0
19984,δέχομαι,1,1,0
19985,μέμνησαι,1,1,0
19986,αἶνον,1,1,0
19987,ἐπέκλυε,1,1,0
19988,Νηλεΐδαο,1,1,0
19989,πυγμαχίης,2,2,0
19990,ταλαεργόν,2,2,0
19991,κατέδησ,1,1,0
19992,ἀλγίστη,1,1,0
19993,νικηθέντι,2,2,0
19994,τῶνδε,5,2,3
19995,κελεύομεν,2,2,0
19996,ἀνασχομένω,3,2,1
19997,νικηθείς,1,1,0
19998,οἴσεται,3,3,0
19999,Πανοπῆος,2,1,1
20000,Ἐπειός,7,5,2
20001,ἅψατο,1,1,0
20002,ἡμιόνου,1,1,0
20003,ταλαεργοῦ,1,1,0
20004,πυγμῇ,1,1,0
20005,νικήσαντ,1,1,0
20006,ἐπιδεύομαι,2,1,1
20007,πάντεσσ,1,1,0
20008,ἔργοισι,2,1,1
20009,δαήμονα,1,1,0
20010,ῥήξω,1,1,0
20011,ἀράξω,1,1,0
20012,ἐξοίσουσιν,1,1,0
20013,Μηκιστῆος,1,1,0
20014,δεδουπότος,1,1,0
20015,Οἰδιπόδαο,2,1,1
20016,ἀμφεπονεῖτο,2,1,1
20017,ζῶμα,2,1,1
20018,παρακάββαλεν,1,1,0
20019,ἐϋτμήτους,1,1,0
20020,ζωσαμένω,2,2,0
20021,χρόμαδος,1,1,0
20022,γενύων,1,1,0
20023,παπτήναντα,1,1,0
20024,ἑστήκειν,2,1,1
20025,ὑπήριπε,1,1,0
20026,φρικός,1,1,0
20027,ἀναπάλλεται,1,1,0
20028,θίν,1,1,0
20029,φυκιόεντι,1,1,0
20030,ἀνέπαλτ,1,1,0
20031,ὤρθωσε,1,1,0
20032,ἐφελκομένοισι,1,1,0
20033,πτύοντα,1,1,0
20034,βάλλονθ,1,1,0
20035,ἀλλοφρονέοντα,1,1,0
20036,τρίτα,1,1,0
20037,παλαισμοσύνης,1,1,0
20038,ἐμπυριβήτην,1,1,0
20039,δυωδεκάβοιον,1,1,0
20040,τεσσαράβοιον,1,1,0
20041,ἀέθλου,3,3,0
20042,πειρήσεσθον,1,1,0
20043,ἀμείβοντες,1,1,0
20044,τετρίγει,1,1,0
20045,ἑλκόμενα,1,1,0
20046,σμώδιγγες,1,1,0
20047,φοινικόεσσαι,1,1,0
20048,ἀνέδραμον,1,1,0
20049,σφῆλαι,1,1,0
20050,πελάσσαι,2,1,1
20051,ἀνίαζον,1,1,0
20052,ἀνάειρ,1,1,0
20053,δόλου,1,1,0
20054,κόψ,1,1,0
20055,κώληπα,1,1,0
20056,θηεῦντό,2,2,0
20057,θάμβησάν,2,2,0
20058,κίνησεν,1,1,0
20059,γνάμψεν,1,1,0
20060,ἀναΐξαντ,2,1,1
20061,ἐπάλαιον,1,1,0
20062,ἐρείδεσθον,1,1,0
20063,τρίβεσθε,1,1,0
20064,ἀνελόντες,2,1,1
20065,ἀεθλεύωσιν,1,1,0
20066,ἀπομορξαμένω,1,1,0
20067,δύσαντο,1,1,0
20068,ταχυτῆτος,1,1,0
20069,χάνδανεν,1,1,0
20070,Σιδόνες,1,1,0
20071,πολυδαίδαλοι,1,1,0
20072,ἤσκησαν,1,1,0
20073,Φοίνικες,3,1,2
20074,ἠεροειδέα,6,1,5
20075,στῆσαν,5,2,3
20076,λιμένεσσι,1,1,0
20077,ἡμιτάλαντον,2,2,0
20078,λοισθήϊ,1,1,0
20079,πειρήσεσθε,2,2,0
20080,νύσσης,2,1,1
20081,στήθεός,1,1,0
20082,κανών,1,1,0
20083,πηνίον,1,1,0
20084,ἐξέλκουσα,1,1,0
20085,μίτον,1,1,0
20086,ἀμφιχυθῆναι,1,1,0
20087,χέ,1,1,0
20088,ἀϋτμένα,1,1,0
20089,ἱεμένῳ,1,1,0
20090,ἐπαΐξασθαι,1,1,0
20091,ὄλισθε,1,1,0
20092,βλάψεν,1,1,0
20093,ὄνθος,1,1,0
20094,ἀποκταμένων,1,1,0
20095,πέφνεν,2,2,0
20096,ὄνθου,1,1,0
20097,βοέου,1,1,0
20098,κρητῆρ,1,1,0
20099,κέρας,3,2,1
20100,ὄνθον,1,1,0
20101,ἀποπτύων,1,1,0
20102,ἔβλαψε,1,1,0
20103,παρίσταται,3,1,2
20104,ἐπαρήγει,1,1,0
20105,λοισθήϊον,1,1,0
20106,εἰδόσιν,1,1,0
20107,τιμῶσι,1,1,0
20108,παλαιοτέρους,1,1,0
20109,ἐμεῖ,1,1,0
20110,προγενέστερός,1,1,0
20111,προτέρης,1,1,0
20112,ὠμογέροντα,1,1,0
20113,μίν,5,1,4
20114,ἐριδήσασθαι,1,1,0
20115,Ἀχιλλεῖ,1,1,0
20116,κύδηνεν,1,1,0
20117,μέλεος,1,1,0
20118,εἰρήσεται,2,1,1
20119,αἶνος,2,1,1
20120,ἐπιθήσω,1,1,0
20121,ἑλόντε,1,1,0
20122,ὁππότερός,1,1,0
20123,φθῇσιν,1,1,0
20124,ψαύσῃ,1,1,0
20125,ἐνδίνων,1,1,0
20126,φερέσθων,1,1,0
20127,ἀγαθήν,5,2,3
20128,παραθήσομεν,1,1,0
20129,δερκομένω,1,1,0
20130,ἐπήϊξαν,2,1,1
20131,χρό,1,1,0
20132,κῦρε,1,1,0
20133,περιδείσαντες,1,1,0
20134,παυσαμένους,1,1,0
20135,ἐκέλευσαν,1,1,0
20136,σόλον,3,3,0
20137,αὐτοχόωνον,1,1,0
20138,ῥίπτασκε,3,1,2
20139,ἀπόπροθι,6,1,5
20140,πίονες,1,1,0
20141,ἀγροί,1,1,0
20142,περιπλομένους,1,1,0
20143,χρεώμενος,1,1,0
20144,ἀτεμβόμενός,1,1,0
20145,σιδήρου,8,1,7
20146,ἀροτήρ,1,1,0
20147,παρέξει,1,1,0
20148,Λεοντῆος,1,1,0
20149,δινήσας,1,1,0
20150,γέλασαν,1,1,0
20151,ὑπέρβαλε,2,2,0
20152,καλαύροπα,1,1,0
20153,βουκόλος,5,1,4
20154,ἀγελαίας,2,1,1
20155,Πολυποίταο,1,1,0
20156,τοξευτῇσι,1,1,0
20157,ἰόεντα,1,1,0
20158,ἡμιπέλεκκα,3,3,0
20159,μηρίνθῳ,1,1,0
20160,τοξεύειν,1,1,0
20161,ἀειράμενος,1,1,0
20162,μηρίνθοιο,1,1,0
20163,ὄρνιθος,2,2,0
20164,Τεύκροιο,1,1,0
20165,λάχεν,1,1,0
20166,μέγηρε,1,1,0
20167,μήρινθον,2,2,0
20168,δέδετ,1,1,0
20169,παρείθη,1,1,0
20170,μήρινθος,1,1,0
20171,ἐξείρυσε,1,1,0
20172,εἶδε,3,1,2
20173,δινεύουσαν,1,1,0
20174,διῆλθε,2,1,1
20175,ἱστῷ,1,1,0
20176,ἐφεζομένη,1,1,0
20177,ἀπεκρέμασεν,1,1,0
20178,λίασθεν,1,1,0
20179,πτάτο,1,1,0
20180,λέβητ,1,1,0
20181,ἥμονες,1,1,0
20182,δυνάμει,1,1,0
20183,ἥμασιν,1,1,0
20184,πόρωμεν,1,1,0
20185,ἐθέλοις,5,1,4
20186,Ταλθυβίῳ,1,1,0
20187,λῦτο,1,1,0
20188,ἀγών,1,1,0
20189,ἐσκίδναντ,1,1,0
20190,μέδοντο,1,1,0
20191,γλυκεροῦ,1,1,0
20192,ταρπήμεναι,2,1,1
20193,κλαῖε,10,2,8
20194,ἑτάρου,1,1,0
20195,πανδαμάτωρ,2,1,1
20196,ἐστρέφετ,1,1,0
20197,ποθέων,2,1,1
20198,ἀνδροτῆτά,1,1,0
20199,ὁπόσα,1,1,0
20200,τολύπευσε,2,1,1
20201,πάθεν,3,1,2
20202,πτολέμους,4,1,3
20203,πείρων,4,1,3
20204,μιμνησκόμενος,1,1,0
20205,εἶβεν,2,1,1
20206,δινεύεσκ,1,1,0
20207,ἀλύων,2,1,1
20208,λήθεσκεν,1,1,0
20209,ἠϊόνας,1,1,0
20210,ζεύξειεν,1,1,0
20211,δησάσκετο,1,1,0
20212,παυέσκετο,1,1,0
20213,ἔασκεν,1,1,0
20214,κόνι,2,1,1
20215,προπρηνέα,2,1,1
20216,ἀεικείην,1,1,0
20217,ἄπεχε,1,1,0
20218,ἐλεαίρων,4,1,3
20219,αἰγίδι,1,1,0
20220,κάλυπτε,1,1,0
20221,ἀείκιζεν,1,1,0
20222,ἐλεαίρεσκον,1,1,0
20223,κλέψαι,3,3,0
20224,ὀτρύνεσκον,1,1,0
20225,ἐΰσκοπον,2,2,0
20226,ἀργεϊφόντην,5,3,2
20227,ἑήνδανεν,1,1,0
20228,νείκεσσε,2,1,1
20229,θεάς,1,1,0
20230,μέσσαυλον,2,1,1
20231,ᾔνησ,1,1,0
20232,μαχλοσύνην,1,1,0
20233,σχέτλιοί,2,1,1
20234,δηλήμονες,1,1,0
20235,ἔκηε,4,1,3
20236,ἔτλητε,1,1,0
20237,τέκεϊ,2,1,1
20238,λαοῖσί,1,1,0
20239,κήαιεν,1,1,0
20240,κτέρεα,4,1,3
20241,κτερίσαιεν,1,1,0
20242,ὀλοῷ,3,2,1
20243,βούλεσθ,1,1,0
20244,ἐπαρήγειν,1,1,0
20245,ἐναίσιμοι,4,1,3
20246,γναμπτόν,1,1,0
20247,ἔλεον,1,1,0
20248,σίνεται,1,1,0
20249,ὀνίνησι,1,1,0
20250,ὁμογάστριον,1,1,0
20251,κλαύσας,1,1,0
20252,ὀδυράμενος,1,1,0
20253,μεθέηκε,1,1,0
20254,τλητόν,1,1,0
20255,Μοῖραι,1,1,0
20256,ἐξάπτων,1,1,0
20257,ἕλκει,2,2,0
20258,κάλλιον,8,1,7
20259,ἀγαθῷ,1,1,0
20260,νεμεσσηθέωμέν,1,1,0
20261,κωφήν,1,1,0
20262,ἀεικίζει,1,1,0
20263,ὁμήν,3,1,2
20264,θήσετε,1,1,0
20265,θήσατο,1,1,0
20266,θρέψά,1,1,0
20267,ἀτίτηλα,1,1,0
20268,Πηλέϊ,1,1,0
20269,ἀντιάασθε,1,1,0
20270,γάμου,4,1,3
20271,φόρμιγγα,11,1,10
20272,ἕταρ,1,1,0
20273,ἄπιστε,1,1,0
20274,ἀποσκύδμαινε,1,1,0
20275,μί,3,1,2
20276,ἔμοιγ,1,1,0
20277,παρμέμβλωκεν,1,1,0
20278,καλέσειε,2,1,1
20279,λάχῃ,1,1,0
20280,λύσῃ,3,2,1
20281,μείλανι,1,1,0
20282,ἐπεστονάχησε,1,1,0
20283,μολυβδαίνῃ,1,1,0
20284,βυσσόν,1,1,0
20285,ἐμβεβαυῖα,1,1,0
20286,ὠμηστῇσιν,1,1,0
20287,ἰχθύσι,3,1,2
20288,ἅλιαι,1,1,0
20289,μέσσῃς,1,1,0
20290,φθίσεσθ,1,1,0
20291,μίσγεσθ,2,2,0
20292,κάλυμμ,1,1,0
20293,ἔσθος,1,1,0
20294,λιάζετο,1,1,0
20295,ἐξαναβᾶσαι,1,1,0
20296,ἀϊχθήτην,1,1,0
20297,εἶξε,1,1,0
20298,εὔφρην,1,1,0
20299,πιοῦσα,1,1,0
20300,ἄλαστον,5,1,4
20301,κάλεσσα,1,1,0
20302,ὀτρύνουσιν,1,1,0
20303,προτιάπτω,1,1,0
20304,φυλάσσων,1,1,0
20305,ἐπίτειλον,1,1,0
20306,σκύζεσθαί,1,1,0
20307,μαινομένῃσιν,2,2,0
20308,ἀπέλυσεν,1,1,0
20309,δείσῃ,1,1,0
20310,ἐφήσω,4,1,3
20311,λύσασθαι,4,4,0
20312,ἰήνῃ,4,4,0
20313,υἱέος,6,1,5
20314,ἐπένοντο,1,1,0
20315,ἐντύνοντο,3,1,2
20316,λάσιος,1,1,0
20317,ἱέρευτο,1,1,0
20318,μέχρις,1,1,0
20319,ἔδεαι,1,1,0
20320,σκύζεσθαι,1,1,0
20321,ἀπέλυσας,1,1,0
20322,λῦσον,4,2,2
20323,ἄγγειλον,1,1,0
20324,κῆρύξ,2,2,0
20325,ἰθύνοι,3,2,1
20326,τάρβος,2,2,0
20327,ὀπάσσομεν,1,1,0
20328,ἀγάγῃσιν,2,2,0
20329,ἔσω,7,3,4
20330,ἄσκοπος,2,2,0
20331,ἀλιτήμων,2,2,0
20332,ἱκέτεω,2,2,0
20333,κίχεν,1,1,0
20334,δάκρυσιν,1,1,0
20335,ἔφυρον,1,1,0
20336,ἐντυπάς,1,1,0
20337,χλαίνῃ,1,1,0
20338,κόπρος,1,1,0
20339,καταμήσατο,1,1,0
20340,ἑῇσι,1,1,0
20341,νυοί,2,1,1
20342,ὠδύροντο,1,1,0
20343,μιμνησκόμεναι,1,1,0
20344,φθεγξαμένη,1,1,0
20345,Δαρδανίδη,2,2,0
20346,Πρίαμε,2,2,0
20347,ὀσσομένη,2,1,1
20348,λύσασθαί,1,1,0
20349,πομπός,3,2,1
20350,ἡμιονείην,3,2,1
20351,ὁπλίσαι,1,1,0
20352,πείρινθα,3,2,1
20353,δῆσαι,1,1,0
20354,κέδρινον,1,1,0
20355,γλήνεα,1,1,0
20356,κεχάνδει,1,1,0
20357,Ἑκάβην,1,1,0
20358,οἴχονθ,1,1,0
20359,ἔκλε,1,1,0
20360,ξείνους,13,1,12
20361,σιδήρειόν,2,2,0
20362,ἐσόψεται,1,1,0
20363,ὠμηστής,1,1,0
20364,ἄπιστος,4,1,3
20365,ἀργίποδας,1,1,0
20366,ἑῶν,1,1,0
20367,ἔχοιμι,2,1,1
20368,ἐσθέμεναι,5,1,4
20369,προσφῦσα,1,1,0
20370,ἄντιτα,3,1,2
20371,ἐμοῦ,7,1,6
20372,κακιζόμενόν,1,1,0
20373,μεμνημένον,1,1,0
20374,ἀλεωρῆς,1,1,0
20375,ἐθέλοντ,1,1,0
20376,κατερύκανε,1,1,0
20377,πέλευ,1,1,0
20378,μάντιές,1,1,0
20379,θυοσκόοι,1,1,0
20380,ἱερῆες,1,1,0
20381,ἐσέδρακον,1,1,0
20382,τεθνάμεναι,1,1,0
20383,εἵην,1,1,0
20384,φωριαμῶν,1,1,0
20385,ἐπιθήματα,1,1,0
20386,ἀνέῳγεν,1,1,0
20387,περικαλλέας,6,1,5
20388,ἔξελε,3,1,2
20389,πέπλους,2,1,1
20390,ἁπλοΐδας,2,1,1
20391,χλαίνας,15,2,13
20392,τάπητας,6,2,4
20393,φάρεα,2,1,1
20394,τόσους,3,1,2
20395,ἔφερεν,3,1,2
20396,Θρῇκες,1,1,0
20397,ἐξεσίην,2,1,1
20398,φείσατ,1,1,0
20399,αἰθούσης,6,2,4
20400,ἀπέεργεν,1,1,0
20401,ἔπεσσ,1,1,0
20402,αἰσχροῖσιν,1,1,0
20403,ἔρρετε,1,1,0
20404,λωβητῆρες,1,1,0
20405,ἔνεστι,1,1,0
20406,γόος,2,1,1
20407,ἤλθετε,1,1,0
20408,κηδήσοντες,1,1,0
20409,ὀνόσασθ,1,1,0
20410,ὀλέσαι,3,1,2
20411,ἀλαπαζομένην,1,1,0
20412,κεραϊζομένην,1,1,0
20413,βαίην,1,1,0
20414,δίεπ,1,1,0
20415,σπερχομένοιο,1,1,0
20416,υἱάσιν,5,1,4
20417,Ἕλενόν,1,1,0
20418,Ἀγάθωνά,1,1,0
20419,Πάμμονά,1,1,0
20420,Ἀντίφονόν,1,1,0
20421,Πολίτην,1,1,0
20422,Ἱππόθοον,1,1,0
20423,Ἀγαυόν,1,1,0
20424,σπεύσατέ,1,1,0
20425,κατηφόνες,1,1,0
20426,ὠφέλετ,1,1,0
20427,πανάποτμος,2,2,0
20428,λελεῖφθαι,2,2,0
20429,Μήστορά,1,1,0
20430,Τρωΐλον,1,1,0
20431,ἱππιοχάρμην,2,1,1
20432,θνητοῦ,1,1,0
20433,ἀπώλεσ,1,1,0
20434,ψεῦσταί,1,1,0
20435,ὀρχησταί,1,1,0
20436,χοροιτυπίῃσιν,1,1,0
20437,ἐρίφων,4,1,3
20438,ἐπιδήμιοι,1,1,0
20439,ἁρπακτῆρες,1,1,0
20440,ἐφοπλίσσαιτε,1,1,0
20441,ἐπιθεῖτε,2,1,1
20442,πρήσσωμεν,3,1,2
20443,πρωτοπαγέα,1,1,0
20444,πασσαλόφι,3,1,2
20445,ἡμιόνειον,1,1,0
20446,πύξινον,1,1,0
20447,ὀμφαλόεν,1,1,0
20448,οἰήκεσσιν,1,1,0
20449,ζυγόδεσμον,1,1,0
20450,ζυγῷ,1,1,0
20451,ἐννεάπηχυ,1,1,0
20452,κατέθηκαν,1,1,0
20453,πέζῃ,1,1,0
20454,κρίκον,1,1,0
20455,ἕστορι,1,1,0
20456,γλωχῖνα,1,1,0
20457,ἔκαμψαν,1,1,0
20458,θαλάμου,6,1,5
20459,ἐϋξέστης,1,1,0
20460,ἀπήνης,8,3,5
20461,Ἑκτορέης,2,2,0
20462,ζεῦξαν,1,1,0
20463,ἐντεσιεργούς,1,1,0
20464,ὕπαγον,2,1,1
20465,ἐϋξέστῃ,2,1,1
20466,ζευγνύσθην,1,1,0
20467,πυκινά,5,2,3
20468,μήδε,4,2,2
20469,δεξιτερῆφι,3,1,2
20470,λείψαντε,2,1,1
20471,κιοίτην,2,1,1
20472,σπεῖσον,1,1,0
20473,ἐθελούσης,1,1,0
20474,Ἰδαίῳ,1,1,0
20475,ὁρᾶται,1,1,0
20476,αἴτει,1,1,0
20477,οἰωνόν,4,2,2
20478,οἰωνῶν,4,2,2
20479,ἴῃς,1,1,0
20480,ἐφιεμένῃ,1,1,0
20481,ἀπιθήσω,1,1,0
20482,ἀνασχέμεν,1,1,0
20483,ἀμφίπολον,4,1,3
20484,ταμίην,4,1,3
20485,ἐπιχεῦαι,1,1,0
20486,ἀκήρατον,1,1,0
20487,χέρνιβον,1,1,0
20488,πρόχοόν,1,1,0
20489,νιψάμενος,3,1,2
20490,μόρφνον,1,1,0
20491,θηρητῆρ,1,1,0
20492,περκνόν,1,1,0
20493,ὑψορόφοιο,2,1,1
20494,θύρη,1,1,0
20495,ἀφνειοῖο,4,1,3
20496,κληῗσ,1,1,0
20497,τόσσ,2,1,1
20498,γήθησαν,2,1,1
20499,προθύροιο,7,1,6
20500,ἐριδούπου,4,1,3
20501,τετράκυκλον,1,1,0
20502,ἀπήνην,4,2,2
20503,ὀλοφυρόμενοι,2,1,1
20504,κατέβαν,2,1,1
20505,λάθον,2,1,1
20506,Ἑρμείαν,7,3,4
20507,Ἑρμεία,4,1,3
20508,φίλτατόν,1,1,0
20509,ἑταιρίσσαι,1,1,0
20510,ἄγαγ,1,1,0
20511,ἀμβρόσια,3,1,2
20512,ῥάβδον,4,1,3
20513,θέλγει,5,1,4
20514,ὑπνώοντας,3,1,2
20515,κούρῳ,1,1,0
20516,αἰσυμνητῆρι,1,1,0
20517,ὑπηνήτῃ,2,1,1
20518,χαριεστάτη,2,1,1
20519,ἥβη,2,1,1
20520,Ἴλοιο,1,1,0
20521,ἔλασσαν,2,2,0
20522,πίοιεν,1,1,0
20523,ἀγχιμόλοιο,1,1,0
20524,ἐφράσσατο,2,1,1
20525,φραδέος,1,1,0
20526,νόου,3,1,2
20527,διαρραίσεσθαι,1,1,0
20528,ἁψάμενοι,2,1,1
20529,λιτανεύσομεν,1,1,0
20530,ὀρθαί,1,1,0
20531,μέλεσσι,4,1,3
20532,ἰθύνεις,1,1,0
20533,πνείοντας,1,1,0
20534,ἀνάρσιοι,6,1,5
20535,ὀνείατ,1,1,0
20536,ἀπαμύνασθαι,3,1,2
20537,ἀπαλεξήσαιμι,1,1,0
20538,τοιόνδ,1,1,0
20539,ὁδοιπόρον,1,1,0
20540,αἴσιον,1,1,0
20541,ἀγητός,1,1,0
20542,πέπνυσαί,1,1,0
20543,ἔξεσσι,2,2,0
20544,ἐκπέμπεις,1,1,0
20545,ἀλλοδαπούς,3,1,2
20546,σόα,2,1,1
20547,μίμνῃ,2,1,1
20548,καταλείπετε,1,1,0
20549,ἐπιδεύετ,1,1,0
20550,τέων,4,1,3
20551,ἀπότμου,1,1,0
20552,ἔνισπες,1,1,0
20553,κτείνεσκε,1,1,0
20554,Ἀτρεΐωνι,1,1,0
20555,εὐεργής,2,1,1
20556,ἔξειμι,2,1,1
20557,Πολύκτωρ,2,1,1
20558,ἕβδομός,1,1,0
20559,παλλόμενος,1,1,0
20560,λάχον,1,1,0
20561,θήσονται,1,1,0
20562,ἀσχαλόωσι,2,1,1
20563,μελεϊστί,3,1,2
20564,ταμών,4,1,3
20565,προύθηκεν,1,1,0
20566,φάγον,3,1,2
20567,κειμένῳ,1,1,0
20568,σήπεται,1,1,0
20569,ἔσθουσ,1,1,0
20570,αἰσχύνει,1,1,0
20571,θηοῖό,1,1,0
20572,ἐερσήεις,1,1,0
20573,νένιπται,1,1,0
20574,μιαρός,1,1,0
20575,μέμυκεν,1,1,0
20576,ἐτύπη,1,1,0
20577,κήδονται,1,1,0
20578,νέκυός,1,1,0
20579,διδοῦναι,1,1,0
20580,ἀπεμνήσαντο,1,1,0
20581,θανάτοιό,2,2,0
20582,ἀφίκωμαι,2,1,1
20583,νεωτέρου,1,1,0
20584,κέλῃ,1,1,0
20585,συλεύειν,1,1,0
20586,ὁμαρτέων,1,1,0
20587,ὀνοσσάμενος,1,1,0
20588,μαχέσαιτο,1,1,0
20589,ἔπνευσ,1,1,0
20590,ἡμιόνοις,1,1,0
20591,ἐλάτης,1,1,0
20592,κέρσαντες,1,1,0
20593,ἔρεψαν,1,1,0
20594,λαχνήεντ,1,1,0
20595,ὄροφον,1,1,0
20596,λειμωνόθεν,1,1,0
20597,ἀμήσαντες,2,1,1
20598,σταυροῖσιν,1,1,0
20599,θύρην,8,1,7
20600,ἐπιβλής,1,1,0
20601,εἰλάτινος,1,1,0
20602,ἐπιρρήσσεσκον,1,1,0
20603,ἀναοίγεσκον,1,1,0
20604,ἐπιρρήσσεσκε,1,1,0
20605,ᾦξε,1,1,0
20606,ἀπέβαινεν,1,1,0
20607,ὄπασσεν,3,1,2
20608,εἴσειμι,2,1,1
20609,βροτούς,1,1,0
20610,ἀγαπαζέμεν,1,1,0
20611,λίσσεο,1,1,0
20612,τέκεος,1,1,0
20613,ὀρίνῃς,2,2,0
20614,ἐρύκων,1,1,0
20615,οἴκου,11,1,10
20616,ἵζεσκε,1,1,0
20617,ποίπνυον,1,1,0
20618,παρεόντε,1,1,0
20619,ἀπέληγεν,1,1,0
20620,ἔσθων,3,1,2
20621,πίνων,6,1,5
20622,παρέκειτο,2,1,1
20623,τράπεζα,4,1,3
20624,δεινάς,1,1,0
20625,πυκινή,1,1,0
20626,πάτρῃ,1,1,0
20627,τηλίκου,1,1,0
20628,περιναιέται,1,1,0
20629,τείρουσ,1,1,0
20630,Τροίηθεν,7,1,6
20631,πεντήκοντά,2,1,1
20632,ἐννεακαίδεκα,1,1,0
20633,ἔτικτον,1,1,0
20634,κτεῖνας,1,1,0
20635,ἀμυνόμενον,1,1,0
20636,εἵνεχ,1,1,0
20637,λυσόμενος,2,1,1
20638,αἰδεῖο,2,1,1
20639,ἐλεεινότερός,1,1,0
20640,παιδοφόνοιο,1,1,0
20641,ὀρέγεσθαι,1,1,0
20642,ἀπώσατο,2,1,1
20643,κλαῖ,2,1,1
20644,ἐλυσθείς,2,1,1
20645,στοναχή,1,1,0
20646,γυίων,3,1,2
20647,ἀνίστη,2,2,0
20648,οἰκτίρων,1,1,0
20649,ἐξενάριξα,1,1,0
20650,ἕζευ,1,1,0
20651,κατακεῖσθαι,1,1,0
20652,πρῆξις,4,1,3
20653,ἐπεκλώσαντο,3,1,2
20654,ἀχνυμένοις,1,1,0
20655,πίθοι,2,1,1
20656,κατακείαται,1,1,0
20657,ἕτερος,3,1,2
20658,ἑάων,3,1,2
20659,ἀμμίξας,1,1,0
20660,κύρεται,1,1,0
20661,ἐσθλῷ,1,1,0
20662,λωβητόν,1,1,0
20663,βούβρωστις,1,1,0
20664,φοιτᾷ,1,1,0
20665,τετιμένος,2,1,1
20666,γενετῆς,2,1,1
20667,θεάν,1,1,0
20668,γονή,1,1,0
20669,παναώριον,1,1,0
20670,κομίζω,1,1,0
20671,κήδων,1,1,0
20672,ὄλβιον,2,1,1
20673,Λέσβος,1,1,0
20674,ἄνω,2,1,1
20675,Μάκαρος,1,1,0
20676,Φρυγίη,1,1,0
20677,ἀπείρων,2,2,0
20678,κεκάσθαι,1,1,0
20679,ἀνδροκτασίαι,2,1,1
20680,ὀδύρεο,2,1,1
20681,πρήξεις,1,1,0
20682,ἀνστήσεις,1,1,0
20683,πάθῃσθα,1,1,0
20684,ἵζε,1,1,0
20685,ἀκηδής,2,1,1
20686,ἴδω,3,1,2
20687,φέρομεν,1,1,0
20688,ἀπόναιο,1,1,0
20689,ἔλθοις,1,1,0
20690,ἔασας,2,1,1
20691,ὁρᾶν,3,1,2
20692,λήθεις,2,1,1
20693,φυλάκους,1,1,0
20694,μετοχλίσσειε,1,1,0
20695,ἡμετεράων,2,1,1
20696,ἄλγεσι,10,1,9
20697,ἱκέτην,3,1,2
20698,ἀλίτωμαι,1,1,0
20699,οἴκοιο,4,1,3
20700,ζυγόφιν,1,1,0
20701,ἄγαγον,3,1,2
20702,καλήτορα,1,1,0
20703,ἐϋξέστου,3,1,2
20704,φάρε,3,1,2
20705,ἐΰννητόν,1,1,0
20706,πυκάσας,1,1,0
20707,ἐκκαλέσας,1,1,0
20708,λοῦσαι,1,1,0
20709,ἀλεῖψαι,2,1,1
20710,ἀειράσας,1,1,0
20711,ἀχνυμένῃ,1,1,0
20712,ἐρύσαιτο,1,1,0
20713,ὀρινθείη,1,1,0
20714,κατακτείνειε,2,1,1
20715,λοῦσαν,5,1,4
20716,χρῖσαν,5,1,4
20717,ἐπέθηκεν,1,1,0
20718,ἤειραν,1,1,0
20719,ἐϋξέστην,1,1,0
20720,σκυδμαινέμεν,1,1,0
20721,κλισμῷ,3,1,2
20722,πολυδαιδάλῳ,1,1,0
20723,ἑτέρου,2,1,1
20724,λεχέεσσ,1,1,0
20725,φαινομένηφιν,6,1,5
20726,δόρπου,4,1,3
20727,Νιόβη,1,1,0
20728,ἐμνήσατο,1,1,0
20729,ἡβώοντες,2,1,1
20730,Νιόβῃ,1,1,0
20731,ἰσάσκετο,1,1,0
20732,τεκέειν,1,1,0
20733,ὄλεσσαν,1,1,0
20734,κέατ,2,1,1
20735,κατθάψαι,1,1,0
20736,λίθους,1,1,0
20737,θάψαν,1,1,0
20738,μνήσατ,1,1,0
20739,πέτρῃσιν,2,1,1
20740,οἰοπόλοισιν,2,1,1
20741,Σιπύλῳ,1,1,0
20742,Ἀχελώϊον,1,1,0
20743,ἐρρώσαντο,3,1,2
20744,κλαίοισθα,1,1,0
20745,εἰσαγαγών,2,1,1
20746,πολυδάκρυτος,1,1,0
20747,ἄργυφον,1,1,0
20748,σφάξ,1,1,0
20749,θαύμαζ,1,1,0
20750,ὅσσος,2,1,1
20751,Δαρδανίδην,1,1,0
20752,ὄψίν,1,1,0
20753,τάρπησαν,5,1,4
20754,λέξον,1,1,0
20755,γλυκερῷ,5,1,4
20756,ταρπώμεθα,3,1,2
20757,κοιμηθέντες,2,1,1
20758,μύσαν,1,1,0
20759,στενάχω,1,1,0
20760,πέσσω,1,1,0
20761,χόρτοισι,1,1,0
20762,λαυκανίης,1,1,0
20763,καθέηκα,1,1,0
20764,πεπάσμην,1,1,0
20765,δέμνι,5,1,4
20766,ῥήγεα,11,1,10
20767,πορφύρε,3,1,2
20768,ἐμβαλέειν,5,1,4
20769,ἐνθέμεναι,3,1,2
20770,οὔλας,8,1,7
20771,ἕσασθαι,3,1,2
20772,δάος,5,1,4
20773,λέχε,1,1,0
20774,ἐγκονέουσαι,3,1,2
20775,λέξο,2,1,1
20776,ἐπέλθῃσιν,1,1,0
20777,ἐξείποι,1,1,0
20778,λύσιος,1,1,0
20779,ποσσῆμαρ,1,1,0
20780,κτερεϊζέμεν,1,1,0
20781,τέως,3,1,2
20782,ἐρύκω,1,1,0
20783,θείης,1,1,0
20784,ἐέλμεθα,1,1,0
20785,δεδίασιν,1,1,0
20786,γοάοιμεν,1,1,0
20787,θάπτοιμεν,1,1,0
20788,δαινῦτό,1,1,0
20789,ἑνδεκάτῃ,1,1,0
20790,ποιήσαιμεν,1,1,0
20791,πολεμίξομεν,1,1,0
20792,Πρίαμ,1,1,0
20793,δείσει,1,1,0
20794,ἐϋπήκτου,1,1,0
20795,ἐριούνιον,1,1,0
20796,ἔμαρπτεν,1,1,0
20797,ὁρμαίνοντ,1,1,0
20798,ἐκπέμψειε,1,1,0
20799,ἐλύσαο,1,1,0
20800,ζωοῦ,4,1,3
20801,λελειμμένοι,1,1,0
20802,γνώῃ,2,1,1
20803,ζεῦξ,1,1,0
20804,ἔλων,2,1,1
20805,στοναχῇ,3,1,2
20806,καλλιζώνων,2,1,1
20807,Κασσάνδρη,1,1,0
20808,Πέργαμον,1,1,0
20809,εἰσενόησεν,1,1,0
20810,κήρυκά,2,1,1
20811,ἀστυβοώτην,1,1,0
20812,γέγωνέ,2,1,1
20813,ὄψεσθε,1,1,0
20814,Τρῳάδες,1,1,0
20815,ζώοντι,1,1,0
20816,χαίρετ,2,1,1
20817,πτόλεϊ,1,1,0
20818,τιλλέσθην,1,1,0
20819,ἀΐξασαι,1,1,0
20820,ἁπτόμεναι,1,1,0
20821,ἀμφίσταθ,1,1,0
20822,ὀδύροντο,1,1,0
20823,εἴξατέ,1,1,0
20824,οὐρεῦσι,1,1,0
20825,ἄσεσθε,1,1,0
20826,κλαυθμοῖο,4,1,3
20827,ἀγάγωμι,1,1,0
20828,διέστησαν,1,1,0
20829,εἶξαν,2,1,1
20830,ἀπήνῃ,3,1,2
20831,εἰσάγαγον,2,1,1
20832,τρητοῖς,3,1,2
20833,ἀοιδούς,1,1,0
20834,θρήνων,1,1,0
20835,ἐξάρχους,1,1,0
20836,στονόεσσαν,2,1,1
20837,ἐθρήνεον,1,1,0
20838,ἆνερ,1,1,0
20839,ὤλεο,1,1,0
20840,πέρσεται,1,1,0
20841,ὄλωλας,1,1,0
20842,ῥύσκευ,1,1,0
20843,κεδνάς,1,1,0
20844,ὀχήσονται,1,1,0
20845,ἕψεαι,1,1,0
20846,ἐργάζοιο,1,1,0
20847,ἀθλεύων,1,1,0
20848,ἀμειλίχου,1,1,0
20849,ῥίψει,1,1,0
20850,τεός,7,1,6
20851,λελείψεται,1,1,0
20852,ὄρεξας,1,1,0
20853,εἶπες,4,1,3
20854,μεμνῄμην,1,1,0
20855,φίλτατε,2,2,0
20856,κήδοντο,1,1,0
20857,πέρνασχ,1,1,0
20858,ἕλεσκε,2,1,1
20859,Ἴμβρον,1,1,0
20860,ἀμιχθαλόεσσαν,1,1,0
20861,ῥυστάζεσκεν,1,1,0
20862,ἀνέστησεν,1,1,0
20863,ἑρσήεις,1,1,0
20864,πρόσφατος,1,1,0
20865,ἀγανοῖσι,2,1,1
20866,δαέρων,2,2,0
20867,εἰκοστόν,1,1,0
20868,ἔτος,11,1,10
20869,ἔβην,2,1,1
20870,ἀπελήλυθα,1,1,0
20871,ἐνίπτοι,1,1,0
20872,εὐπέπλων,2,1,1
20873,ἑκυρή,1,1,0
20874,ἑκυρός,1,1,0
20875,παραιφάμενος,1,1,0
20876,κατέρυκες,1,1,0
20877,ἀγανοφροσύνῃ,1,1,0
20878,ἀχνυμένη,3,1,2
20879,πεφρίκασιν,1,1,0
20880,δείσητ,1,1,0
20881,πέμπων,1,1,0
20882,πημανέειν,1,1,0
20883,δωδεκάτη,1,1,0
20884,μόλῃ,1,1,0
20885,ἀμάξῃσιν,1,1,0
20886,ζεύγνυσαν,1,1,0
20887,ἀγίνεον,1,1,0
20888,φαεσίμβροτος,2,1,1
20889,κλυτοῦ,1,1,0
20890,ἕταροί,2,1,1
20891,κατείβετο,2,1,1
20892,παρειῶν,5,1,4
20893,λάρνακα,1,1,0
20894,θῆκαν,4,1,3
20895,πορφυρέοις,1,1,0
20896,πέπλοισι,1,1,0
20897,καλύψαντες,1,1,0
20898,πυκνοῖσιν,1,1,0
20899,λάεσσι,5,1,4
20900,κατεστόρεσαν,1,1,0
20901,ἐφορμηθεῖεν,1,1,0
20902,συναγειρόμενοι,1,1,0
20903,ἀμφίεπον,1,1,0
20904,μοῦσα,1,0,1
20905,πολύτροπον,1,0,1
20906,ἔπερσεν,1,0,1
20907,ἱέμενός,3,0,3
20908,ἤσθιον,2,0,2
20909,νόστιμον,11,0,11
20910,ἁμόθεν,1,0,1
20911,πεφευγότες,1,0,1
20912,κεχρημένον,2,0,2
20913,Καλυψώ,19,0,19
20914,σπέσσι,7,0,7
20915,γλαφυροῖσι,6,0,6
20916,οἶκόνδε,18,0,18
20917,πεφυγμένος,1,0,1
20918,ἐλέαιρον,1,0,1
20919,μενέαινεν,2,0,2
20920,Ὀδυσῆι,7,0,7
20921,Αἰθίοπας,2,0,2
20922,δεδαίαται,1,0,1
20923,δυσομένου,1,0,1
20924,ἀντιόων,1,0,1
20925,ἀρνειῶν,1,0,1
20926,μνήσατο,2,0,2
20927,Αἰγίσθοιο,6,0,6
20928,Ἀγαμεμνονίδης,1,0,1
20929,τηλεκλυτός,1,0,1
20930,Ὀρέστης,5,0,5
20931,ἐπιμνησθείς,2,0,2
20932,αἰτιόωνται,1,0,1
20933,Αἴγισθος,8,0,8
20934,γῆμ,1,0,1
20935,εἴπομεν,1,0,1
20936,πέμψαντες,1,0,1
20937,ἐύσκοπον,1,0,1
20938,μνάασθαι,1,0,1
20939,Ὀρέσταο,1,0,1
20940,τίσις,3,0,3
20941,ἡβήσῃ,1,0,1
20942,ἱμείρεται,2,0,2
20943,ἁθρόα,2,0,2
20944,ἀπέτισεν,2,0,2
20945,ἐοικότι,1,0,1
20946,ὀλέθρῳ,5,0,5
20947,δαίεται,2,0,2
20948,δυσμόρῳ,3,0,3
20949,ἀμφιρύτῃ,4,0,4
20950,ὀμφαλός,1,0,1
20951,νῆσος,5,0,5
20952,δενδρήεσσα,1,0,1
20953,ναίει,8,0,8
20954,Ἄτλαντος,2,0,2
20955,βένθεα,2,0,2
20956,κίονας,1,0,1
20957,μακράς,1,0,1
20958,ὀδυρόμενον,1,0,1
20959,μαλακοῖσι,2,0,2
20960,αἱμυλίοισι,1,0,1
20961,λόγοισιν,1,0,1
20962,ἐπιλήσεται,1,0,1
20963,καπνόν,6,0,6
20964,χαρίζετο,1,0,1
20965,ὠδύσαο,1,0,1
20966,ἀσκελές,2,0,2
20967,Κύκλωπος,3,0,3
20968,κεχόλωται,1,0,1
20969,ὀφθαλμοῦ,3,0,3
20970,ἀλάωσεν,2,0,2
20971,Κυκλώπεσσι,3,0,3
20972,Θόωσα,1,0,1
20973,Φόρκυνος,3,0,3
20974,μέδοντος,1,0,1
20975,μιγεῖσα,3,0,3
20976,κατακτείνει,1,0,1
20977,πλάζει,1,0,1
20978,περιφραζώμεθα,1,0,1
20979,μεθήσει,2,0,2
20980,ἐριδαινέμεν,1,0,1
20981,πολύφρονα,5,0,5
20982,ὅνδε,7,0,7
20983,δόμονδε,9,0,9
20984,διάκτορον,1,0,1
20985,νῆσον,29,0,29
20986,Ὠγυγίην,4,0,4
20987,νύμφῃ,2,0,2
20988,ἐυπλοκάμῳ,2,0,2
20989,νέηται,3,0,3
20990,Ἰθάκηνδ,1,0,1
20991,ἐσελεύσομαι,2,0,2
20992,καλέσαντα,1,0,1
20993,μνηστήρεσσιν,8,0,8
20994,ἀπειπέμεν,1,0,1
20995,σφάζουσι,2,0,2
20996,ἠμαθόεντα,3,0,3
20997,πευσόμενον,2,0,2
20998,ἔχῃσιν,4,0,4
20999,ὀξέι,6,0,6
21000,ἀίξασα,1,0,1
21001,προθύροις,1,0,1
21002,αὐλείου,1,0,1
21003,παλάμῃ,2,0,2
21004,ξείνῳ,11,0,11
21005,Ταφίων,2,0,2
21006,μνηστῆρας,53,0,53
21007,πεσσοῖσι,1,0,1
21008,ἔτερπον,1,0,1
21009,ἔκτανον,2,0,2
21010,ὀτρηροί,1,0,1
21011,ἔμισγον,1,0,1
21012,κρητῆρσι,1,0,1
21013,σπόγγοισι,4,0,4
21014,πολυτρήτοισι,3,0,3
21015,τραπέζας,9,0,9
21016,νίζον,1,0,1
21017,πρότιθεν,1,0,1
21018,Τηλέμαχος,123,0,123
21019,μνηστῆρσι,17,0,17
21020,μνηστήρων,36,0,36
21021,σκέδασιν,2,0,2
21022,ἀνάσσοι,2,0,2
21023,μεθήμενος,1,0,1
21024,εἴσιδ,1,0,1
21025,νεμεσσήθη,1,0,1
21026,ἐφεστάμεν,1,0,1
21027,ξεῖνε,43,0,43
21028,φιλήσεαι,2,0,2
21029,δείπνου,2,0,2
21030,πασσάμενος,1,0,1
21031,μυθήσεαι,2,0,2
21032,ὅττεό,2,0,2
21033,ἡγεῖθ,1,0,1
21034,κίονα,5,0,5
21035,δουροδόκης,1,0,1
21036,ἐυξόου,1,0,1
21037,κλισμόν,1,0,1
21038,ἔκτοθεν,4,0,4
21039,ἀνιηθείς,2,0,2
21040,ἁδήσειεν,1,0,1
21041,ὑπερφιάλοισι,7,0,7
21042,ἀποιχομένοιο,8,0,8
21043,ἔροιτο,2,0,2
21044,χέρνιβα,7,0,7
21045,προχόῳ,6,0,6
21046,ἐπέχευε,6,0,6
21047,νίψασθαι,6,0,6
21048,ξεστήν,6,0,6
21049,παρέθηκε,10,0,10
21050,εἴδατα,9,0,9
21051,ἐπιθεῖσα,6,0,6
21052,δαιτρός,3,0,3
21053,πίνακας,3,0,3
21054,οἰνοχοεύων,1,0,1
21055,μνηστῆρες,69,0,69
21056,ἀγήνορες,7,0,7
21057,κλισμούς,8,0,8
21058,θρόνους,11,0,11
21059,παρενήνεον,1,0,1
21060,μολπή,1,0,1
21061,ὀρχηστύς,1,0,1
21062,ἀναθήματα,2,0,2
21063,Φημίῳ,1,0,1
21064,ἤειδε,2,0,2
21065,μνηστῆρσιν,36,0,36
21066,φορμίζων,3,0,3
21067,ἀνεβάλλετο,2,0,2
21068,ἀείδειν,6,0,6
21069,γλαυκῶπιν,1,0,1
21070,σχών,3,0,3
21071,πευθοίαθ,3,0,3
21072,τούτοισιν,1,0,1
21073,ἀοιδή,3,0,3
21074,ἀλλότριον,2,0,2
21075,βίοτον,22,0,22
21076,νήποινον,6,0,6
21077,κείμεν,1,0,1
21078,ἠπείρου,8,0,8
21079,Ἰθάκηνδε,4,0,4
21080,ἀρησαίατ,1,0,1
21081,ἐλαφρότεροι,1,0,1
21082,ἀφνειότεροι,1,0,1
21083,χρυσοῖό,1,0,1
21084,ἐσθῆτός,1,0,1
21085,φῇσιν,1,0,1
21086,πόθι,6,0,6
21087,τοκῆες,8,0,8
21088,ὁπποίης,2,0,2
21089,ἀφίκεο,3,0,3
21090,τίνες,8,0,8
21091,πεζόν,6,0,6
21092,ὀίομαι,4,0,4
21093,ἀγόρευσον,7,0,7
21094,εἰδῶ,7,0,7
21095,μεθέπεις,1,0,1
21096,πατρώιός,2,0,2
21097,ἐπίστροφος,1,0,1
21098,τοιγάρ,19,0,19
21099,Μέντης,2,0,2
21100,Ἀγχιάλοιο,2,0,2
21101,Ταφίοισι,2,0,2
21102,φιληρέτμοισιν,3,0,3
21103,ἀνάσσω,3,0,3
21104,νηί,47,0,47
21105,κατήλυθον,7,0,7
21106,ἀλλοθρόους,3,0,3
21107,Τεμέσην,1,0,1
21108,ἥδ,4,0,4
21109,ἕστηκεν,2,0,2
21110,ἀγροῦ,11,0,11
21111,λιμένι,2,0,2
21112,Ῥείθρῳ,1,0,1
21113,Νηίῳ,1,0,1
21114,ὑλήεντι,5,0,5
21115,πατρώιοι,1,0,1
21116,γέροντ,1,0,1
21117,εἴρηαι,1,0,1
21118,Λαέρτην,4,0,4
21119,πόλινδε,7,0,7
21120,γρηί,1,0,1
21121,βρῶσίν,5,0,5
21122,παρτιθεῖ,1,0,1
21123,ἑρπύζοντ,1,0,1
21124,γουνόν,3,0,3
21125,ἔφαντ,1,0,1
21126,ἐπιδήμιον,1,0,1
21127,βλάπτουσι,1,0,1
21128,τέθνηκεν,4,0,4
21129,κατερύκεται,3,0,3
21130,εὐρέι,6,0,6
21131,ἄγριοι,5,0,5
21132,ἐρυκανόωσ,1,0,1
21133,μαντεύσομαι,3,0,3
21134,βάλλουσι,2,0,2
21135,ὀίω,9,0,9
21136,σιδήρεα,2,0,2
21137,δέσματ,1,0,1
21138,φράσσεται,2,0,2
21139,πολυμήχανός,1,0,1
21140,ἐμισγόμεθ,2,0,2
21141,ἀναβήμεναι,1,0,1
21142,μάκαρός,1,0,1
21143,ἑοῖς,2,0,2
21144,ἀποτμότατος,1,0,1
21145,νώνυμνον,1,0,1
21146,Πηνελόπεια,58,0,58
21147,δαίς,2,0,2
21148,εἰλαπίνη,1,0,1
21149,γάμος,3,0,3
21150,ἔρανος,1,0,1
21151,δαίνυσθαι,2,0,2
21152,νεμεσσήσαιτό,1,0,1
21153,πινυτός,1,0,1
21154,μετέλθοι,1,0,1
21155,ξεῖν,24,0,24
21156,μέλλεν,4,0,4
21157,ἐπιδήμιος,1,0,1
21158,ἑτέρως,1,0,1
21159,ἐβόλοντο,1,0,1
21160,ἄιστον,1,0,1
21161,ἀκαχοίμην,1,0,1
21162,τολύπευσεν,2,0,2
21163,Παναχαιοί,3,0,3
21164,ἅρπυιαι,3,0,3
21165,ἄιστος,1,0,1
21166,ἄπυστος,3,0,3
21167,γόους,1,0,1
21168,στεναχίζω,4,0,4
21169,ἔτευξαν,1,0,1
21170,νήσοισιν,4,0,4
21171,Δουλιχίῳ,3,0,3
21172,Σάμῃ,4,0,4
21173,Ζακύνθῳ,3,0,3
21174,κραναήν,4,0,4
21175,μνῶνται,6,0,6
21176,τρύχουσι,3,0,3
21177,ἀρνεῖται,2,0,2
21178,στυγερόν,4,0,4
21179,τελευτήν,2,0,2
21180,διαρραίσουσι,2,0,2
21181,ἐπαλαστήσασα,1,0,1
21182,ἀποιχομένου,1,0,1
21183,δεύῃ,1,0,1
21184,ἀναιδέσι,6,0,6
21185,ἐφείη,1,0,1
21186,σταίη,1,0,1
21187,τερπόμενόν,1,0,1
21188,Μερμερίδαο—,1,0,1
21189,φάρμακον,8,0,8
21190,ἀνδροφόνον,1,0,1
21191,χρίεσθαι,1,0,1
21192,νεμεσίζετο,1,0,1
21193,αἰνῶς—,1,0,1
21194,ὁμιλήσειεν,3,0,3
21195,ὠκύμοροί,3,0,3
21196,πικρόγαμοί,3,0,3
21197,ἀποτίσεται,5,0,5
21198,ἀπώσεαι,1,0,1
21199,ξυνίει,5,0,5
21200,ἐμπάζεο,2,0,2
21201,πέφραδε,3,0,3
21202,σφέτερα,1,0,1
21203,σκίδνασθαι,1,0,1
21204,γαμέεσθαι,2,0,2
21205,μέγαρον,16,0,16
21206,δυναμένοιο,2,0,2
21207,τεύξουσι,3,0,3
21208,ἀρτυνέουσιν,2,0,2
21209,ἔεδνα,4,0,4
21210,ὑποθήσομαι,3,0,3
21211,ἄρσας,1,0,1
21212,ἐρέτῃσιν,1,0,1
21213,πευσόμενος,5,0,5
21214,οἰχομένοιο,13,0,13
21215,ὄσσαν,2,0,2
21216,ἀκούσῃς,6,0,6
21217,εἴρεο,1,0,1
21218,Σπάρτηνδε,1,0,1
21219,ξανθόν,2,0,2
21220,τρυχόμενός,2,0,2
21221,κτερεΐξαι,1,0,1
21222,τελευτήσῃς,1,0,1
21223,ἔρξῃς,1,0,1
21224,τεοῖσι,3,0,3
21225,νηπιάας,1,0,1
21226,ὀχέειν,1,0,1
21227,τηλίκος,4,0,4
21228,ἀίεις,1,0,1
21229,πατροφονῆα,3,0,3
21230,Αἴγισθον,4,0,4
21231,δολόμητιν,3,0,3
21232,ἔσσ,2,0,2
21233,κατελεύσομαι,1,0,1
21234,λήσομαι,1,0,1
21235,λοεσσάμενός,2,0,2
21236,τεταρπόμενός,1,0,1
21237,κίῃς,1,0,1
21238,τιμῆεν,1,0,1
21239,ξείνοισι,1,0,1
21240,διδοῦσι,2,0,2
21241,λιλαιόμενόν,1,0,1
21242,ἀμοιβῆς,1,0,1
21243,ἀνόπαια,1,0,1
21244,ὑπέμνησέν,1,0,1
21245,ὀίσατο,2,0,2
21246,ἀοιδός,18,0,18
21247,ἐπετείλατο,1,0,1
21248,ὑπερωιόθεν,1,0,1
21249,θέσπιν,3,0,3
21250,κλίμακα,4,0,4
21251,τέγεος,7,0,7
21252,σχομένη,6,0,6
21253,λιπαρά,5,0,5
21254,κεδνή,3,0,3
21255,δακρύσασα,4,0,4
21256,ἀοιδόν,11,0,11
21257,Φήμιε,1,0,1
21258,οἶδας,1,0,1
21259,κλείουσιν,1,0,1
21260,ἀοιδοί,3,0,3
21261,πινόντων,1,0,1
21262,ἀποπαύε,1,0,1
21263,καθίκετο,1,0,1
21264,τοίην,2,0,2
21265,ποθέω,1,0,1
21266,μεμνημένη,1,0,1
21267,φθονέεις,1,0,1
21268,ἐρίηρον,3,0,3
21269,τέρπειν,3,0,3
21270,δίδωσιν,2,0,2
21271,ἀλφηστῇσιν,1,0,1
21272,ἐπικλείουσ,1,0,1
21273,ἀκουόντεσσι,1,0,1
21274,νεωτάτη,1,0,1
21275,ἀμφιπέληται,1,0,1
21276,ἐπιτολμάτω,1,0,1
21277,θαμβήσασα,2,0,2
21278,πεπνυμένον,3,0,3
21279,ἔνθετο,4,0,4
21280,ἀναβᾶσα,6,0,6
21281,ἡδύν,7,0,7
21282,βλεφάροισι,8,0,8
21283,ὁμάδησαν,5,0,5
21284,κλιθῆναι,2,0,2
21285,δαινύμενοι,7,0,7
21286,τερπώμεθα,3,0,3
21287,βοητύς,1,0,1
21288,ἀοιδοῦ,4,0,4
21289,ἀγορήνδε,3,0,3
21290,ὕμιν,3,0,3
21291,ἀποείπω,1,0,1
21292,ἀλεγύνετε,3,0,3
21293,δαῖτας,4,0,4
21294,ὑμά,2,0,2
21295,οἴκους,3,0,3
21296,λωίτερον,2,0,2
21297,κείρετ,2,0,2
21298,ἐπιβώσομαι,2,0,2
21299,παλίντιτα,2,0,2
21300,νήποινοί,2,0,2
21301,ὄλοισθε,2,0,2
21302,χείλεσι,3,0,3
21303,φύντες,3,0,3
21304,Τηλέμαχον,39,0,39
21305,θαρσαλέως,6,0,6
21306,Ἀντίνοος,33,0,33
21307,Εὐπείθεος,10,0,10
21308,Τηλέμαχ,26,0,26
21309,διδάσκουσιν,1,0,1
21310,ὑψαγόρην,1,0,1
21311,ἀμφιάλῳ,5,0,5
21312,Ἰθάκῃ,15,0,15
21313,πατρώιόν,1,0,1
21314,Ἀντίνο,9,0,9
21315,διδόντος,1,0,1
21316,κάκιστον,1,0,1
21317,βασιλευέμεν,1,0,1
21318,τιμηέστερος,1,0,1
21319,παλαιοί,2,0,2
21320,ἔσομ,1,0,1
21321,δμώων,11,0,11
21322,ληίσσατο,1,0,1
21323,Εὐρύμαχος,15,0,15
21324,Πολύβου,7,0,7
21325,βασιλεύσει,1,0,1
21326,ἔχοις,2,0,2
21327,ἀνάσσοις,1,0,1
21328,ἀπορραίσει,1,0,1
21329,ναιετοώσης,1,0,1
21330,ξείνοιο,5,0,5
21331,ἐρέσθαι,6,0,6
21332,ὁππόθεν,4,0,4
21333,ποίης,3,0,3
21334,πατρίς,3,0,3
21335,ἐρχομένοιο,3,0,3
21336,ἐελδόμενος,1,0,1
21337,Εὐρύμαχ,8,0,8
21338,πείθομαι,1,0,1
21339,καλέσασα,2,0,2
21340,θεοπρόπον,1,0,1
21341,ἐξερέηται,1,0,1
21342,πατρώιος,1,0,1
21343,Τάφου,1,0,1
21344,ἱμερόεσσαν,2,0,2
21345,τρεψάμενοι,2,0,2
21346,ἕσπερον,3,0,3
21347,τερπομένοισι,2,0,2
21348,μέλας,2,0,2
21349,ὑψηλός,2,0,2
21350,δέδμητο,5,0,5
21351,περισκέπτῳ,4,0,4
21352,αἰθομένας,3,0,3
21353,δαΐδας,7,0,7
21354,κεδνά,5,0,5
21355,ἰδυῖα,6,0,6
21356,Εὐρύκλει,3,0,3
21357,Ὦπος,3,0,3
21358,Πεισηνορίδαο,3,0,3
21359,Λαέρτης,12,0,12
21360,πρίατο,4,0,4
21361,πρωθήβην,1,0,1
21362,ἐεικοσάβοια,1,0,1
21363,κεδνῇ,2,0,2
21364,ἔμικτο,1,0,1
21365,δμῳάων,3,0,3
21366,ὤιξεν,2,0,2
21367,λέκτρῳ,2,0,2
21368,ἔκδυνε,1,0,1
21369,γραίης,1,0,1
21370,πυκιμηδέος,1,0,1
21371,πτύξασα,2,0,2
21372,πασσάλῳ,1,0,1
21373,ἀγκρεμάσασα,1,0,1
21374,ἐπέρυσσε,1,0,1
21375,κορώνῃ,3,0,3
21376,κληῖδ,1,0,1
21377,ἐτάνυσσεν,1,0,1
21378,ἱμάντι,2,0,2
21379,βούλευε,1,0,1
21380,ὤρνυτ,6,0,6
21381,εὐνῆφιν,1,0,1
21382,ἑσσάμενος,3,0,3
21383,θέτ,4,0,4
21384,θώκῳ,1,0,1
21385,Αἰγύπτιος,2,0,2
21386,κυφός,1,0,1
21387,ἐύπωλον,2,0,2
21388,Κύκλωψ,13,0,13
21389,σπῆι,3,0,3
21390,ὡπλίσσατο,5,0,5
21391,Εὐρύνομος,1,0,1
21392,πατρώια,2,0,2
21393,Ἰθακήσιοι,8,0,8
21394,ἡμετέρη,3,0,3
21395,θόωκος,1,0,1
21396,ἤγειρε,1,0,1
21397,προγενέστεροί,1,0,1
21398,πρότερός,2,0,2
21399,δήμιον,3,0,3
21400,ἀγορεύει,4,0,4
21401,ὀνήμενος,1,0,1
21402,εἴθε,1,0,1
21403,τελέσειεν,5,0,5
21404,μενοινᾷ,5,0,5
21405,φήμῃ,1,0,1
21406,μενοίνησεν,1,0,1
21407,Πεισήνωρ,1,0,1
21408,πιφαύσκομαι,4,0,4
21409,τοίσδεσσιν,1,0,1
21410,ὀλέσσει,1,0,1
21411,ἀπερρίγασι,1,0,1
21412,Ἰκαρίου,3,0,3
21413,ἐεδνώσαιτο,1,0,1
21414,κεχαρισμένος,1,0,1
21415,πωλεύμενοι,2,0,2
21416,ἱερεύοντες,2,0,2
21417,ὄις,3,0,3
21418,πίονας,7,0,7
21419,εἰλαπινάζουσιν,2,0,2
21420,πίνουσί,2,0,2
21421,κατάνεται,2,0,2
21422,λευγαλέοι,1,0,1
21423,ἐσόμεσθα,1,0,1
21424,δεδαηκότες,1,0,1
21425,ἀμυναίμην,2,0,2
21426,ἀνσχετά,1,0,1
21427,καλῶς,1,0,1
21428,διόλωλε,1,0,1
21429,αἰδέσθητε,1,0,1
21430,περικτίονας,1,0,1
21431,περιναιετάουσι,2,0,2
21432,ὑποδείσατε,1,0,1
21433,μεταστρέψωσιν,1,0,1
21434,Θέμιστος,1,0,1
21435,λύει,2,0,2
21436,καθίζει,1,0,1
21437,τείρεσθ,1,0,1
21438,ἐυκνήμιδας,3,0,3
21439,ἀποτινύμενοι,1,0,1
21440,ῥέζετε,2,0,2
21441,δυσμενέοντες,2,0,2
21442,ὑμέας,5,0,5
21443,κειμήλιά,1,0,1
21444,πρόβασίν,1,0,1
21445,φάγοιτε,1,0,1
21446,ποτιπτυσσοίμεθα,1,0,1
21447,χρήματ,7,0,7
21448,ἀπαιτίζοντες,1,0,1
21449,δοθείη,1,0,1
21450,ἐμβάλλετε,1,0,1
21451,οἶκτος,2,0,2
21452,ὑψαγόρη,3,0,3
21453,ἄσχετε,3,0,3
21454,αἰσχύνων,1,0,1
21455,μῶμον,1,0,1
21456,ἀνάψαι,2,0,2
21457,ἀτέμβει,1,0,1
21458,ἔλπει,2,0,2
21459,ἀγγελίας,3,0,3
21460,προϊεῖσα,2,0,2
21461,στησαμένη,2,0,2
21462,περίμετρον,3,0,3
21463,μίμνετ,4,0,4
21464,ἐκτελέσω,2,0,2
21465,νήματ,3,0,3
21466,Λαέρτῃ,5,0,5
21467,ἥρωι,1,0,1
21468,ταφήιον,1,0,1
21469,καθέλῃσι,4,0,4
21470,σπείρου,3,0,3
21471,κτεατίσσας,3,0,3
21472,ἐπεπείθετο,12,0,12
21473,ἠματίη,3,0,3
21474,ὑφαίνεσκεν,2,0,2
21475,ἀλλύεσκεν,2,0,2
21476,παραθεῖτο,2,0,2
21477,τρίετες,4,0,4
21478,ἔληθε,2,0,2
21479,ἔπειθεν,4,0,4
21480,ἐπήλυθον,5,0,5
21481,ἀλλύουσαν,2,0,2
21482,ἐφεύρομεν,3,0,3
21483,ἐξετέλεσσε,4,0,4
21484,ἐθέλουσ,3,0,3
21485,ἀνάγκης,3,0,3
21486,εἰδῶσι,1,0,1
21487,ἀπόπεμψον,1,0,1
21488,ὅτεῴ,1,0,1
21489,ἁνδάνει,1,0,1
21490,ἀνιήσει,1,0,1
21491,φρονέουσ,4,0,4
21492,ἐπίστασθαι,2,0,2
21493,κέρδεά,1,0,1
21494,παλαιῶν,1,0,1
21495,ἐυπλοκαμῖδες,1,0,1
21496,Ἀχαιαί,2,0,2
21497,Τυρώ,2,0,2
21498,ἐυστέφανός,1,0,1
21499,ὁμοῖα,2,0,2
21500,Πηνελοπείῃ,14,0,14
21501,βίοτόν,1,0,1
21502,κείνη,10,0,10
21503,ποιεῖτ,1,0,1
21504,γήμασθαι,3,0,3
21505,ἀέκουσαν,3,0,3
21506,ἀπῶσαι,1,0,1
21507,ἄλλοθι,3,0,3
21508,ἀποτίνειν,2,0,2
21509,Ἰκαρίῳ,1,0,1
21510,ἀρήσετ,1,0,1
21511,ἐρινῦς,1,0,1
21512,ἀπερχομένη,1,0,1
21513,ἐνίψω,1,0,1
21514,ὑμέτερος,2,0,2
21515,ἔξιτέ,1,0,1
21516,αἰετώ,1,0,1
21517,πλησίω,1,0,1
21518,τιταινομένω,1,0,1
21519,πτερύγεσσιν,1,0,1
21520,πολύφημον,1,0,1
21521,ἐπιδινηθέντε,1,0,1
21522,τιναξάσθην,1,0,1
21523,ἰδέτην,1,0,1
21524,δρυψαμένω,1,0,1
21525,δειράς,1,0,1
21526,δεξιώ,1,0,1
21527,ἤιξαν,1,0,1
21528,ὥρμηναν,1,0,1
21529,Ἁλιθέρσης,4,0,4
21530,γνῶναι,3,0,3
21531,εἴρω,3,0,3
21532,φυτεύει,4,0,4
21533,νεμόμεσθ,1,0,1
21534,ἐυδείελον,2,0,2
21535,καταπαύσομεν,1,0,1
21536,παυέσθων,1,0,1
21537,λώιόν,1,0,1
21538,μαντεύομαι,1,0,1
21539,ἐμυθεόμην,3,0,3
21540,παθόντ,1,0,1
21541,ἄγνωστον,3,0,3
21542,ἐεικοστῷ,5,0,5
21543,μαντεύεο,1,0,1
21544,πάσχωσιν,1,0,1
21545,φοιτῶσ,1,0,1
21546,καταφθίσθαι,1,0,1
21547,ἐκείνῳ,3,0,3
21548,ἀγόρευες,1,0,1
21549,ἀνιείης,1,0,1
21550,πόρῃσιν,3,0,3
21551,νεώτερον,3,0,3
21552,παλαιά,3,0,3
21553,ἐποτρύνῃς,1,0,1
21554,χαλεπαίνειν,1,0,1
21555,ἀνιηρέστερον,1,0,1
21556,ἐπιθήσομεν,1,0,1
21557,τίνων,1,0,1
21558,ἀσχάλλῃς,1,0,1
21559,Τηλεμάχῳ,22,0,22
21560,ἀνωγέτω,1,0,1
21561,παύσεσθαι,2,0,2
21562,μνηστύος,1,0,1
21563,πολύμυθον,1,0,1
21564,ἐμπαζόμεθ,1,0,1
21565,μυθέαι,1,0,1
21566,ἀπεχθάνεαι,1,0,1
21567,χρήματα,5,0,5
21568,βεβρώσεται,1,0,1
21569,διατρίβῃσιν,1,0,1
21570,ἐρχόμεθ,1,0,1
21571,εἴκοσ,4,0,4
21572,διαπρήσσωσι,1,0,1
21573,τλαίην,2,0,2
21574,χεύω,1,0,1
21575,κτερεΐξω,1,0,1
21576,Μέντωρ,5,0,5
21577,ἐπέτρεπεν,1,0,1
21578,πείθεσθαί,1,0,1
21579,ἀγανός,2,0,2
21580,ἔρδειν,5,0,5
21581,βίαια,1,0,1
21582,κακορραφίῃσι,1,0,1
21583,σφάς,1,0,1
21584,παρθέμενοι,3,0,3
21585,κατέδουσι,2,0,2
21586,βιαίως,2,0,2
21587,ἧσθ,1,0,1
21588,καθαπτόμενοι,1,0,1
21589,παύρους,1,0,1
21590,καταπαύετε,1,0,1
21591,Εὐηνορίδης,1,0,1
21592,Λειώκριτος,1,0,1
21593,Μέντορ,5,0,5
21594,ἀταρτηρέ,1,0,1
21595,ἠλεέ,1,0,1
21596,καταπαυέμεν,2,0,2
21597,ἀγαυούς,9,0,9
21598,μενοινήσει,1,0,1
21599,κεχάροιτο,2,0,2
21600,χατέουσα,1,0,1
21601,ἐπίσποι,1,0,1
21602,σκίδνασθ,1,0,1
21603,ὀτρυνέει,1,0,1
21604,πατρώιοί,1,0,1
21605,ἀγγελιάων,2,0,2
21606,ἑά,3,0,3
21607,κέλευσας,1,0,1
21608,διατρίβουσιν,1,0,1
21609,ὑπερηνορέοντες,1,0,1
21610,Μέντορι,7,0,7
21611,ἀνοήμων,3,0,3
21612,ἐνέστακται,1,0,1
21613,ἠύ,1,0,1
21614,ἁλίη,2,0,2
21615,ἀτέλεστος,1,0,1
21616,Πηνελοπείης,3,0,3
21617,τελευτήσειν,1,0,1
21618,κακίους,1,0,1
21619,προλέλοιπεν,1,0,1
21620,ἐλπωρή,4,0,4
21621,τελευτῆσαι,2,0,2
21622,τῶ,4,0,4
21623,ἀφραδέων,1,0,1
21624,νοήμονες,3,0,3
21625,δίκαιοι,7,0,7
21626,ἀπέσσεται,2,0,2
21627,στελέω,1,0,1
21628,ἕψομαι,2,0,2
21629,ὅπλισσόν,1,0,1
21630,ἤια,8,0,8
21631,ἄγγεσιν,2,0,2
21632,ἄρσον,2,0,2
21633,ἀμφιφορεῦσι,2,0,2
21634,δέρμασιν,1,0,1
21635,πυκινοῖσιν,3,0,3
21636,ἐθελοντῆρας,1,0,1
21637,συλλέξομαι,1,0,1
21638,νέαι,2,0,2
21639,παλαιαί,2,0,2
21640,παρέμιμνεν,1,0,1
21641,ἀνιεμένους,1,0,1
21642,σιάλους,6,0,6
21643,εὕοντας,1,0,1
21644,γελάσας,1,0,1
21645,ἐσθιέμεν,2,0,2
21646,πινέμεν,3,0,3
21647,τελευτήσουσιν,1,0,1
21648,ἐξαίτους,3,0,3
21649,ἀκουήν,5,0,5
21650,ἀκέοντα,1,0,1
21651,εὐφραίνεσθαι,1,0,1
21652,ἐκείρετε,1,0,1
21653,πυνθάνομαι,1,0,1
21654,ἰήλω,1,0,1
21655,ἔμπορος,2,0,2
21656,ἐπήβολος,1,0,1
21657,ἐρετάων,2,0,2
21658,γίγνομαι,1,0,1
21659,σπάσατ,1,0,1
21660,Ἀντινόοιο,3,0,3
21661,ἐπελώβευον,1,0,1
21662,ἐκερτόμεον,1,0,1
21663,μερμηρίζει,3,0,3
21664,ἀμύντορας,1,0,1
21665,Σπάρτηθεν,2,0,2
21666,ἵεται,1,0,1
21667,Ἐφύρην,1,0,1
21668,ἐνείκῃ,1,0,1
21669,ἀπόληται,1,0,1
21670,δασαίμεθα,1,0,1
21671,ὀπυίοι,2,0,2
21672,νητός,1,0,1
21673,ἐσθής,1,0,1
21674,χηλοῖσιν,1,0,1
21675,ἐυῶδες,1,0,1
21676,ἡδυπότοιο,3,0,3
21677,ἄκρητον,2,0,2
21678,ποτόν,4,0,4
21679,νοστήσειε,3,0,3
21680,κληισταί,1,0,1
21681,ἔπεσαν,1,0,1
21682,δικλίδες,2,0,2
21683,ἐφύλασσε,1,0,1
21684,πολυϊδρείῃσιν,1,0,1
21685,θαλαμόνδε,1,0,1
21686,καλέσσας,3,0,3
21687,μαῖ,4,0,4
21688,ἀμφιφορεῦσιν,3,0,3
21689,ἄφυσσον,1,0,1
21690,λαρώτατος,1,0,1
21691,ὀιομένη,1,0,1
21692,κάμμορον,1,0,1
21693,ἔμπλησον,1,0,1
21694,πώμασιν,1,0,1
21695,χεῦον,1,0,1
21696,ἐϋρραφέεσσι,2,0,2
21697,δοροῖσιν,1,0,1
21698,μυληφάτου,1,0,1
21699,ἴσθι,1,0,1
21700,τετύχθω,2,0,2
21701,αἱρήσομαι,1,0,1
21702,ἀναβῇ,1,0,1
21703,κοίτου,3,0,3
21704,μέδηται,2,0,2
21705,τροφός,11,0,11
21706,Εὐρύκλεια,16,0,16
21707,ἀγαπητός,2,0,2
21708,ἀλλογνώτῳ,1,0,1
21709,φράσσονται,1,0,1
21710,φθίῃς,1,0,1
21711,ἀλάλησθαι,4,0,4
21712,ὄμοσον,1,0,1
21713,ποθέσαι,2,0,2
21714,ἀφορμηθέντος,2,0,2
21715,ἀκοῦσαι,8,0,8
21716,ἰάπτῃ,1,0,1
21717,γρῆυς,2,0,2
21718,ἀπώμνυ,1,0,1
21719,ἄφυσσεν,1,0,1
21720,δοροῖσι,1,0,1
21721,ἐικυῖα,8,0,8
21722,παρισταμένη,8,0,8
21723,ἑσπερίους,1,0,1
21724,ἀγέρεσθαι,1,0,1
21725,Φρονίοιο,3,0,3
21726,Νοήμονα,1,0,1
21727,φαίδιμον,4,0,4
21728,δύσετό,9,0,9
21729,σκιόωντό,7,0,7
21730,ἀγυιαί,7,0,7
21731,ὅπλ,2,0,2
21732,ἐύσσελμοι,3,0,3
21733,ὤτρυνεν,3,0,3
21734,ῤ,1,0,1
21735,πλάζε,1,0,1
21736,πίνοντας,2,0,2
21737,ὤρνυντο,2,0,2
21738,ἔπιπτεν,3,0,3
21739,ἐκπροκαλεσσαμένη,1,0,1
21740,ναιεταόντων,5,0,5
21741,ἐυκνήμιδες,4,0,4
21742,ἐπήρετμοι,6,0,6
21743,διατρίβωμεν,1,0,1
21744,μετέειφ,5,0,5
21745,ἁθρό,1,0,1
21746,πέπυσται,2,0,2
21747,δμωαί,3,0,3
21748,ἐυσσέλμῳ,1,0,1
21749,κληῖσι,8,0,8
21750,ἀκραῆ,1,0,1
21751,κελάδοντ,1,0,1
21752,ἐποτρύνας,6,0,6
21753,ὅπλων,2,0,2
21754,εἰλάτινον,2,0,2
21755,μεσόδμης,2,0,2
21756,ἐυστρέπτοισι,1,0,1
21757,βοεῦσιν,1,0,1
21758,ἔπρησεν,1,0,1
21759,δησάμενοι,2,0,2
21760,στήσαντο,1,0,1
21761,πεῖρε,1,0,1
21762,φαείνοι,1,0,1
21763,ἐυκτίμενον,5,0,5
21764,ῥέζον,1,0,1
21765,παμμέλανας,1,0,1
21766,ἐνοσίχθονι,1,0,1
21767,ἕδραι,2,0,2
21768,πεντακόσιοι,1,0,1
21769,προύχοντο,1,0,1
21770,ἑκάστοθι,1,0,1
21771,εὖθ,5,0,5
21772,ἔκαιον,2,0,2
21773,κατάγοντο,2,0,2
21774,ἐίσης,4,0,4
21775,ὥρμισαν,3,0,3
21776,αἰδοῦς,3,0,3
21777,ἐπέπλως,1,0,1
21778,ὅπου,2,0,2
21779,κύθε,1,0,1
21780,ἐπέσπεν,2,0,2
21781,προσπτύξομαι,3,0,3
21782,πεπείρημαι,1,0,1
21783,γεραίτερον,1,0,1
21784,ἐξερέεσθαι,3,0,3
21785,νοήσεις,1,0,1
21786,ὑποθήσεται,1,0,1
21787,ἄγυρίν,1,0,1
21788,ἐντυνόμενοι,2,0,2
21789,ὤπτων,2,0,2
21790,ἔπειρον,1,0,1
21791,Πεισίστρατος,8,0,8
21792,ἵδρυσεν,1,0,1
21793,κώεσιν,2,0,2
21794,ἁλίῃσιν,4,0,4
21795,Θρασυμήδεϊ,1,0,1
21796,σπλάγχνων,2,0,2
21797,μοίρας,7,0,7
21798,χρυσείῳ,1,0,1
21799,δειδισκόμενος,1,0,1
21800,δαίτης,1,0,1
21801,ἠντήσατε,1,0,1
21802,μολόντες,1,0,1
21803,εὔξεαι,1,0,1
21804,σπεῖσαι,1,0,1
21805,χατέουσ,1,0,1
21806,ἡδέος,5,0,5
21807,πεπνυμένῳ,1,0,1
21808,δικαίῳ,3,0,3
21809,μεγήρῃς,1,0,1
21810,εὐχομένοισι,1,0,1
21811,χαρίεσσαν,2,0,2
21812,ἀμοιβήν,2,0,2
21813,σύμπασιν,1,0,1
21814,ἀγακλειτῆς,5,0,5
21815,πρήξαντα,1,0,1
21816,τελεύτα,2,0,2
21817,ὤπτησαν,3,0,3
21818,κρέ,4,0,4
21819,ὑπέρτερα,3,0,3
21820,δασσάμενοι,5,0,5
21821,κάλλίον,1,0,1
21822,μεταλλῆσαι,5,0,5
21823,τινές,4,0,4
21824,πλεῖθ,2,0,2
21825,πρῆξιν,2,0,2
21826,ἀλάλησθε,2,0,2
21827,ληιστῆρες,2,0,2
21828,ἀλόωνται,2,0,2
21829,πέροντες,1,0,1
21830,ὑπονηίου,1,0,1
21831,ἰδίη,1,0,1
21832,δήμιος,1,0,1
21833,μετέρχομαι,1,0,1
21834,πολέμιξον,1,0,1
21835,πευθόμεθ,1,0,1
21836,ἀπευθέα,1,0,1
21837,ὁππόθ,1,0,1
21838,εἴτε,1,0,1
21839,πελάγει,1,0,1
21840,κύμασιν,6,0,6
21841,Ἀμφιτρίτης,2,0,2
21842,ἐνισπεῖν,2,0,2
21843,ὄπωπας,2,0,2
21844,τεοῖσιν,2,0,2
21845,ἄκουσας,4,0,4
21846,πλαζομένου,2,0,2
21847,ὀιζυρόν,3,0,3
21848,μειλίσσεο,2,0,2
21849,ἤντησας,3,0,3
21850,ὀπωπῆς,4,0,4
21851,πάσχετε,4,0,4
21852,ἔμνησας,1,0,1
21853,ὀιζύος,4,0,4
21854,ἀνέτλημεν,1,0,1
21855,ἄσχετοι,1,0,1
21856,πλαζόμενοι,1,0,1
21857,ληίδ,1,0,1
21858,ἄρξειεν,1,0,1
21859,μαρνάμεθ,1,0,1
21860,ἀρήιος,2,0,2
21861,ἐκεῖνα,1,0,1
21862,μυθήσαιτο,2,0,2
21863,πεντάετές,1,0,1
21864,ἑξάετες,1,0,1
21865,παραμίμνων,1,0,1
21866,ἐξερέοις,1,0,1
21867,ἵκοιο,4,0,4
21868,ῥάπτομεν,1,0,1
21869,παντοίοισι,2,0,2
21870,μῦθοί,1,0,1
21871,δίχ,1,0,1
21872,ἐβάζομεν,1,0,1
21873,νόω,1,0,1
21874,ἐπίφρονι,1,0,1
21875,φραζόμεθ,1,0,1
21876,διεπέρσαμεν,3,0,3
21877,βῆμεν,7,0,7
21878,ἐσκέδασσεν,1,0,1
21879,μήνιος,1,0,1
21880,ὀλοῆς,1,0,1
21881,ὀβριμοπάτρης,2,0,2
21882,ἔριν,4,0,4
21883,Ἀτρεΐδῃσι,2,0,2
21884,καλεσσαμένω,1,0,1
21885,βεβαρηότες,1,0,1
21886,μυθείσθην,1,0,1
21887,ἄγειραν,1,0,1
21888,μιμνήσκεσθαι,1,0,1
21889,ἑήνδανε,1,0,1
21890,ἐξακέσαιτο,1,0,1
21891,ἀμειβομένω,4,0,4
21892,ἀνόρουσαν,2,0,2
21893,ἀέσαμεν,1,0,1
21894,χαλεπά,1,0,1
21895,ἕλκομεν,1,0,1
21896,κτήματά,3,0,3
21897,ἐντιθέμεσθα,1,0,1
21898,ἐστόρεσεν,2,0,2
21899,μεγακήτεα,1,0,1
21900,Τένεδον,1,0,1
21901,ἐρέξαμεν,1,0,1
21902,θεοισ῀ν,1,0,1
21903,ἀποστρέψαντες,1,0,1
21904,ἀολλέσιν,1,0,1
21905,γίγνωσκον,3,0,3
21906,ὅδή,1,0,1
21907,Λέσβῳ,3,0,3
21908,ἔκιχεν,1,0,1
21909,πλόον,1,0,1
21910,ὁρμαίνοντας,1,0,1
21911,Χίοιο,2,0,2
21912,νεοίμεθα,1,0,1
21913,Ψυρίης,1,0,1
21914,Μίμαντα,1,0,1
21915,ᾐτέομεν,1,0,1
21916,φῆναι,2,0,2
21917,δεῖξε,1,0,1
21918,τέμνειν,1,0,1
21919,διέδραμον,1,0,1
21920,Γεραιστόν,1,0,1
21921,ἐννύχιαι,1,0,1
21922,μῆρ,3,0,3
21923,ἔθεμεν,1,0,1
21924,μετρήσαντες,1,0,1
21925,ἐίσας,5,0,5
21926,ἀῆναι,2,0,2
21927,ἀπευθής,1,0,1
21928,ἐσάωθεν,1,0,1
21929,πεύθομαι,1,0,1
21930,δαήσεαι,2,0,2
21931,κοὐδέ,1,0,1
21932,δεύσω,1,0,1
21933,Φιλοκτήτην,1,0,1
21934,Ποιάντιον,1,0,1
21935,εἰσήγαγ,1,0,1
21936,ἐμήσατο,6,0,6
21937,ἐπισμυγερῶς,2,0,2
21938,τοσσήνδε,1,0,1
21939,περιθεῖεν,1,0,1
21940,μηχανόωνται,7,0,7
21941,ἐπέκλωσαν,2,0,2
21942,ὄλβον,5,0,5
21943,τετλάμεν,2,0,2
21944,ἀνέμνησας,1,0,1
21945,μηχανάασθαι,2,0,2
21946,ὑποδάμνασαι,2,0,2
21947,ἐχθαίρουσ,2,0,2
21948,ἐπισπόμενοι,5,0,5
21949,ὀμφῇ,2,0,2
21950,περικήδετο,2,0,2
21951,πάσχομεν,2,0,2
21952,Ἀχαιοί—,1,0,1
21953,ἀναφανδά,3,0,3
21954,φιλεῦντας,1,0,1
21955,Ἀθήνη—,1,0,1
21956,κήδοιτό,1,0,1
21957,ἐκλελάθοιτο,1,0,1
21958,ἐλπομένω,1,0,1
21959,γένοιτ,1,0,1
21960,ἐθέλοιεν,2,0,2
21961,Τηλέμαχε,4,0,4
21962,ἐφέστιος,2,0,2
21963,ὁμοίιον,1,0,1
21964,ἀλαλκέμεν,1,0,1
21965,φράσσαντ,1,0,1
21966,δίκας,3,0,3
21967,φρόνιν,2,0,2
21968,ἀνάξασθαι,1,0,1
21969,γένε,1,0,1
21970,ἀληθές,1,0,1
21971,δολόμητις,3,0,3
21972,Ἀχαιικοῦ,1,0,1
21973,πλάζετ,2,0,2
21974,ὀίεαι,2,0,2
21975,κατέδαψαν,1,0,1
21976,κλαῦσεν,1,0,1
21977,Ἀχαιιάδων,1,0,1
21978,τελέοντες,1,0,1
21979,ἥμεθ,3,0,3
21980,θέλγεσκ,1,0,1
21981,Κλυταιμνήστρη,3,0,3
21982,κέχρητ,3,0,3
21983,Τροίηνδε,5,0,5
21984,ἔρυσασθαι,1,0,1
21985,ἐπέδησε,3,0,3
21986,ἐρήμην,1,0,1
21987,ἐθέλουσαν,1,0,1
21988,ἱεροῖς,3,0,3
21989,βωμοῖς,1,0,1
21990,ἀγάλματ,1,0,1
21991,ἀνῆψεν,1,0,1
21992,ὑφάσματά,1,0,1
21993,ἐκτελέσας,1,0,1
21994,πλέομεν,9,0,9
21995,Σούνιον,1,0,1
21996,ἀφικόμεθ,7,0,7
21997,Ἀθηνέων,1,0,1
21998,κυβερνήτην,1,0,1
21999,πηδάλιον,3,0,3
22000,θεούσης,1,0,1
22001,Φρόντιν,1,0,1
22002,Ὀνητορίδην,1,0,1
22003,ἐκαίνυτο,1,0,1
22004,κυβερνῆσαι,1,0,1
22005,σπέρχοιεν,1,0,1
22006,κατέσχετ,1,0,1
22007,θάπτοι,1,0,1
22008,κτερίσειεν,1,0,1
22009,Μαλειάων,2,0,2
22010,ἐφράσατο,2,0,2
22011,ἀυτμένα,1,0,1
22012,χεῦε,3,0,3
22013,τροφέοντο,1,0,1
22014,ἐπέλασσεν,2,0,2
22015,Κύδωνες,2,0,2
22016,λισσή,3,0,3
22017,αἰπεῖά,1,0,1
22018,Γόρτυνος,1,0,1
22019,ἠεροειδέι,4,0,4
22020,σκαιόν,1,0,1
22021,ὠθεῖ,1,0,1
22022,ἤλυξαν,1,0,1
22023,σπιλάδεσσιν,1,0,1
22024,ἔαξαν,1,0,1
22025,κυανοπρῳρείους,1,0,1
22026,Αἰγύπτῳ,5,0,5
22027,ἐπέλασσε,3,0,3
22028,ἄνεμός,9,0,9
22029,ἠλᾶτο,1,0,1
22030,ἑπτάετες,3,0,3
22031,ὀγδοάτῳ,2,0,2
22032,Ἀθηνάων,2,0,2
22033,στυγερῆς,1,0,1
22034,ἀλάλησο,1,0,1
22035,προλιπών,3,0,3
22036,φάγωσιν,1,0,1
22037,τηϋσίην,2,0,2
22038,ἔλποιτό,1,0,1
22039,ἀποσφήλωσιν,1,0,1
22040,αὐτόετες,1,0,1
22041,οἰχνεῦσιν,1,0,1
22042,πομπῆες,4,0,4
22043,ἔσονται,3,0,3
22044,ἐνίσπῃ,4,0,4
22045,τάμνετε,1,0,1
22046,γλώσσας,2,0,2
22047,κεράασθε,1,0,1
22048,κοίτοιο,3,0,3
22049,οἴχεθ,1,0,1
22050,θαασσέμεν,1,0,1
22051,αὐδησάσης,1,0,1
22052,ἀνιστάμενοι,1,0,1
22053,ἐπέλειβον,1,0,1
22054,ἔπιον,3,0,3
22055,ἀλεξήσειε,1,0,1
22056,κίοιτε,1,0,1
22057,ἀνείμονος,1,0,1
22058,πενιχροῦ,1,0,1
22059,χλαῖναι,5,0,5
22060,μαλακῶς,2,0,2
22061,ξείνοισιν,3,0,3
22062,ἐνεύδειν,1,0,1
22063,ἰκριόφιν,5,0,5
22064,καταλέξεται,1,0,1
22065,ζώω,1,0,1
22066,ξεινίζειν,1,0,1
22067,εὕδῃ,1,0,1
22068,θαρσύνω,1,0,1
22069,λεξαίμην,2,0,2
22070,κοίλῃ,4,0,4
22071,Καύκωνας,1,0,1
22072,χρεῖός,1,0,1
22073,ὀφέλλεται,1,0,1
22074,υἱέι,3,0,3
22075,ἐλαφρότατοι,1,0,1
22076,φήνῃ,1,0,1
22077,ἰδόντας,2,0,2
22078,ὀφθαλμοῖς,2,0,2
22079,Τηλεμάχου,12,0,12
22080,ἄναλκιν,1,0,1
22081,ἐχόντων,1,0,1
22082,ἐτίμα,3,0,3
22083,ἄνασσ,2,0,2
22084,ἵληθι,1,0,1
22085,δίδωθι,1,0,1
22086,παίδεσσι,2,0,2
22087,αἰδοίῃ,2,0,2
22088,παρακοίτι,1,0,1
22089,ὕπό,1,0,1
22090,γαμβροῖσιν,1,0,1
22091,ἀγακλυτά,4,0,4
22092,ἐλθοῦσιν,1,0,1
22093,κέρασσεν,1,0,1
22094,ἑνδεκάτῳ,1,0,1
22095,κρήδεμνον,5,0,5
22096,κεράσσατο,2,0,2
22097,ἀποσπένδων,3,0,3
22098,κοίμησε,2,0,2
22099,ἐριδούπῳ,4,0,4
22100,ἐυμμελίην,1,0,1
22101,Πεισίστρατον,1,0,1
22102,ἠίθεος,1,0,1
22103,καθεῦδε,4,0,4
22104,δέσποινα,3,0,3
22105,πόρσυνε,2,0,2
22106,λίθοισιν,1,0,1
22107,ἀποστίλβοντες,1,0,1
22108,ἵζεσκεν,1,0,1
22109,Ἄϊδόσδε,5,0,5
22110,ἐφῖζε,2,0,2
22111,Ἐχέφρων,2,0,2
22112,Στρατίος,2,0,2
22113,Περσεύς,2,0,2
22114,Ἄρητός,1,0,1
22115,ἕκτος,1,0,1
22116,θεοείκελον,1,0,1
22117,κρηήνατ,2,0,2
22118,ἱλάσσομ,1,0,1
22119,ἐναργής,1,0,1
22120,πεδίονδ,1,0,1
22121,ἔλθῃσιν,4,0,4
22122,ἐλάσῃ,3,0,3
22123,ἐπιβουκόλος,6,0,6
22124,ἀγέτω,1,0,1
22125,λιπέτω,1,0,1
22126,χρυσοχόον,1,0,1
22127,Λαέρκεα,1,0,1
22128,κελέσθω,1,0,1
22129,περιχεύῃ,1,0,1
22130,μένετ,1,0,1
22131,εἴπατε,1,0,1
22132,χαλκήια,1,0,1
22133,τέχνης,2,0,2
22134,ἄκμονά,1,0,1
22135,σφῦραν,1,0,1
22136,ἐυποίητόν,1,0,1
22137,εἰργάξετο,1,0,1
22138,ἔδωχ,1,0,1
22139,περίχευεν,2,0,2
22140,ἰδοῦσα,4,0,4
22141,ἀγέτην,1,0,1
22142,λέβητι,2,0,2
22143,οὐλάς,1,0,1
22144,κανέῳ,2,0,2
22145,ἐπικόψων,1,0,1
22146,ἀμνίον,1,0,1
22147,χέρνιβά,1,0,1
22148,κατήρχετο,1,0,1
22149,ἀπαρχόμενος,2,0,2
22150,αὐχενίους,1,0,1
22151,ὀλόλυξαν,1,0,1
22152,Εὐρυδίκη,1,0,1
22153,Κλυμένοιο,1,0,1
22154,ἔσχον,3,0,3
22155,σφάξεν,1,0,1
22156,ῥύη,1,0,1
22157,ἀκροπόρους,1,0,1
22158,Πολυκάστη,1,0,1
22159,ὁπλοτάτη,2,0,2
22160,λοῦσέν,3,0,3
22161,ἔχρισεν,3,0,3
22162,ἀσαμίνθου,4,0,4
22163,ὄροντο,1,0,1
22164,οἰνοχοεῦντες,1,0,1
22165,ζεύξαθ,1,0,1
22166,πρήσσῃσιν,1,0,1
22167,ἔζευξαν,1,0,1
22168,ὄψα,3,0,3
22169,ἔδουσι,2,0,2
22170,ἀνέβαινε,3,0,3
22171,σεῖον,2,0,2
22172,Ὀρτιλόχοιο,3,0,3
22173,Ἀλφειός,2,0,2
22174,ἄεσαν,2,0,2
22175,ζεύγνυντ,3,0,3
22176,πυρηφόρον,1,0,1
22177,ἦνον,1,0,1
22178,ὑπέκφερον,1,0,1
22179,δαινύντα,1,0,1
22180,ἔτῃσιν,1,0,1
22181,θυγατρός,3,0,3
22182,ῥηξήνορος,1,0,1
22183,πέμπεν,1,0,1
22184,Ἀλέκτορος,1,0,1
22185,ἤγετο,1,0,1
22186,Μεγαπένθης,3,0,3
22187,δούλης,1,0,1
22188,ἔφαινον,2,0,2
22189,γείτονες,3,0,3
22190,ἐμέλπετο,2,0,2
22191,ἐξάρχοντος,1,0,1
22192,Τηλέμαχός,5,0,5
22193,ἴδετο,1,0,1
22194,Ἐτεωνεύς,2,0,2
22195,ὀτρηρός,2,0,2
22196,ἀγγελέων,3,0,3
22197,ξείνω,1,0,1
22198,τινε,1,0,1
22199,ἔικτον,1,0,1
22200,σφωιν,2,0,2
22201,καταλύσομεν,1,0,1
22202,πέμπωμεν,2,0,2
22203,ἱκανέμεν,2,0,2
22204,Βοηθοΐδη,1,0,1
22205,Ἐτεωνεῦ,1,0,1
22206,ξεινήια,1,0,1
22207,φαγόντε,1,0,1
22208,ἱκόμεθ,8,0,8
22209,παύσῃ,1,0,1
22210,θοινηθῆναι,1,0,1
22211,ὀτρηρούς,1,0,1
22212,ἱππείῃσι,1,0,1
22213,κάπῃσι,1,0,1
22214,ζειάς,1,0,1
22215,ἔμιξαν,1,0,1
22216,εἰσῆγον,2,0,2
22217,σελήνης,2,0,2
22218,ὁρώμενοι,2,0,2
22219,ἐυξέστας,1,0,1
22220,ἅπτεσθον,1,0,1
22221,πασσαμένω,1,0,1
22222,εἰρησόμεθ,1,0,1
22223,σφῷν,1,0,1
22224,σκηπτούχων,1,0,1
22225,τοιούσδε,1,0,1
22226,τέκοιεν,1,0,1
22227,ὄπτ,1,0,1
22228,πάρθεσαν,1,0,1
22229,Νεστορίδη,3,0,3
22230,ἠχήεντα,1,0,1
22231,ἠλέκτρου,1,0,1
22232,ἐλέφαντος,5,0,5
22233,τοιήδε,1,0,1
22234,αὐλή,6,0,6
22235,ἀγορεύοντος,1,0,1
22236,ξύνετο,1,0,1
22237,δόμοι,4,0,4
22238,ἐρίσσεται,1,0,1
22239,κτήμασιν,2,0,2
22240,ἐπαληθείς,3,0,3
22241,ἠγαγόμην,2,0,2
22242,ἔτει,1,0,1
22243,Φοινίκην,2,0,2
22244,Αἰγυπτίους,2,0,2
22245,Αἰθίοπάς,1,0,1
22246,Σιδονίους,1,0,1
22247,Ἐρεμβούς,1,0,1
22248,Λιβύην,2,0,2
22249,κεραοί,1,0,1
22250,τίκτει,1,0,1
22251,τυροῦ,1,0,1
22252,γάλακτος,2,0,2
22253,παρέχουσιν,1,0,1
22254,ἐπηετανόν,5,0,5
22255,θῆσθαι,1,0,1
22256,κεῖνα,4,0,4
22257,συναγείρων,1,0,1
22258,ἠλώμην,2,0,2
22259,τῆός,1,0,1
22260,ἀνωιστί,1,0,1
22261,οὐλομένης,5,0,5
22262,τοῖσδε,4,0,4
22263,τριτάτην,1,0,1
22264,δώμασι,6,0,6
22265,ἡμετέροισιν,3,0,3
22266,γόῳ,2,0,2
22267,τέρπομαι,3,0,3
22268,αἰψηρός,1,0,1
22269,ἀπεχθαίρει,1,0,1
22270,μνωομένῳ,1,0,1
22271,ἐμόγησεν,4,0,4
22272,ἐμόγησε,2,0,2
22273,ἀποίχεται,1,0,1
22274,ὀδύρονταί,1,0,1
22275,γεγαῶτ,2,0,2
22276,ὀφθαλμοῖιν,2,0,2
22277,ἐάσειε,1,0,1
22278,μνησθῆναι,1,0,1
22279,ἐξερέοιτο,2,0,2
22280,ἕκαστά,3,0,3
22281,θυώδεος,1,0,1
22282,Ἀρτέμιδι,5,0,5
22283,χρυσηλακάτῳ,1,0,1
22284,Ἀδρήστη,1,0,1
22285,Ἀλκίππη,1,0,1
22286,τάπητα,1,0,1
22287,μαλακοῦ,1,0,1
22288,ἐρίοιο,1,0,1
22289,Φυλώ,2,0,2
22290,τάλαρον,1,0,1
22291,Ἀλκάνδρη,1,0,1
22292,Πολύβοιο,2,0,2
22293,ἔναι,1,0,1
22294,Θήβῃς,1,0,1
22295,Αἰγυπτίῃς,1,0,1
22296,ἀργυρέας,2,0,2
22297,κάλλιμα,3,0,3
22298,τάλαρόν,1,0,1
22299,ὑπόκυκλον,1,0,1
22300,κεκράαντο,1,0,1
22301,νήματος,1,0,1
22302,ἀσκητοῖο,1,0,1
22303,βεβυσμένον,1,0,1
22304,ἠλακάτη,1,0,1
22305,ἰοδνεφές,2,0,2
22306,εἶρος,3,0,3
22307,ἐρέεινεν,1,0,1
22308,εὐχετόωνται,2,0,2
22309,εἰσορόωσαν,1,0,1
22310,ἤλθεθ,1,0,1
22311,ἐίσκεις,1,0,1
22312,τοιοίδε,1,0,1
22313,τοιαίδε,1,0,1
22314,βολαί,1,0,1
22315,ἐφύπερθέ,1,0,1
22316,μυθεόμην,1,0,1
22317,ὀιζύσας,1,0,1
22318,εἶβε,2,0,2
22319,σαόφρων,1,0,1
22320,νεμεσσᾶται,2,0,2
22321,ἐπεσβολίας,1,0,1
22322,ἀναφαίνειν,1,0,1
22323,τερπόμεθ,1,0,1
22324,αὐδῇ,1,0,1
22325,ἐέλδετο,1,0,1
22326,ὑποθήσεαι,1,0,1
22327,ἀοσσητῆρες,2,0,2
22328,εἴσ,2,0,2
22329,φιλησέμεν,1,0,1
22330,νῶιν,1,0,1
22331,νάσσα,1,0,1
22332,ἔτευξα,1,0,1
22333,περιναιετάουσιν,2,0,2
22334,ἀνάσσονται,1,0,1
22335,διέκρινεν,1,0,1
22336,φιλέοντέ,1,0,1
22337,τερπομένω,1,0,1
22338,ἀγάσσεσθαι,1,0,1
22339,ἀνόστιμον,1,0,1
22340,ἀδακρύτω,1,0,1
22341,Ἠοῦς,3,0,3
22342,ἔκτεινε,2,0,2
22343,φάσχ,1,0,1
22344,ἐρέοιμεν,1,0,1
22345,πίθοιό,1,0,1
22346,τέρπομ,2,0,2
22347,μεταδόρπιος,1,0,1
22348,νεμεσσῶμαί,2,0,2
22349,ὀιζυροῖσι,1,0,1
22350,ῥέξειε,2,0,2
22351,ἐπικλώσῃ,1,0,1
22352,γαμέοντί,1,0,1
22353,γεινομένῳ,1,0,1
22354,λιπαρῶς,1,0,1
22355,γηρασκέμεν,1,0,1
22356,πινυτούς,1,0,1
22357,κλαυθμόν,1,0,1
22358,χευάντων,1,0,1
22359,ἠῶθέν,2,0,2
22360,διαειπέμεν,1,0,1
22361,Ἀσφαλίων,1,0,1
22362,ἔπινον,2,0,2
22363,νηπενθές,1,0,1
22364,ἄχολόν,1,0,1
22365,ἐπίληθον,1,0,1
22366,καταβρόξειεν,1,0,1
22367,μιγείη,2,0,2
22368,ἐφημέριός,1,0,1
22369,κατατεθναίη,1,0,1
22370,δηιόῳεν,1,0,1
22371,μητιόεντα,1,0,1
22372,Πολύδαμνα,1,0,1
22373,Θῶνος,1,0,1
22374,Αἰγυπτίη,1,0,1
22375,μεμιγμένα,1,0,1
22376,Παιήονός,1,0,1
22377,οἰνοχοῆσαι,2,0,2
22378,ἀμειβομένη,4,0,4
22379,δαίνυσθε,2,0,2
22380,τέρπεσθε,1,0,1
22381,ταλασίφρονός,1,0,1
22382,ἄεθλοι,3,0,3
22383,ἀεικελίῃσι,1,0,1
22384,δαμάσσας,1,0,1
22385,σπεῖρα,2,0,2
22386,οἰκῆι,1,0,1
22387,κατακρύπτων,1,0,1
22388,ἤισκε,1,0,1
22389,δέκτῃ,1,0,1
22390,ἀβάκησαν,1,0,1
22391,ἀνέγνων,1,0,1
22392,ἀνηρώτων,1,0,1
22393,λόεον,1,0,1
22394,χρῖον,1,0,1
22395,ἕσσα,1,0,1
22396,ὤμοσα,1,0,1
22397,ἀναφῆναι,1,0,1
22398,ἐκώκυον,2,0,2
22399,οἶκόνδ,2,0,2
22400,μετέστενον,1,0,1
22401,νοσφισσαμένην,1,0,1
22402,θάλαμόν,2,0,2
22403,ἐπελήλυθα,1,0,1
22404,οἷν,1,0,1
22405,ξεστῷ,1,0,1
22406,ἐνήμεθα,1,0,1
22407,κελευσέμεναι,1,0,1
22408,θεοείκελος,2,0,2
22409,ἕσπετ,1,0,1
22410,ἰούσῃ,1,0,1
22411,περίστειξας,1,0,1
22412,ἀμφαφόωσα,1,0,1
22413,ὀνομακλήδην,1,0,1
22414,ὀνόμαζες,1,0,1
22415,ἴσκουσ,1,0,1
22416,ἐβόησας,2,0,2
22417,ὁρμηθέντε,1,0,1
22418,ἐξελθέμεναι,1,0,1
22419,ὑπακοῦσαι,1,0,1
22420,Ἄντικλος,1,0,1
22421,ἤθελεν,3,0,3
22422,μάστακα,2,0,2
22423,πίεζεν,1,0,1
22424,κρατερῇσι,1,0,1
22425,σιδηρέη,1,0,1
22426,δέμνια,8,0,8
22427,παρῖζεν,1,0,1
22428,ἴδιον,2,0,2
22429,κληηδόνα,1,0,1
22430,ἐνίσποις,1,0,1
22431,ἐσθίεταί,1,0,1
22432,πλεῖος,1,0,1
22433,προσέθη,1,0,1
22434,ξυλόχῳ,2,0,2
22435,ἔλαφος,2,0,2
22436,κοιμήσασα,2,0,2
22437,νεηγενέας,2,0,2
22438,γαλαθηνούς,2,0,2
22439,ἐξερέῃσι,2,0,2
22440,εἰσήλυθεν,2,0,2
22441,ἐφήσει,4,0,4
22442,ἐυκτιμένῃ,1,0,1
22443,Φιλομηλεΐδῃ,2,0,2
22444,ἐπάλαισεν,2,0,2
22445,εἰρωτᾷς,4,0,4
22446,λίσσεαι,2,0,2
22447,εἴποιμι,5,0,5
22448,παρακλιδόν,2,0,2
22449,ἀπατήσω,2,0,2
22450,νημερτής,5,0,5
22451,κρύψω,3,0,3
22452,βούλοντο,2,0,2
22453,πολυκλύστῳ,3,0,3
22454,Αἰγύπτου,1,0,1
22455,Φάρον,1,0,1
22456,πανημερίη,1,0,1
22457,γλαφυρή,1,0,1
22458,ἤνυσεν,2,0,2
22459,ἐπιπνείῃσιν,1,0,1
22460,λιμήν,5,0,5
22461,ἐύορμος,2,0,2
22462,βάλλουσιν,1,0,1
22463,ἀφυσσάμενοι,1,0,1
22464,οὖροι,1,0,1
22465,φαίνονθ,1,0,1
22466,ἁλιαέες,1,0,1
22467,γίγνονται,6,0,6
22468,κατέφθιτο,1,0,1
22469,Πρωτέος,1,0,1
22470,ἰφθίμου,1,0,1
22471,Εἰδοθέη,1,0,1
22472,ὄρινα,1,0,1
22473,ἔρροντι,1,0,1
22474,ἀλώμενοι,1,0,1
22475,ἰχθυάασκον,1,0,1
22476,γναμπτοῖς,2,0,2
22477,ἀγκίστροισιν,2,0,2
22478,ἔτειρε,2,0,2
22479,χαλίφρων,2,0,2
22480,μεθίεις,1,0,1
22481,τέρπεαι,1,0,1
22482,ἐρύκεαι,1,0,1
22483,προσέειπον,18,0,18
22484,κατερύκομαι,1,0,1
22485,ἀλιτέσθαι,1,0,1
22486,πεδάᾳ,2,0,2
22487,πωλεῖταί,1,0,1
22488,Πρωτεύς,1,0,1
22489,ὑποδμώς,1,0,1
22490,δύναιο,1,0,1
22491,λοχησάμενος,3,0,3
22492,λελαβέσθαι,1,0,1
22493,ἐλεύσεαι,4,0,4
22494,δολιχήν,4,0,4
22495,προδαείς,1,0,1
22496,ἀλέηται,1,0,1
22497,ἀμφιβεβήκῃ,1,0,1
22498,φρικί,1,0,1
22499,καλυφθείς,1,0,1
22500,κοιμᾶται,1,0,1
22501,γλαφυροῖσιν,1,0,1
22502,φῶκαι,2,0,2
22503,νέποδες,1,0,1
22504,ἁθρόαι,2,0,2
22505,εὕδουσιν,1,0,1
22506,ἐξαναδῦσαι,1,0,1
22507,ἀποπνείουσαι,1,0,1
22508,ὀδμήν,2,0,2
22509,ἀγαγοῦσα,2,0,2
22510,εὐνάσω,1,0,1
22511,κρίνασθαι,1,0,1
22512,ἐυσσέλμοισιν,1,0,1
22513,ὀλοφώια,3,0,3
22514,φώκας,2,0,2
22515,ἀριθμήσει,1,0,1
22516,πεμπάσσεται,1,0,1
22517,μέσσῃσι,1,0,1
22518,πώεσι,1,0,1
22519,κατευνηθέντα,2,0,2
22520,γιγνόμενος,1,0,1
22521,ἑρπετά,1,0,1
22522,ἀστεμφέως,2,0,2
22523,μᾶλλόν,2,0,2
22524,πιέζειν,2,0,2
22525,ἀνείρηται,1,0,1
22526,σχέσθαι,1,0,1
22527,λῦσαί,4,0,4
22528,εἴρεσθαι,2,0,2
22529,χαλέπτει,1,0,1
22530,ὁπλισάμεσθ,2,0,2
22531,κοιμήθημεν,5,0,5
22532,πεποίθεα,2,0,2
22533,ὑποδῦσα,1,0,1
22534,φωκάων,2,0,2
22535,δέρματ,2,0,2
22536,ἔνεικε,8,0,8
22537,νεόδαρτα,1,0,1
22538,ἐπεμήδετο,1,0,1
22539,διαγλάψασ,1,0,1
22540,μένουσ,1,0,1
22541,ἤλθομεν,6,0,6
22542,εὔνησε,2,0,2
22543,αἰνότατος,1,0,1
22544,ἁλιοτρεφέων,1,0,1
22545,ὀλοώτατος,1,0,1
22546,εἰναλίῳ,1,0,1
22547,κήτεϊ,1,0,1
22548,κοιμηθείη,1,0,1
22549,πνείουσαν,1,0,1
22550,ὄλεσσε,1,0,1
22551,κήτεος,1,0,1
22552,ἠοίην,1,0,1
22553,μένομεν,2,0,2
22554,τετληότι,9,0,9
22555,ἑξῆς,7,0,7
22556,εὐνάζοντο,3,0,3
22557,ἔνδιος,1,0,1
22558,ζατρεφέας,1,0,1
22559,λέκτο,4,0,4
22560,ἀριθμόν,2,0,2
22561,πρώτους,1,0,1
22562,λέγε,3,0,3
22563,κήτεσιν,1,0,1
22564,ὠΐσθη,1,0,1
22565,ἐπεσσύμεθ,1,0,1
22566,βάλλομεν,2,0,2
22567,δολίης,1,0,1
22568,ἐπελήθετο,2,0,2
22569,ἠυγένειος,1,0,1
22570,ἔχομεν,2,0,2
22571,ἀνίαζ,1,0,1
22572,ἀνειρόμενος,2,0,2
22573,παρατροπέων,1,0,1
22574,ἐρύκομαι,1,0,1
22575,ἀναβαινέμεν,1,0,1
22576,Αἰγύπτοιο,2,0,2
22577,ῥέξῃς,1,0,1
22578,δώσουσιν,1,0,1
22579,Αἴγυπτόνδ,2,0,2
22580,λίπομεν,1,0,1
22581,ὤλετ,2,0,2
22582,ἀδευκέι,1,0,1
22583,διείρεαι,3,0,3
22584,δαῆναι,1,0,1
22585,ἄκλαυτον,3,0,3
22586,νόστῳ,4,0,4
22587,παρῆσθα,1,0,1
22588,δολιχηρέτμοισι,1,0,1
22589,Γυρῇσίν,1,0,1
22590,ἐξεσάωσε,1,0,1
22591,ἐχθόμενός,1,0,1
22592,Γυραίην,1,0,1
22593,ἔσχισεν,1,0,1
22594,τρύφος,1,0,1
22595,ἐφεζόμενος,1,0,1
22596,ἀπόλωλεν,1,0,1
22597,πίεν,4,0,4
22598,ἁλμυρόν,8,0,8
22599,ὑπάλυξεν,2,0,2
22600,ἀναρπάξασα,4,0,4
22601,Θυέστης,1,0,1
22602,ἔναιε,3,0,3
22603,Θυεστιάδης,1,0,1
22604,στρέψαν,1,0,1
22605,κύνει,1,0,1
22606,ἁπτόμενος,1,0,1
22607,χέοντ,1,0,1
22608,παριών,2,0,2
22609,μνήσαιτο,1,0,1
22610,δολίην,1,0,1
22611,τέχνην,3,0,3
22612,καλέων,2,0,2
22613,εἰδότ,1,0,1
22614,ἀνήγαγε,1,0,1
22615,δειπνίσσας,2,0,2
22616,λίπεθ,1,0,1
22617,Αἰγίσθου,2,0,2
22618,κυλινδόμενός,1,0,1
22619,κορέσθην,1,0,1
22620,ἄνυσίν,1,0,1
22621,δήομεν,2,0,2
22622,πείρα,1,0,1
22623,κιχήσεαι,2,0,2
22624,κτεῖνεν,1,0,1
22625,ὑποφθάμενος,1,0,1
22626,ἀντιβολήσαις,2,0,2
22627,ἀχνυμένῳ,2,0,2
22628,προσηύδων,13,0,13
22629,Λαέρτεω,4,0,4
22630,Καλυψοῦς,5,0,5
22631,πέμποιεν,4,0,4
22632,σοι,4,0,4
22633,ἱπποβότῳ,1,0,1
22634,Ἠλύσιον,1,0,1
22635,πέμψουσιν,2,0,2
22636,Ῥαδάμανθυς,1,0,1
22637,ῥηίστη,1,0,1
22638,βιοτή,1,0,1
22639,νιφετός,1,0,1
22640,χειμών,2,0,2
22641,λιγύ,1,0,1
22642,πνείοντος,1,0,1
22643,Ὠκεανός,3,0,3
22644,ἀνίησιν,2,0,2
22645,ἀναψύχειν,1,0,1
22646,ἀντιθέοις,5,0,5
22647,πάμπρωτον,5,0,5
22648,ἐρύσσαμεν,2,0,2
22649,ἱστούς,3,0,3
22650,τιθέμεσθα,2,0,2
22651,ἐίσῃς,1,0,1
22652,τύπτον,9,0,9
22653,στῆσα,3,0,3
22654,κατέπαυσα,1,0,1
22655,τελευτήσας,2,0,2
22656,νεόμην,2,0,2
22657,ἔδοσαν,6,0,6
22658,ἔπεμψαν,2,0,2
22659,ἐύξοον,3,0,3
22660,σπένδῃσθα,1,0,1
22661,ἀνεχοίμην,1,0,1
22662,πόθος,3,0,3
22663,ἀνιάζουσιν,1,0,1
22664,ἐρύκεις,1,0,1
22665,λείψω,1,0,1
22666,εὐρέος,1,0,1
22667,πυροί,2,0,2
22668,ζειαί,1,0,1
22669,εὐρυφυές,1,0,1
22670,δρόμοι,1,0,1
22671,αἰγίβοτος,2,0,2
22672,ἐπήρατος,1,0,1
22673,ἱππήλατος,1,0,1
22674,ἐυλείμων,1,0,1
22675,Ἰθάκη,1,0,1
22676,μεταστήσω,1,0,1
22677,τιμηέστατόν,2,0,2
22678,κεκράανται,2,0,2
22679,Φαίδιμος,2,0,2
22680,ἑός,2,0,2
22681,ὀπάσσαι,2,0,2
22682,δαιτυμόνες,2,0,2
22683,ἐυήνορα,1,0,1
22684,καλλικρήδεμνοι,1,0,1
22685,ἔπεμπον,2,0,2
22686,τυκτῷ,2,0,2
22687,Νοήμων,2,0,2
22688,Ἀντίνοον,7,0,7
22689,νεῖτ,1,0,1
22690,νῆά,1,0,1
22691,Ἤλιδ,1,0,1
22692,διαβήμεναι,1,0,1
22693,ταλαεργοί,2,0,2
22694,ἀδμῆτες,1,0,1
22695,ἐλασσάμενος,1,0,1
22696,δαμασαίμην,1,0,1
22697,ἐθάμβεον,3,0,3
22698,Νηλήιον,1,0,1
22699,ἀγρῶν,2,0,2
22700,μήλοισι,3,0,3
22701,συβώτη,1,0,1
22702,πότ,1,0,1
22703,ἑοί,1,0,1
22704,θῆτές,1,0,1
22705,δμῶές,1,0,1
22706,δύναιτό,1,0,1
22707,δῶκας,3,0,3
22708,προσπτύξατο,1,0,1
22709,τοιοῦτος,3,0,3
22710,αἰτίζῃ,1,0,1
22711,δόσιν,2,0,2
22712,ἀριστεύουσι,1,0,1
22713,βαίνοντ,1,0,1
22714,Μέντορα,2,0,2
22715,θαυμάζω,1,0,1
22716,ὑπηοῖον,1,0,1
22717,ἔμβη,1,0,1
22718,Πύλονδε,5,0,5
22719,ἐίκτην,1,0,1
22720,τοσσῶνδ,1,0,1
22721,ἄρξει,1,0,1
22722,λοχήσομαι,1,0,1
22723,φυλάξω,1,0,1
22724,πορθμῷ,2,0,2
22725,Σάμοιό,3,0,3
22726,ναυτίλλεται,1,0,1
22727,βυσσοδόμευον,2,0,2
22728,βάντα,2,0,2
22729,πρόεσαν,4,0,4
22730,μνηστεύσαντες,1,0,1
22731,ἄλλοθ,4,0,4
22732,ὁμιλήσαντες,1,0,1
22733,πύματα,2,0,2
22734,δειπνήσειαν,3,0,3
22735,κατακείρετε,1,0,1
22736,πατρῶν,2,0,2
22737,δίκη,7,0,7
22738,θείων,1,0,1
22739,ἐχθαίρῃσι,1,0,1
22740,φιλοίη,1,0,1
22741,ἐώργει,2,0,2
22742,ἐυεργέων,1,0,1
22743,βασίλεια,12,0,12
22744,μεῖζόν,2,0,2
22745,ἀργαλεώτερον,1,0,1
22746,ἔπεσσιν,10,0,10
22747,περόωσι,3,0,3
22748,ὄνομ,14,0,14
22749,ὤρορεν,2,0,2
22750,ἐφωρμήθη,1,0,1
22751,ἀμφεχύθη,1,0,1
22752,θυμοφθόρον,2,0,2
22753,ἐφέζεσθαι,1,0,1
22754,πολυκμήτου,1,0,1
22755,οἴκτρ,4,0,4
22756,μινύριζον,1,0,1
22757,παντοίῃς,2,0,2
22758,ἀρετῇσι,2,0,2
22759,κεκασμένον,2,0,2
22760,θύελλαι,4,0,4
22761,ἀκλέα,1,0,1
22762,σχέτλιαι,1,0,1
22763,ἀνεγεῖραι,1,0,1
22764,ἐπιστάμεναι,1,0,1
22765,πυθόμην,3,0,3
22766,τεθνηκυῖαν,1,0,1
22767,ἔλειπεν,1,0,1
22768,ὀτρηρῶς,1,0,1
22769,Δολίον,3,0,3
22770,δμῶ,1,0,1
22771,κιούσῃ,2,0,2
22772,κῆπον,4,0,4
22773,πολυδένδρεον,3,0,3
22774,καταλέξῃ,1,0,1
22775,ὑφήνας,1,0,1
22776,ἐξελθών,4,0,4
22777,φθῖσαι,2,0,2
22778,κατάκτανε,1,0,1
22779,νηλέι,8,0,8
22780,δωδεκάτην,1,0,1
22781,ἰάπτῃς,1,0,1
22782,ὑδρηναμένη,4,0,4
22783,καθαρά,5,0,5
22784,εἵμαθ,5,0,5
22785,κάκου,1,0,1
22786,κεκακωμένον,1,0,1
22787,γονήν,1,0,1
22788,Ἀρκεισιάδαο,1,0,1
22789,ἔχθεσθ,1,0,1
22790,ἐπέσσεται,1,0,1
22791,ἔχῃσι,1,0,1
22792,δώματά,1,0,1
22793,ὑψερεφέα,1,0,1
22794,ἀγρούς,8,0,8
22795,ἔθετ,2,0,2
22796,ἀπάλαλκε,1,0,1
22797,ὑπερηνορέοντας,1,0,1
22798,ὀλόλυξε,1,0,1
22799,πολυμνήστη,1,0,1
22800,ἀρτύει,1,0,1
22801,δαιμόνιοι,2,0,2
22802,ἀλέασθε,1,0,1
22803,ἀπαγγείλῃσι,1,0,1
22804,ἀναστάντες,1,0,1
22805,τελέωμεν,1,0,1
22806,ἤραρεν,1,0,1
22807,βένθοσδε,2,0,2
22808,ἐτίθεντο,2,0,2
22809,ἠρτύναντο,2,0,2
22810,ἐρετμά,11,0,11
22811,τροποῖς,2,0,2
22812,δερματίνοισιν,1,0,1
22813,ἤνεικαν,1,0,1
22814,νοτίῳ,2,0,2
22815,ὑπερωίῳ,1,0,1
22816,ἄσιτος,1,0,1
22817,ὁρμαίνουσ,1,0,1
22818,δόλιον,1,0,1
22819,ἄγωσι,1,0,1
22820,ὁρμαίνουσαν,1,0,1
22821,ἀνακλινθεῖσα,2,0,2
22822,ἅψεα,2,0,2
22823,ἤικτο,1,0,1
22824,Ἰφθίμῃ,1,0,1
22825,Φερῇς,1,0,1
22826,Πηνελόπειαν,8,0,8
22827,ὀδυρομένην,3,0,3
22828,γοόωσαν,2,0,2
22829,γόοιό,4,0,4
22830,δακρυόεντος,3,0,3
22831,κληῖδος,1,0,1
22832,τετιημένη,1,0,1
22833,ἐῶσι,1,0,1
22834,νόστιμός,3,0,3
22835,ἀλιτήμενός,1,0,1
22836,κνώσσουσ,1,0,1
22837,ὀνειρείῃσι,1,0,1
22838,πωλέ,1,0,1
22839,ναίεις,1,0,1
22840,ἐρέθουσι,1,0,1
22841,πόνων,1,0,1
22842,ἐκείνου,2,0,2
22843,ἀμφιτρομέω,1,0,1
22844,ἀπαμειβόμενον,2,0,2
22845,ἀμαυρόν,2,0,2
22846,θεοῖό,1,0,1
22847,αὐδῆς,3,0,3
22848,Ἀίδαο,12,0,12
22849,διηνεκέως,3,0,3
22850,εἰπόν,1,0,1
22851,κληῖδα,1,0,1
22852,πνοιάς,1,0,1
22853,ἐναργές,1,0,1
22854,πετρήεσσα,1,0,1
22855,Ἀστερίς,1,0,1
22856,λιμένες,3,0,3
22857,ναύλοχοι,1,0,1
22858,ἀμφίδυμοι,1,0,1
22859,λοχόωντες,2,0,2
22860,ὤρνυθ,1,0,1
22861,θῶκόνδε,1,0,1
22862,καθίζανον,1,0,1
22863,μνησαμένη,1,0,1
22864,ἀποκτεῖναι,1,0,1
22865,ἐβούλευσας,2,0,2
22866,ἀπονέωνται,1,0,1
22867,σχεδίης,8,0,8
22868,πολυδέσμου,3,0,3
22869,εἰκοστῷ,5,0,5
22870,Σχερίην,3,0,3
22871,Φαιήκων,40,0,40
22872,ἀγχίθεοι,2,0,2
22873,γεγάασιν,6,0,6
22874,τιμήσουσιν,1,0,1
22875,ἐσθῆτά,5,0,5
22876,ἐξήρατ,2,0,2
22877,λαχών,2,0,2
22878,ληίδος,2,0,2
22879,λάρῳ,1,0,1
22880,δεινούς,1,0,1
22881,κόλπους,1,0,1
22882,ἰχθῦς,4,0,4
22883,ἀγρώσσων,1,0,1
22884,δεύεται,4,0,4
22885,ἅλμῃ,2,0,2
22886,πολέεσσιν,2,0,2
22887,ὀχήσατο,1,0,1
22888,ἰοειδέος,1,0,1
22889,ἤπειρόνδε,10,0,10
22890,ἤιεν,1,0,1
22891,ἐυπλόκαμος,11,0,11
22892,ἐσχαρόφιν,3,0,3
22893,κέδρου,1,0,1
22894,εὐκεάτοιο,1,0,1
22895,θύου,1,0,1
22896,ὀδώδει,2,0,2
22897,δαιομένων,2,0,2
22898,ἀοιδιάουσ,1,0,1
22899,κερκίδ,1,0,1
22900,ὕφαινεν,1,0,1
22901,κλήθρη,2,0,2
22902,αἴγειρός,2,0,2
22903,εὐώδης,1,0,1
22904,κυπάρισσος,1,0,1
22905,τανυσίπτεροι,2,0,2
22906,σκῶπές,1,0,1
22907,ἴρηκές,1,0,1
22908,τανύγλωσσοί,1,0,1
22909,κορῶναι,1,0,1
22910,εἰνάλιαι,1,0,1
22911,τῇσίν,1,0,1
22912,σπείους,6,0,6
22913,γλαφυροῖο,2,0,2
22914,ἡμερίς,1,0,1
22915,ἡβώωσα,1,0,1
22916,τεθήλει,1,0,1
22917,πίσυρες,1,0,1
22918,τετραμμέναι,1,0,1
22919,λειμῶνες,2,0,2
22920,μαλακοί,2,0,2
22921,ἴου,1,0,1
22922,σελίνου,1,0,1
22923,θήλεον,1,0,1
22924,ἀθάνατός,2,0,2
22925,θηήσαιτο,1,0,1
22926,τερφθείη,1,0,1
22927,θηεῖτο,4,0,4
22928,θηήσατο,3,0,3
22929,ἀγνῶτες,1,0,1
22930,στοναχῇσι,2,0,2
22931,ἐρέχθων,2,0,2
22932,δερκέσκετο,2,0,2
22933,ἱδρύσασα,1,0,1
22934,σιγαλόεντι,2,0,2
22935,χρυσόρραπι,1,0,1
22936,ἀμβροσίης,2,0,2
22937,κέρασσε,1,0,1
22938,ἦσθε,3,0,3
22939,δείπνησε,2,0,2
22940,νημερτέως,2,0,2
22941,ἐνισπήσω,1,0,1
22942,διαδράμοι,1,0,1
22943,ῥέζουσι,1,0,1
22944,ἁλιῶσαι,2,0,2
22945,ὀιζυρώτατον,1,0,1
22946,πέρσαντες,2,0,2
22947,ἀλίτοντο,1,0,1
22948,ἐπῶρσ,2,0,2
22949,ἄνεμόν,1,0,1
22950,ἀπέφθιθεν,3,0,3
22951,ἀποπεμπέμεν,2,0,2
22952,ζηλήμονες,1,0,1
22953,θεαῖς,1,0,1
22954,ἀγάασθε,1,0,1
22955,εὐνάζεσθαι,1,0,1
22956,ποιήσετ,1,0,1
22957,ἀκοίτην,2,0,2
22958,Ὠρίων,1,0,1
22959,ἠγάασθε,1,0,1
22960,Ὀρτυγίῃ,1,0,1
22961,ἁγνή,5,0,5
22962,Ἰασίωνι,1,0,1
22963,εἴξασα,1,0,1
22964,τριπόλῳ,1,0,1
22965,ἄγασθε,1,0,1
22966,ἐσάωσα,1,0,1
22967,τρόπιος,3,0,3
22968,βεβαῶτα,1,0,1
22969,ἔλσας,2,0,2
22970,ἐκέασσε,2,0,2
22971,φίλεόν,1,0,1
22972,ἀγήραον,3,0,3
22973,ἀπόπεμπε,2,0,2
22974,ἐποπίζεο,1,0,1
22975,ἤι,1,0,1
22976,ἐπέκλυεν,1,0,1
22977,καθήμενον,2,0,2
22978,δακρυόφιν,3,0,3
22979,τέρσοντο,1,0,1
22980,ὀδυρομένῳ,1,0,1
22981,ἰαύεσκεν,1,0,1
22982,πέτρῃσι,3,0,3
22983,ἠιόνεσσι,1,0,1
22984,καθίζων,1,0,1
22985,κάμμορε,4,0,4
22986,φθινέτω,1,0,1
22987,πρόφρασσ,2,0,2
22988,ἀποπέμψω,3,0,3
22989,ἁρμόζεο,1,0,1
22990,φέρῃσιν,2,0,2
22991,ἐνθήσω,1,0,1
22992,μενοεικέ,2,0,2
22993,λιμόν,1,0,1
22994,ἐρύκοι,3,0,3
22995,εἵματά,4,0,4
22996,ἀμφιέσω,1,0,1
22997,νοῆσαί,1,0,1
22998,κρῆναί,1,0,1
22999,μήδεαι,1,0,1
23000,πομπήν,9,0,9
23001,σχεδίῃ,1,0,1
23002,ἐῖσαι,2,0,2
23003,ὠκύποροι,1,0,1
23004,περόωσιν,1,0,1
23005,οὔρῳ,3,0,3
23006,ὀμόσσαι,3,0,3
23007,βουλευσέμεν,4,0,4
23008,ἀποφώλια,1,0,1
23009,ἐπεφράσθης,1,0,1
23010,φράσσομαι,2,0,2
23011,μηδοίμην,1,0,1
23012,ἐλεήμων,1,0,1
23013,σπεῖος,1,0,1
23014,γλαφυρόν,1,0,1
23015,ἔσθειν,1,0,1
23016,πίνειν,3,0,3
23017,εἰδείης,1,0,1
23018,ἀναπλῆσαι,1,0,1
23019,ἱμειρόμενός,1,0,1
23020,ἐέλδεαι,1,0,1
23021,θνητάς,1,0,1
23022,πότνα,3,0,3
23023,χώεο,2,0,2
23024,ἀκιδνοτέρη,1,0,1
23025,εἰσάντα,1,0,1
23026,ῥαίῃσι,1,0,1
23027,ταλαπενθέα,1,0,1
23028,τερπέσθην,2,0,2
23029,χιτῶνά,17,0,17
23030,ἕννυτ,1,0,1
23031,ἕννυτο,2,0,2
23032,ἰξυῖ,2,0,2
23033,Ὀδυσσῆι,4,0,4
23034,δῶκέν,3,0,3
23035,στειλειόν,1,0,1
23036,ἐλάινον,2,0,2
23037,ἐναρηρός,1,0,1
23038,σκέπαρνον,2,0,2
23039,ἐσχατιῆς,3,0,3
23040,ἐλάτη,1,0,1
23041,οὐρανομήκης,1,0,1
23042,αὖα,2,0,2
23043,περίκηλα,2,0,2
23044,πλώοιεν,1,0,1
23045,ἐλαφρῶς,1,0,1
23046,τάμνετο,1,0,1
23047,ἤνυτο,1,0,1
23048,πελέκκησεν,1,0,1
23049,ξέσσε,1,0,1
23050,στάθμην,5,0,5
23051,τέρετρα,1,0,1
23052,τέτρηνεν,1,0,1
23053,ἥρμοσεν,1,0,1
23054,γόμφοισιν,1,0,1
23055,ἁρμονίῃσιν,2,0,2
23056,ἄρασσεν,1,0,1
23057,ἔδαφος,1,0,1
23058,τορνώσεται,1,0,1
23059,φορτίδος,2,0,2
23060,τεκτοσυνάων,1,0,1
23061,ποιήσατ,2,0,2
23062,ἀραρών,1,0,1
23063,θαμέσι,1,0,1
23064,σταμίνεσσι,1,0,1
23065,μακρῇσιν,1,0,1
23066,ἐπηγκενίδεσσι,1,0,1
23067,ἐπίκριον,2,0,2
23068,φράξε,1,0,1
23069,ῥίπεσσι,1,0,1
23070,οἰσυΐνῃσι,1,0,1
23071,κύματος,5,0,5
23072,ἐπεχεύατο,2,0,2
23073,ποιήσασθαι,2,0,2
23074,τεχνήσατο,1,0,1
23075,ὑπέρας,1,0,1
23076,κάλους,1,0,1
23077,ἐνέδησεν,1,0,1
23078,μοχλοῖσιν,1,0,1
23079,κατείρυσεν,1,0,1
23080,ἀμφιέσασα,2,0,2
23081,θυώδεα,2,0,2
23082,λούσασα,1,0,1
23083,ἀσκόν,5,0,5
23084,ᾖα,2,0,2
23085,κωρύκῳ,2,0,2
23086,πέτασ,1,0,1
23087,πηδαλίῳ,1,0,1
23088,ἰθύνετο,2,0,2
23089,τεχνηέντως,1,0,1
23090,Πληιάδας,1,0,1
23091,ἐσορῶντι,1,0,1
23092,δύοντα,1,0,1
23093,Βοώτην,1,0,1
23094,Ἄρκτον,1,0,1
23095,ποντοπορευέμεναι,1,0,1
23096,πλέεν,1,0,1
23097,ποντοπορεύων,2,0,2
23098,ὀκτωκαιδεκάτῃ,3,0,3
23099,ἄγχιστον,1,0,1
23100,ἀνιών,1,0,1
23101,Σολύμων,1,0,1
23102,ἐπιπλώων,1,0,1
23103,μετεβούλευσαν,1,0,1
23104,Αἰθιόπεσσιν,1,0,1
23105,σύναγεν,1,0,1
23106,νεφέλας,1,0,1
23107,ἀέλλας,2,0,2
23108,Ζέφυρός,1,0,1
23109,δυσαής,1,0,1
23110,αἰθρηγενέτης,1,0,1
23111,κυλίνδων,1,0,1
23112,μήκιστα,2,0,2
23113,ἀναπλήσειν,1,0,1
23114,οἵοισιν,1,0,1
23115,περιστέφει,1,0,1
23116,ἐπισπέρχουσι,1,0,1
23117,τετράκις,1,0,1
23118,ἐπέρριψαν,1,0,1
23119,κτερέων,1,0,1
23120,εἰπόντ,1,0,1
23121,ἔαξεν,2,0,2
23122,σπεῖρον,1,0,1
23123,ὑπόβρυχα,1,0,1
23124,ἐδυνάσθη,1,0,1
23125,ἀνσχεθέειν,1,0,1
23126,στόματος,1,0,1
23127,ἐξέπτυσεν,1,0,1
23128,ἅλμην,3,0,3
23129,κελάρυζεν,1,0,1
23130,τειρόμενός,1,0,1
23131,ἐλλάβετ,1,0,1
23132,καθῖζε,1,0,1
23133,φορέῃσιν,1,0,1
23134,ἀκάνθας,1,0,1
23135,ἀλλήλῃσιν,3,0,3
23136,προβάλεσκε,1,0,1
23137,Εὖρος,2,0,2
23138,εἴξασκε,1,0,1
23139,Κάδμου,1,0,1
23140,καλλίσφυρος,1,0,1
23141,Ἰνώ,2,0,2
23142,Λευκοθέη,1,0,1
23143,αὐδήεσσα,5,0,5
23144,πελάγεσσι,1,0,1
23145,Ὀδυσῆ,10,0,10
23146,ἀλώμενον,1,0,1
23147,αἰθυίῃ,2,0,2
23148,ποτῇ,1,0,1
23149,ὠδύσατ,1,0,1
23150,καταφθίσει,1,0,1
23151,ἔρξαι,1,0,1
23152,δοκέεις,6,0,6
23153,ἀπινύσσειν,2,0,2
23154,ἀποδύς,1,0,1
23155,κάλλιπ,3,0,3
23156,ἐπιμαίεο,2,0,2
23157,τανύσσαι,3,0,3
23158,ἐφάψεαι,1,0,1
23159,ἀπολυσάμενος,1,0,1
23160,τραπέσθαι,2,0,2
23161,ὑφαίνῃσιν,1,0,1
23162,ἀποβῆναι,1,0,1
23163,πείσομ,1,0,1
23164,φύξιμον,1,0,1
23165,ἔρξω,2,0,2
23166,ἀρήρῃ,1,0,1
23167,τινάξῃ,2,0,2
23168,νήξομ,1,0,1
23169,προνοῆσαι,1,0,1
23170,κατηρεφές,3,0,3
23171,ἠΐων,1,0,1
23172,θημῶνα,1,0,1
23173,καρφαλέων,1,0,1
23174,διεσκέδασ,3,0,3
23175,κέληθ,1,0,1
23176,ἐξαπέδυνε,1,0,1
23177,τάνυσσεν,1,0,1
23178,νηχέμεναι,1,0,1
23179,ἀλόω,1,0,1
23180,μιγήῃς,1,0,1
23181,ὀνόσσεσθαι,1,0,1
23182,κατέδησε,3,0,3
23183,κραιπνόν,1,0,1
23184,Φαιήκεσσι,10,0,10
23185,φιληρέτμοισι,5,0,5
23186,πηγῷ,2,0,2
23187,πλάζετο,1,0,1
23188,προτιόσσετ,1,0,1
23189,τέλεσ,3,0,3
23190,γαλήνη,3,0,3
23191,νηνεμίη,2,0,2
23192,βίοτος,2,0,2
23193,τηκόμενος,1,0,1
23194,ἀσπάσιον,1,0,1
23195,Ὀδυσεῖ,1,0,1
23196,ἀσπαστόν,5,0,5
23197,νῆχε,2,0,2
23198,ἐπιβῆναι,2,0,2
23199,ἀπῆν,2,0,2
23200,γέγωνε,4,0,4
23201,σπιλάδεσσι,1,0,1
23202,ῥόχθει,1,0,1
23203,ξερόν,1,0,1
23204,ἐρευγόμενον,1,0,1
23205,ὄχοι,1,0,1
23206,ἐπιωγαί,1,0,1
23207,ἀκταί,3,0,3
23208,προβλῆτες,3,0,3
23209,σπιλάδες,1,0,1
23210,πάγοι,2,0,2
23211,ἀελπέα,1,0,1
23212,ἐπέρησα,1,0,1
23213,ἔκβασις,1,0,1
23214,ῥόθιον,1,0,1
23215,ἀναδέδρομε,2,0,2
23216,ἀγχιβαθής,1,0,1
23217,λίθακι,1,0,1
23218,ἁρπάξαν,1,0,1
23219,μελέη,1,0,1
23220,παρανήξομαι,1,0,1
23221,ἐφεύρω,1,0,1
23222,ἠιόνας,3,0,3
23223,παραπλῆγας,2,0,2
23224,λιμένας,3,0,3
23225,φέρῃ,1,0,1
23226,ἐπισσεύῃ,1,0,1
23227,Ἀμφιτρίτη,2,0,2
23228,ὀδώδυσται,1,0,1
23229,δρύφθη,1,0,1
23230,ἀράχθη,1,0,1
23231,ἔχετο,1,0,1
23232,παρῆλθε,1,0,1
23233,ὑπάλυξε,1,0,1
23234,παλιρρόθιον,2,0,2
23235,πουλύποδος,1,0,1
23236,θαλάμης,1,0,1
23237,κοτυληδονόφιν,1,0,1
23238,λάιγγες,1,0,1
23239,ῥινοί,3,0,3
23240,ἀπέδρυφθεν,1,0,1
23241,ἐπιφροσύνην,1,0,1
23242,ἐξαναδύς,1,0,1
23243,ἐρεύγεται,1,0,1
23244,ὁρώμενος,3,0,3
23245,καλλιρόοιο,1,0,1
23246,πετράων,4,0,4
23247,σκέπας,5,0,5
23248,προρέοντα,1,0,1
23249,πολύλλιστον,1,0,1
23250,ἐνιπάς,1,0,1
23251,ἱκέτης,3,0,3
23252,γαλήνην,2,0,2
23253,προχοάς,1,0,1
23254,ἔκαμψε,1,0,1
23255,στιβαράς,1,0,1
23256,ᾤδεε,1,0,1
23257,κήκιε,1,0,1
23258,ἄπνευστος,1,0,1
23259,ἄναυδος,1,0,1
23260,ἄμπνυτο,2,0,2
23261,ἁλιμυρήεντα,1,0,1
23262,μεθῆκεν,1,0,1
23263,σχοίνῳ,1,0,1
23264,ὑπεκλίνθη,1,0,1
23265,δυσκηδέα,1,0,1
23266,στίβη,2,0,2
23267,ὀλιγηπελίης,1,0,1
23268,δαμάσῃ,4,0,4
23269,αὔρη,1,0,1
23270,πνέει,1,0,1
23271,κλιτύν,1,0,1
23272,δάσκιον,1,0,1
23273,θάμνοις,1,0,1
23274,καταδράθω,1,0,1
23275,ῥῖγος,1,0,1
23276,ἐπέλθῃ,2,0,2
23277,θήρεσσιν,2,0,2
23278,περιφαινομένῳ,1,0,1
23279,θάμνους,1,0,1
23280,ὁμόθεν,1,0,1
23281,πεφυῶτας,1,0,1
23282,φυλίης,1,0,1
23283,διάη,1,0,1
23284,ἀέντων,2,0,2
23285,ἀκτῖσιν,2,0,2
23286,ἔβαλλεν,4,0,4
23287,περάασκε,2,0,2
23288,ἔφυν,2,0,2
23289,ἐπαμοιβαδίς,1,0,1
23290,ἐπαμήσατο,1,0,1
23291,χύσις,2,0,2
23292,ἔρυσθαι,5,0,5
23293,χειμερίῃ,1,0,1
23294,χύσιν,1,0,1
23295,σποδιῇ,1,0,1
23296,ἐνέκρυψε,1,0,1
23297,σπέρμα,1,0,1
23298,σώζων,1,0,1
23299,αὔοι,1,0,1
23300,φύλλοισι,3,0,3
23301,δυσπονέος,1,0,1
23302,καμάτοιο,2,0,2
23303,βλέφαρ,4,0,4
23304,ἀμφικαλύψας,3,0,3
23305,δῆμόν,3,0,3
23306,Ὑπερείῃ,1,0,1
23307,Κυκλώπων,4,0,4
23308,σινέσκοντο,1,0,1
23309,Ναυσίθοος,2,0,2
23310,Σχερίῃ,1,0,1
23311,ἀλφηστάων,1,0,1
23312,ἐδείματο,1,0,1
23313,νηούς,1,0,1
23314,ἐδάσσατ,1,0,1
23315,Ἀλκίνοος,20,0,20
23316,κοιμᾶτ,1,0,1
23317,Ναυσικάα,8,0,8
23318,Ἀλκινόοιο,31,0,31
23319,σταθμοῖιν,1,0,1
23320,θύραι,4,0,4
23321,ἐπέκειντο,1,0,1
23322,φαειναί,1,0,1
23323,ναυσικλειτοῖο,1,0,1
23324,κεχάριστο,1,0,1
23325,μεθήμονα,1,0,1
23326,ἀκηδέα,3,0,3
23327,ἕννυσθαι,3,0,3
23328,παρασχεῖν,1,0,1
23329,ἄγωνται,1,0,1
23330,φάτις,2,0,2
23331,ἀναβαίνει,1,0,1
23332,χαίρουσιν,2,0,2
23333,πλυνέουσαι,1,0,1
23334,συνέριθος,1,0,1
23335,ἐντύνεαι,1,0,1
23336,ἐφοπλίσαι,1,0,1
23337,ἄγῃσι,1,0,1
23338,ζῶστρά,1,0,1
23339,Οὔλυμπόνδ,1,0,1
23340,τινάσσεται,1,0,1
23341,ἐπιπίλναται,1,0,1
23342,αἴθρη,2,0,2
23343,πέπταται,1,0,1
23344,ἀνέφελος,1,0,1
23345,λευκή,2,0,2
23346,ἐπιδέδρομεν,2,0,2
23347,ἐύθρονος,1,0,1
23348,Ναυσικάαν,2,0,2
23349,ἐύπεπλον,1,0,1
23350,ἀπεθαύμασ,1,0,1
23351,ἀγγείλειε,2,0,2
23352,ἐσχάρῃ,7,0,7
23353,ἠλάκατα,5,0,5
23354,στρωφῶσ,2,0,2
23355,ἁλιπόρφυρα,3,0,3
23356,Φαίηκες,17,0,17
23357,πάππα,1,0,1
23358,ἐφοπλίσσειας,1,0,1
23359,ἐύκυκλον,2,0,2
23360,ἄγωμαι,1,0,1
23361,πλυνέουσα,1,0,1
23362,ῥερυπωμένα,1,0,1
23363,ὀπυίοντες,1,0,1
23364,ἠίθεοι,1,0,1
23365,νεόπλυτα,1,0,1
23366,φρενί,1,0,1
23367,ἐξονομῆναι,1,0,1
23368,δμῶες,8,0,8
23369,ἐφοπλίσσουσιν,1,0,1
23370,ὑπερτερίῃ,1,0,1
23371,δμώεσσιν,4,0,4
23372,ἐύτροχον,1,0,1
23373,ὥπλεον,1,0,1
23374,ζεῦξάν,1,0,1
23375,ἐσθῆτα,4,0,4
23376,ἐυξέστῳ,1,0,1
23377,κίστῃ,1,0,1
23378,ἐπεβήσετ,1,0,1
23379,ληκύθῳ,2,0,2
23380,χυτλώσαιτο,1,0,1
23381,ἡμιόνοιιν,3,0,3
23382,οἴην,3,0,3
23383,ἐπηετανοί,2,0,2
23384,ὑπεκπρόρεεν,1,0,1
23385,ῥυπόωντα,3,0,3
23386,καθῆραι,1,0,1
23387,ὑπεκπροέλυσαν,1,0,1
23388,σεῦαν,1,0,1
23389,τρώγειν,1,0,1
23390,ἄγρωστιν,1,0,1
23391,ἐσφόρεον,2,0,2
23392,βόθροισι,1,0,1
23393,προφέρουσαι,1,0,1
23394,πλῦνάν,1,0,1
23395,κάθηράν,1,0,1
23396,ῥύπα,1,0,1
23397,πέτασαν,1,0,1
23398,λάιγγας,1,0,1
23399,ἀποπλύνεσκε,1,0,1
23400,λοεσσάμεναι,1,0,1
23401,χρισάμεναι,1,0,1
23402,τερσήμεναι,1,0,1
23403,τάρφθεν,1,0,1
23404,σφαίρῃ,2,0,2
23405,ἔπαιζον,1,0,1
23406,βαλοῦσαι,1,0,1
23407,Τηΰγετον,1,0,1
23408,Ἐρύμανθον,1,0,1
23409,τερπομένη,1,0,1
23410,κάπροισι,1,0,1
23411,ὠκείῃς,1,0,1
23412,ἐλάφοισι,1,0,1
23413,ἀγρονόμοι,1,0,1
23414,παίζουσι,1,0,1
23415,πασάων,1,0,1
23416,μέτωπα,1,0,1
23417,ῥεῖά,1,0,1
23418,ἀριγνώτη,1,0,1
23419,ἀδμής,2,0,2
23420,ζεύξασ,1,0,1
23421,πτύξασά,1,0,1
23422,ἔγροιτο,1,0,1
23423,ἐυώπιδα,2,0,2
23424,σφαῖραν,2,0,2
23425,ἀμφιπόλου,1,0,1
23426,δίνῃ,1,0,1
23427,ἄυσαν,1,0,1
23428,ὑβρισταί,4,0,4
23429,φιλόξεινοι,4,0,4
23430,θεουδής,5,0,5
23431,ἀμφήλυθε,1,0,1
23432,ἀυτή,1,0,1
23433,αὐδηέντων,1,0,1
23434,θάμνων,1,0,1
23435,ὑπεδύσετο,1,0,1
23436,πτόρθον,1,0,1
23437,κλάσε,1,0,1
23438,ῥύσαιτο,1,0,1
23439,ὑόμενος,1,0,1
23440,ἀήμενος,1,0,1
23441,μετέρχεται,1,0,1
23442,ὀίεσσιν,1,0,1
23443,ἐυπλοκάμοισιν,1,0,1
23444,μίξεσθαι,2,0,2
23445,κεκακωμένος,1,0,1
23446,τρέσσαν,1,0,1
23447,προὐχούσας,1,0,1
23448,Ἀλκινόου,4,0,4
23449,λίσσοιτο,2,0,2
23450,ἀποσταδά,2,0,2
23451,λίσσοιτ,1,0,1
23452,δείξειε,1,0,1
23453,λαβόντι,1,0,1
23454,χολώσαιτο,1,0,1
23455,κερδαλέον,2,0,2
23456,γουνοῦμαί,3,0,3
23457,ἄνασσα,1,0,1
23458,Ἀρτέμιδί,1,0,1
23459,ἐίσκω,2,0,2
23460,ναιετάουσιν,1,0,1
23461,ἐυφροσύνῃσιν,1,0,1
23462,ἰαίνεται,1,0,1
23463,λευσσόντων,1,0,1
23464,εἰσοιχνεῦσαν,1,0,1
23465,μακάρτατος,2,0,2
23466,ἐέδνοισι,1,0,1
23467,βρίσας,1,0,1
23468,ἀγάγηται,1,0,1
23469,Δήλῳ,1,0,1
23470,φοίνικος,1,0,1
23471,ἀνερχόμενον,1,0,1
23472,κεῖνο,2,0,2
23473,ἐτεθήπεα,1,0,1
23474,ἀνήλυθεν,1,0,1
23475,ἄγαμαί,1,0,1
23476,τέθηπά,1,0,1
23477,κραιπναί,1,0,1
23478,Ὠγυγίης,1,0,1
23479,παύσεσθ,1,0,1
23480,δεῖξον,1,0,1
23481,ῥάκος,4,0,4
23482,ἀμφιβαλέσθαι,1,0,1
23483,εἴλυμα,1,0,1
23484,σπείρων,1,0,1
23485,ὁμοφροσύνην,1,0,1
23486,ὀπάσειαν,2,0,2
23487,κρεῖσσον,1,0,1
23488,ὁμοφρονέοντε,1,0,1
23489,νοήμασιν,1,0,1
23490,χάρματα,1,0,1
23491,εὐμενέτῃσι,1,0,1
23492,νέμει,1,0,1
23493,ἐσθλοῖς,1,0,1
23494,κακοῖσιν,3,0,3
23495,ἐσθῆτος,3,0,3
23496,δευήσεαι,2,0,2
23497,ἐπέοιχ,2,0,2
23498,ταλαπείριον,3,0,3
23499,δείξω,5,0,5
23500,ἔχεται,3,0,3
23501,ἐυπλοκάμοισι,3,0,3
23502,στῆτέ,1,0,1
23503,ἰδοῦσαι,1,0,1
23504,φάσθ,1,0,1
23505,διερός,1,0,1
23506,δηιοτῆτα,1,0,1
23507,οἰκέομεν,1,0,1
23508,ἐπιμίσγεται,2,0,2
23509,κομέειν,2,0,2
23510,ξεῖνοί,3,0,3
23511,πτωχοί,4,0,4
23512,δότ,2,0,2
23513,λούσατέ,1,0,1
23514,Ὀδυσσῆ,1,0,1
23515,φᾶρός,2,0,2
23516,δῶκαν,1,0,1
23517,λοῦσθαι,1,0,1
23518,ῥοῇσιν,1,0,1
23519,στῆθ,2,0,2
23520,ἀπολούσομαι,1,0,1
23521,χρίσομαι,1,0,1
23522,λοέσσομαι,1,0,1
23523,γυμνοῦσθαι,1,0,1
23524,εἶπον,1,0,1
23525,νίζετο,1,0,1
23526,ἄμπεχεν,1,0,1
23527,ἔσμηχεν,1,0,1
23528,χνόον,1,0,1
23529,λοέσσατο,1,0,1
23530,ἄλειψεν,1,0,1
23531,ἕσσαθ,1,0,1
23532,μείζονά,2,0,2
23533,πάσσονα,5,0,5
23534,κάρητος,2,0,2
23535,κόμας,2,0,2
23536,ὑακινθίνῳ,2,0,2
23537,ἄνθει,2,0,2
23538,ὁμοίας,2,0,2
23539,περιχεύεται,2,0,2
23540,ἴδρις,2,0,2
23541,δέδαεν,2,0,2
23542,τελείει,2,0,2
23543,χάρισι,1,0,1
23544,κλῦτέ,2,0,2
23545,λευκώλενοι,3,0,3
23546,Φαιήκεσσ,1,0,1
23547,ἀεικέλιος,2,0,2
23548,δέατ,1,0,1
23549,ναιετάων,4,0,4
23550,ἅδοι,2,0,2
23551,ἁρπαλέως,2,0,2
23552,ζεῦξεν,1,0,1
23553,πόλινδ,4,0,4
23554,εἰδησέμεν,1,0,1
23555,ἡγεμονεύσω,2,0,2
23556,ἐπιβήομεν,1,0,1
23557,εἰσίθμη,1,0,1
23558,ἐπίστιόν,1,0,1
23559,Ποσιδήιον,1,0,1
23560,ῥυτοῖσιν,2,0,2
23561,κατωρυχέεσσ,1,0,1
23562,πείσματα,2,0,2
23563,ἀποξύνουσιν,1,0,1
23564,φαρέτρη,2,0,2
23565,ἱστοί,2,0,2
23566,ἀγαλλόμενοι,1,0,1
23567,ἀλεείνω,2,0,2
23568,ἀδευκέα,2,0,2
23569,μωμεύῃ,1,0,1
23570,Ναυσικάᾳ,1,0,1
23571,ἕπεται,1,0,1
23572,πλαγχθέντα,1,0,1
23573,τηλεδαπῶν,4,0,4
23574,εὐξαμένῃ,1,0,1
23575,πολυάρητος,2,0,2
23576,καὐτή,1,0,1
23577,ἀτιμάζει,4,0,4
23578,Φαίηκας,4,0,4
23579,μίσγηται,1,0,1
23580,ἀμφάδιον,1,0,1
23581,πομπῆς,9,0,9
23582,τύχῃς,1,0,1
23583,αἰγείρων,2,0,2
23584,νάει,1,0,1
23585,τεθαλυῖά,3,0,3
23586,ἀλωή,2,0,2
23587,ἱκώμεθα,1,0,1
23588,ἔλπῃ,1,0,1
23589,ἀφῖχθαι,1,0,1
23590,ἐρέεσθαι,2,0,2
23591,ἀρίγνωτ,2,0,2
23592,ἥρωος,2,0,2
23593,κεκύθωσι,1,0,1
23594,κίονι,1,0,1
23595,κεκλιμένη,3,0,3
23596,θρόνος,1,0,1
23597,ποτικέκλιται,1,0,1
23598,οἰνοποτάζει,1,0,1
23599,ἐφήμενος,1,0,1
23600,παραμειψάμενος,1,0,1
23601,φρονέῃσ,2,0,2
23602,τρώχων,1,0,1
23603,πλίσσοντο,1,0,1
23604,ἑποίατο,1,0,1
23605,ἀμφίπολοί,1,0,1
23606,ἐπέβαλλεν,2,0,2
23607,ῥαιομένου,1,0,1
23608,ἔρραιε,1,0,1
23609,πατροκασίγνητον,1,0,1
23610,ἵσταντ,2,0,2
23611,ἐναλίγκιοι,1,0,1
23612,ἔλυον,1,0,1
23613,ἔσφερον,1,0,1
23614,ἤιε,2,0,2
23615,Ἀπειραίη,1,0,1
23616,θαλαμηπόλος,2,0,2
23617,Εὐρυμέδουσα,1,0,1
23618,Ἀπείρηθεν,1,0,1
23619,Ἀλκινόῳ,3,0,3
23620,Φαιήκεσσιν,3,0,3
23621,ἄκουεν,2,0,2
23622,ἀνέκαιε,5,0,5
23623,κερτομέοι,1,0,1
23624,ἐξερέοιθ,1,0,1
23625,δύσεσθαι,1,0,1
23626,ἐραννήν,1,0,1
23627,παρθενικῇ,1,0,1
23628,νεήνιδι,1,0,1
23629,κάλπιν,1,0,1
23630,ἐχούσῃ,1,0,1
23631,ἡγήσαιο,1,0,1
23632,ταλαπείριος,1,0,1
23633,προτιόσσεο,2,0,2
23634,ἀνέχονται,1,0,1
23635,ἀγαπαζόμενοι,2,0,2
23636,ὠκείῃσι,1,0,1
23637,ἐκπερόωσιν,2,0,2
23638,ὠκεῖαι,1,0,1
23639,πτερόν,1,0,1
23640,ναυσικλυτοί,1,0,1
23641,ὑψηλά,1,0,1
23642,πεφραδέμεν,1,0,1
23643,διοτρεφέας,1,0,1
23644,δαίτην,1,0,1
23645,δέσποιναν,2,0,2
23646,Ἀρήτη,9,0,9
23647,Ἀλκίνοον,4,0,4
23648,Ναυσίθοον,2,0,2
23649,Εὐρυμέδοντος,1,0,1
23650,Γιγάντεσσιν,1,0,1
23651,ἐμίγη,2,0,2
23652,Φαίηξιν,1,0,1
23653,Ῥηξήνορά,1,0,1
23654,Ἀλκίνοόν,1,0,1
23655,ἄκουρον,1,0,1
23656,νυμφίον,1,0,1
23657,λιπόντα,1,0,1
23658,Ἀρήτην,3,0,3
23659,ἔτισ,1,0,1
23660,τίεται,1,0,1
23661,τετίμηταί,1,0,1
23662,δειδέχαται,1,0,1
23663,στείχῃσ,1,0,1
23664,ἐσθλοῦ,2,0,2
23665,φρονέῃσι,1,0,1
23666,Μαραθῶνα,1,0,1
23667,ὥρμαιν,2,0,2
23668,ἱσταμένῳ,1,0,1
23669,τοῖχοι,3,0,3
23670,ἐληλέδατ,1,0,1
23671,μυχόν,5,0,5
23672,θριγκός,1,0,1
23673,ἔεργον,1,0,1
23674,σταθμοί,1,0,1
23675,ἀργύρεοι,2,0,2
23676,ὑπερθύριον,1,0,1
23677,κορώνη,1,0,1
23678,ὄντας,1,0,1
23679,θρόνοι,1,0,1
23680,ἐρηρέδατ,1,0,1
23681,οὐδοῖο,1,0,1
23682,λεπτοί,1,0,1
23683,ἐύννητοι,1,0,1
23684,ἐυδμήτων,1,0,1
23685,βωμῶν,1,0,1
23686,φαίνοντες,1,0,1
23687,δαιτυμόνεσσι,2,0,2
23688,ἀλετρεύουσι,1,0,1
23689,μύλῃς,1,0,1
23690,μήλοπα,1,0,1
23691,ὑφόωσι,1,0,1
23692,στρωφῶσιν,1,0,1
23693,ἥμεναι,3,0,3
23694,μακεδνῆς,1,0,1
23695,αἰγείροιο,1,0,1
23696,καιρουσσέων,1,0,1
23697,ὀθονέων,1,0,1
23698,ἀπολείβεται,1,0,1
23699,ἴδριες,1,0,1
23700,ἱστῶν,1,0,1
23701,τεχνῆσσαι,1,0,1
23702,ὄρχατος,1,0,1
23703,τετράγυος,1,0,1
23704,πεφύκασι,1,0,1
23705,τηλεθόωντα,2,0,2
23706,ὄγχναι,2,0,2
23707,ῥοιαί,2,0,2
23708,μηλέαι,2,0,2
23709,ἀγλαόκαρποι,2,0,2
23710,συκέαι,2,0,2
23711,γλυκεραί,2,0,2
23712,ἐλαῖαι,2,0,2
23713,τηλεθόωσαι,2,0,2
23714,καρπός,1,0,1
23715,ἀπόλλυται,1,0,1
23716,ἀπολείπει,1,0,1
23717,χείματος,1,0,1
23718,θέρευς,1,0,1
23719,ἐπετήσιος,1,0,1
23720,Ζεφυρίη,1,0,1
23721,πνείουσα,1,0,1
23722,ὄγχνη,2,0,2
23723,ὄγχνῃ,1,0,1
23724,γηράσκει,1,0,1
23725,μῆλον,3,0,3
23726,μήλῳ,1,0,1
23727,σταφυλῇ,1,0,1
23728,σταφυλή,1,0,1
23729,σῦκον,1,0,1
23730,σύκῳ,1,0,1
23731,πολύκαρπος,1,0,1
23732,ἐρρίζωται,1,0,1
23733,θειλόπεδον,1,0,1
23734,λευρῷ,1,0,1
23735,τέρσεται,1,0,1
23736,ἑτέρας,1,0,1
23737,τρυγόωσιν,1,0,1
23738,τραπέουσι,1,0,1
23739,ὄμφακές,1,0,1
23740,ἀφιεῖσαι,1,0,1
23741,ἕτεραι,1,0,1
23742,ὑποπερκάζουσιν,1,0,1
23743,κοσμηταί,1,0,1
23744,πρασιαί,1,0,1
23745,ὄρχον,1,0,1
23746,παντοῖαι,2,0,2
23747,πεφύασιν,2,0,2
23748,ἵησι,2,0,2
23749,ὑδρεύοντο,2,0,2
23750,τοῖ,1,0,1
23751,μέδοντας,1,0,1
23752,σπένδοντας,1,0,1
23753,ἐυσκόπῳ,1,0,1
23754,πυμάτῳ,1,0,1
23755,σπένδεσκον,1,0,1
23756,μνησαίατο,1,0,1
23757,ἠέρ,1,0,1
23758,Ἀρήτης,1,0,1
23759,θέσφατος,1,0,1
23760,Ῥηξήνορος,1,0,1
23761,δαιτυμόνας,1,0,1
23762,ὄλβια,4,0,4
23763,ζωέμεναι,1,0,1
23764,ἐπιτρέψειεν,1,0,1
23765,ὀτρύνετε,1,0,1
23766,πάσχω,1,0,1
23767,Ἐχένηος,2,0,2
23768,Ἀλκίνο,2,0,2
23769,ἰσχανόωνται,1,0,1
23770,εἷσον,1,0,1
23771,κέλευσον,1,0,1
23772,ἐπικρῆσαι,1,0,1
23773,σπείσομεν,2,0,2
23774,ἱκέτῃσιν,2,0,2
23775,αἰδοίοισιν,4,0,4
23776,ἄκουσ,2,0,2
23777,Ποντόνοε,2,0,2
23778,κερασσάμενος,2,0,2
23779,νεῖμον,2,0,2
23780,Ποντόνοος,3,0,3
23781,ἐκίρνα,3,0,3
23782,νώμησεν,3,0,3
23783,ἐπαρξάμενος,1,0,1
23784,δαισάμενοι,2,0,2
23785,κατακείετε,2,0,2
23786,ξεινίσσομεν,1,0,1
23787,μνησόμεθ,1,0,1
23788,ἀνίης,1,0,1
23789,ἅσσα,2,0,2
23790,κλῶθές,1,0,1
23791,νήσαντο,1,0,1
23792,περιμηχανόωνται,1,0,1
23793,ἔρδωμεν,1,0,1
23794,ἀγακλειτάς,1,0,1
23795,δαίνυνταί,1,0,1
23796,ξύμβληται,1,0,1
23797,κατακρύπτουσιν,1,0,1
23798,Κύκλωπές,1,0,1
23799,Γιγάντων,1,0,1
23800,ἔοικα,2,0,2
23801,ὀχέοντας,1,0,1
23802,ὀιζύν,4,0,4
23803,ἄλγεσιν,1,0,1
23804,ἰσωσαίμην,1,0,1
23805,ξύμπαντα,2,0,2
23806,δορπῆσαι,1,0,1
23807,κηδόμενόν,2,0,2
23808,μνήσασθαι,2,0,2
23809,ληθάνει,1,0,1
23810,ἔπαθον,2,0,2
23811,ἐνιπλησθῆναι,2,0,2
23812,ὀτρύνεσθαι,1,0,1
23813,ἐπιβήσετε,1,0,1
23814,παθόντα,2,0,2
23815,ἰδόντα,1,0,1
23816,πεμπέμεναι,2,0,2
23817,ὑπελείπετο,3,0,3
23818,ἀπεκόσμεον,1,0,1
23819,εἰρήσομαι,3,0,3
23820,Ὠγυγίη,1,0,1
23821,δολόεσσα,2,0,2
23822,ἐφέστιον,1,0,1
23823,τρόπιν,4,0,4
23824,ἀμφιελίσσης,5,0,5
23825,ἔφασκε,7,0,7
23826,δεύεσκον,1,0,1
23827,ὀγδόατόν,1,0,1
23828,ἐπιπλόμενον,2,0,2
23829,ἕσσεν,3,0,3
23830,πλέον,3,0,3
23831,ὑμετέρης,1,0,1
23832,ξυνέσεσθαι,1,0,1
23833,ὀιζυῖ,1,0,1
23834,ἐφορμήσας,1,0,1
23835,ὤρινεν,1,0,1
23836,νηχόμενος,2,0,2
23837,διέτμαγον,1,0,1
23838,πέτρῃς,1,0,1
23839,βαλόν,1,0,1
23840,ἀτερπέι,1,0,1
23841,νῆχον,1,0,1
23842,ἐπῆλθον,1,0,1
23843,θυμηγερέων,1,0,1
23844,ἐκβάς,1,0,1
23845,θάμνοισι,1,0,1
23846,κατέδραθον,3,0,3
23847,ἠφυσάμην,1,0,1
23848,δείλετό,1,0,1
23849,τεῆς,2,0,2
23850,παιζούσας,1,0,1
23851,ἱκέτευσ,1,0,1
23852,νοήματος,1,0,1
23853,ἤμβροτεν,1,0,1
23854,ἔλποιο,1,0,1
23855,ἐρξέμεν,1,0,1
23856,ἀφραδέουσιν,1,0,1
23857,λοῦσ,1,0,1
23858,κατέλεξα,4,0,4
23859,ἱκέτευσας,1,0,1
23860,αἰσχυνόμενός,1,0,1
23861,ἐπισκύσσαιτο,1,0,1
23862,ἰδόντι,1,0,1
23863,δύσζηλοι,1,0,1
23864,καλέεσθαι,1,0,1
23865,δοίην,3,0,3
23866,μένοις,1,0,1
23867,τεκμαίρομαι,1,0,1
23868,λέξεαι,1,0,1
23869,ἑκαστέρω,1,0,1
23870,τηλοτάτω,1,0,1
23871,ἐποψόμενον,1,0,1
23872,Τιτυόν,2,0,2
23873,Γαιήιον,1,0,1
23874,ἀπήνυσαν,1,0,1
23875,εἰδήσεις,1,0,1
23876,ἀναρρίπτειν,1,0,1
23877,πηδῷ,2,0,2
23878,τελευτήσειεν,1,0,1
23879,ὤτρυνον,4,0,4
23880,παριστάμεναι,1,0,1
23881,κέων,1,0,1
23882,κοιμηθῆναι,4,0,4
23883,ἀγορήνδ,1,0,1
23884,πύθησθε,1,0,1
23885,ἐπιπλαγχθείς,1,0,1
23886,ὤτρυνε,3,0,3
23887,ἔμπληντο,1,0,1
23888,ἀγοραί,2,0,2
23889,ἐθηήσαντο,2,0,2
23890,Λαέρταο,6,0,6
23891,μακρότερον,1,0,1
23892,ἐκτελέσειεν,1,0,1
23893,ἐπειρήσαντ,1,0,1
23894,ἠοίων,1,0,1
23895,ἑσπερίων,1,0,1
23896,λίσσεται,1,0,1
23897,ἐποτρυνώμεθα,1,0,1
23898,πρωτόπλοον,1,0,1
23899,κούρω,3,0,3
23900,κρινάσθων,1,0,1
23901,κληῖσιν,1,0,1
23902,ἔκβητ,1,0,1
23903,ἡμέτερόνδ,2,0,2
23904,παρέξω,2,0,2
23905,φιλέωμεν,1,0,1
23906,ἀρνείσθω,1,0,1
23907,καλέσασθε,1,0,1
23908,Δημόδοκον,3,0,3
23909,ἐποτρύνῃσιν,1,0,1
23910,κρινθέντε,1,0,1
23911,ἐκέλευσ,1,0,1
23912,δερματίνοισι,1,0,1
23913,πλῆντο,1,0,1
23914,αἴθουσαί,1,0,1
23915,ὕας,3,0,3
23916,μοῦσ,4,0,4
23917,ἐφίλησε,1,0,1
23918,ἄμερσε,1,0,1
23919,ἡδεῖαν,1,0,1
23920,δαιτυμόνων,4,0,4
23921,κρέμασεν,2,0,2
23922,λίγειαν,7,0,7
23923,ἀειδέμεναι,1,0,1
23924,οἴμης,1,0,1
23925,δηρίσαντο,1,0,1
23926,θαλείῃ,2,0,2
23927,δηριόωντο,1,0,1
23928,χρείων,1,0,1
23929,ὑπέρβη,4,0,4
23930,λάινον,1,0,1
23931,χρησόμενος,2,0,2
23932,κυλίνδετο,2,0,2
23933,πήματος,1,0,1
23934,στιβαρῇσι,3,0,3
23935,εἴρυσσε,1,0,1
23936,ὀμορξάμενος,1,0,1
23937,σπείσασκε,1,0,1
23938,ἄρχοιτο,1,0,1
23939,ὀτρύνειαν,1,0,1
23940,κρᾶτα,1,0,1
23941,καλυψάμενος,2,0,2
23942,γοάασκεν,1,0,1
23943,ἐλάνθανε,2,0,2
23944,στενάχοντος,2,0,2
23945,κεκορήμεθα,1,0,1
23946,φόρμιγγός,1,0,1
23947,συνήορός,1,0,1
23948,ἐξέλθωμεν,1,0,1
23949,περιγιγνόμεθ,2,0,2
23950,παλαιμοσύνῃ,1,0,1
23951,ἅλμασιν,1,0,1
23952,Δημοδόκου,1,0,1
23953,ἔξαγεν,1,0,1
23954,θαυμανέοντες,1,0,1
23955,πουλύς,1,0,1
23956,Ἀκρόνεώς,1,0,1
23957,Ὠκύαλος,1,0,1
23958,Ἐλατρεύς,2,0,2
23959,Ναυτεύς,1,0,1
23960,Πρυμνεύς,1,0,1
23961,Ἀγχίαλος,1,0,1
23962,Ἐρετμεύς,1,0,1
23963,Ποντεύς,1,0,1
23964,Πρωρεύς,1,0,1
23965,Θόων,1,0,1
23966,Ἀναβησίνεώς,1,0,1
23967,Ἀμφίαλός,1,0,1
23968,Πολυνήου,1,0,1
23969,Τεκτονίδαο,1,0,1
23970,Ναυβολίδης,1,0,1
23971,Λαοδάμας,3,0,3
23972,Ἅλιός,1,0,1
23973,Κλυτόνηος,2,0,2
23974,ἐπειρήσαντο,1,0,1
23975,ὑπεκπροθέων,1,0,1
23976,ἐλίποντο,2,0,2
23977,παλαιμοσύνης,1,0,1
23978,πειρήσαντο,2,0,2
23979,ἀπεκαίνυτο,2,0,2
23980,ἅλματι,1,0,1
23981,Ἀμφίαλος,1,0,1
23982,προφερέστατος,1,0,1
23983,δίσκῳ,1,0,1
23984,ἐτέρφθησαν,1,0,1
23985,ἀέθλοις,2,0,2
23986,ἐρώμεθα,1,0,1
23987,οἶδέ,1,0,1
23988,δεδάηκε,1,0,1
23989,συνέρρηκται,1,0,1
23990,συγχεῦαι,1,0,1
23991,Λαοδάμα,2,0,2
23992,δεδάηκας,1,0,1
23993,ἔῃσιν,4,0,4
23994,ἑῇσιν,1,0,1
23995,κατείρυσται,1,0,1
23996,ἐπαρτέες,1,0,1
23997,κήδεά,2,0,2
23998,βασιλῆά,1,0,1
23999,δαήμονι,1,0,1
24000,ἄθλων,1,0,1
24001,πολυκλήιδι,1,0,1
24002,θαμίζων,1,0,1
24003,ναυτάων,1,0,1
24004,πρηκτῆρες,1,0,1
24005,φόρτου,1,0,1
24006,μνήμων,2,0,2
24007,ὁδαίων,2,0,2
24008,κερδέων,1,0,1
24009,ἁρπαλέων,1,0,1
24010,ἀθλητῆρι,1,0,1
24011,ἀτασθάλῳ,1,0,1
24012,ἀγορητύν,1,0,1
24013,ἀκιδνότερος,1,0,1
24014,μορφήν,1,0,1
24015,ἔπεσι,1,0,1
24016,στέφει,1,0,1
24017,λεύσσουσιν,1,0,1
24018,πρέπει,1,0,1
24019,εἰσορόωσιν,2,0,2
24020,ἀλίγκιος,1,0,1
24021,ἀμφιπεριστέφεται,1,0,1
24022,ἀριπρεπές,2,0,2
24023,τεύξειε,1,0,1
24024,ἀποφώλιός,1,0,1
24025,ὤρινάς,1,0,1
24026,νῆις,1,0,1
24027,μυθεῖαι,1,0,1
24028,ἥβῃ,1,0,1
24029,ἔχομαι,2,0,2
24030,πειρήσομ,1,0,1
24031,θυμοδακής,1,0,1
24032,ἐπώτρυνας,1,0,1
24033,φάρει,1,0,1
24034,δίσκον,1,0,1
24035,πάχετον,1,0,1
24036,στιβαρώτερον,1,0,1
24037,οἵῳ,2,0,2
24038,ἐδίσκεον,1,0,1
24039,βόμβησεν,1,0,1
24040,ἔπτηξαν,1,0,1
24041,δολιχήρετμοι,3,0,3
24042,ναυσίκλυτοι,5,0,5
24043,ἀλαός,1,0,1
24044,διακρίνειε,1,0,1
24045,ἀμφαφόων,1,0,1
24046,μεμιγμένον,3,0,3
24047,ὑπερήσει,1,0,1
24048,οὕνεχ,2,0,2
24049,λεῦσσ,1,0,1
24050,κουφότερον,1,0,1
24051,ἀφίκεσθε,1,0,1
24052,ἥσειν,1,0,1
24053,τοσσοῦτον,4,0,4
24054,μᾶσσον,1,0,1
24055,ὅτινα,2,0,2
24056,ἐχολώσατε,1,0,1
24057,πλήν,1,0,1
24058,Λαοδάμαντος,1,0,1
24059,ξεινοδόκῳ,2,0,2
24060,προφέρηται,1,0,1
24061,ἀθερίζω,2,0,2
24062,πειρηθήμεναι,1,0,1
24063,πρῶτός,1,0,1
24064,ὀιστεύσας,2,0,2
24065,παρασταῖεν,1,0,1
24066,τοξαζοίατο,1,0,1
24067,τοξαζοίμεθ,1,0,1
24068,προφερέστερον,1,0,1
24069,προτέροισιν,1,0,1
24070,ἐθελήσω,1,0,1
24071,Ἡρακλῆι,1,0,1
24072,Εὐρύτῳ,1,0,1
24073,Οιχαλιῆι,1,0,1
24074,ἐρίζεσκον,1,0,1
24075,ἔθανεν,1,0,1
24076,Εὔρυτος,2,0,2
24077,τοξάζεσθαι,1,0,1
24078,ἀκοντίζω,1,0,1
24079,ὀιστῷ,1,0,1
24080,οἴοισιν,2,0,2
24081,ἀεικελίως,3,0,3
24082,ἐδαμάσθην,1,0,1
24083,πολλοῖς,1,0,1
24084,ἐπηετανός,1,0,1
24085,ἀχάριστα,1,0,1
24086,φαινέμεν,1,0,1
24087,δαινύῃ,2,0,2
24088,πυγμάχοι,1,0,1
24089,παλαισταί,1,0,1
24090,θέομεν,1,0,1
24091,χοροί,3,0,3
24092,ἐξημοιβά,1,0,1
24093,βητάρμονες,1,0,1
24094,παίσατε,1,0,1
24095,ναυτιλίῃ,1,0,1
24096,ὀρχηστυῖ,2,0,2
24097,ἀοιδῇ,3,0,3
24098,Δημοδόκῳ,4,0,4
24099,οἴσων,2,0,2
24100,γλαφυρήν,5,0,5
24101,αἰσυμνῆται,1,0,1
24102,κριτοί,1,0,1
24103,δήμιοι,1,0,1
24104,ἀγῶνας,1,0,1
24105,πρήσσεσκον,1,0,1
24106,λείηναν,1,0,1
24107,εὔρυναν,1,0,1
24108,πρωθῆβαι,1,0,1
24109,δαήμονες,1,0,1
24110,πέπληγον,1,0,1
24111,μαρμαρυγάς,1,0,1
24112,θαύμαζε,2,0,2
24113,εὐστεφάνου,1,0,1
24114,μίγησαν,1,0,1
24115,Ἥλιος,1,0,1
24116,μιγαζομένους,1,0,1
24117,χαλκεῶνα,1,0,1
24118,βυσσοδομεύων,5,0,5
24119,Ἄρει,1,0,1
24120,ἑρμῖσιν,1,0,1
24121,μελαθρόφιν,1,0,1
24122,ἐξεκέχυντο,1,0,1
24123,ἠύτ,3,0,3
24124,ἀράχνια,2,0,2
24125,δολόεντα,1,0,1
24126,εἴσατ,1,0,1
24127,γαιάων,3,0,3
24128,φιλτάτη,1,0,1
24129,ἁπασέων,1,0,1
24130,περικλυτοῦ,2,0,2
24131,ἰσχανόων,1,0,1
24132,ἐυστεφάνου,1,0,1
24133,Κυθερείης,1,0,1
24134,ἕζεθ,1,0,1
24135,λέκτρονδε,1,0,1
24136,εὐνηθέντες,1,0,1
24137,μεταδήμιος,1,0,1
24138,Σίντιας,1,0,1
24139,ἀγριοφώνους,1,0,1
24140,βάντε,1,0,1
24141,δεσμοί,3,0,3
24142,τεχνήεντες,1,0,1
24143,ἔχυντο,2,0,2
24144,κινῆσαι,1,0,1
24145,ἀναεῖραι,1,0,1
24146,ἐβόησε,2,0,2
24147,δεῦθ,1,0,1
24148,γελαστά,1,0,1
24149,ἐπιεικτά,1,0,1
24150,ἀίδηλον,1,0,1
24151,τοκῆε,1,0,1
24152,ὄφελλον,1,0,1
24153,ὄψεσθ,2,0,2
24154,καθεύδετον,1,0,1
24155,ἀκάχημαι,2,0,2
24156,κειέμεν,1,0,1
24157,φιλέοντε,1,0,1
24158,ἐθελήσετον,1,0,1
24159,ἀποδῷσιν,1,0,1
24160,ἐγγυάλιξα,1,0,1
24161,ἐχέθυμος,1,0,1
24162,δωτῆρες,1,0,1
24163,τέχνας,1,0,1
24164,ἀρετᾷ,1,0,1
24165,βραδύς,2,0,2
24166,ὠκύτατόν,1,0,1
24167,τέχνῃσι,1,0,1
24168,μοιχάγρι,1,0,1
24169,Ἑρμῆν,1,0,1
24170,διάκτορε,1,0,1
24171,δῶτορ,1,0,1
24172,δεσμοῖς,1,0,1
24173,κρατεροῖσι,1,0,1
24174,πιεσθείς,1,0,1
24175,λέκτροισι,3,0,3
24176,ἑκατηβόλ,1,0,1
24177,ἀπείρονες,1,0,1
24178,ἔχοιεν,1,0,1
24179,εἰσορόῳτε,1,0,1
24180,εὕδοιμι,1,0,1
24181,ὦρτ,1,0,1
24182,κλυτοεργόν,1,0,1
24183,λύσειεν,1,0,1
24184,ὑπίσχομαι,1,0,1
24185,τίσειν,1,0,1
24186,δειλαί,1,0,1
24187,ἐγγύαι,1,0,1
24188,ἐγγυάασθαι,1,0,1
24189,δέοιμι,1,0,1
24190,οἴχοιτο,2,0,2
24191,χρέος,2,0,2
24192,ὑπαλύξας,1,0,1
24193,οἴχηται,1,0,1
24194,δεσμοῖο,2,0,2
24195,ἀναΐξαντε,1,0,1
24196,Θρῄκηνδε,1,0,1
24197,Πάφον,1,0,1
24198,ἀμβρότῳ,1,0,1
24199,ἐπενήνοθεν,1,0,1
24200,ἕσσαν,2,0,2
24201,ἐπήρατα,1,0,1
24202,Ἅλιον,1,0,1
24203,μουνάξ,2,0,2
24204,ὀρχήσασθαι,2,0,2
24205,Πόλυβος,1,0,1
24206,ἀερθείς,2,0,2
24207,μεθέλεσκε,1,0,1
24208,ὠρχείσθην,1,0,1
24209,ἐπελήκεον,1,0,1
24210,ἑστεῶτες,1,0,1
24211,Ἀλκίνοε,6,0,6
24212,ἀριδείκετε,6,0,6
24213,ἀπείλησας,1,0,1
24214,βητάρμονας,1,0,1
24215,ξεινήιον,3,0,3
24216,κραίνουσι,2,0,2
24217,τρισκαιδέκατος,1,0,1
24218,ἐυπλυνές,2,0,2
24219,τάλαντον,1,0,1
24220,ἐνείκατε,1,0,1
24221,τιμήεντος,1,0,1
24222,φέρωμεν,1,0,1
24223,ἀολλέα,2,0,2
24224,ἴῃ,2,0,2
24225,ἀρεσσάσθω,1,0,1
24226,ἀρέσσομαι,1,0,1
24227,παγχάλκεον,2,0,2
24228,κώπη,2,0,2
24229,ἀργυρέη,1,0,1
24230,κολεόν,1,0,1
24231,νεοπρίστου,1,0,1
24232,βέβακται,1,0,1
24233,ἀναρπάξασαι,1,0,1
24234,πάσχεις,2,0,2
24235,ξίφεός,1,0,1
24236,ἀρεσσάμενος,1,0,1
24237,παρῆεν,1,0,1
24238,θρόνοισι,1,0,1
24239,χηλόν,3,0,3
24240,ἰήνατε,1,0,1
24241,θέρμετε,1,0,1
24242,τέρπηται,1,0,1
24243,ὕμνον,1,0,1
24244,ὀπάσσω,2,0,2
24245,σπένδῃ,1,0,1
24246,ἑλοῦσαι,1,0,1
24247,ἐξέφερεν,1,0,1
24248,ἴηλον,1,0,1
24249,εὕδῃσθα,1,0,1
24250,ἐπήρτυε,1,0,1
24251,ἴηλεν,1,0,1
24252,δέδαε,2,0,2
24253,Κίρκη,22,0,22
24254,αὐτόδιον,1,0,1
24255,ἀσάμινθον,2,0,2
24256,βάνθ,1,0,1
24257,λοέτρ,1,0,1
24258,κομιζόμενός,1,0,1
24259,θάμιζεν,1,0,1
24260,ἠυκόμοιο,2,0,2
24261,οἰνοποτῆρας,1,0,1
24262,ὁρῶσα,1,0,1
24263,μνήσῃ,2,0,2
24264,ζωάγρι,1,0,1
24265,ὀφέλλεις,1,0,1
24266,εὐχετοῴμην,2,0,2
24267,ἐβιώσαο,1,0,1
24268,ἔνεμον,1,0,1
24269,κερόωντό,1,0,1
24270,ἀποπροταμών,1,0,1
24271,κρέας,3,0,3
24272,φάγῃσιν,1,0,1
24273,ἐπιχθονίοισιν,2,0,2
24274,ἔμμοροί,1,0,1
24275,οἴμας,2,0,2
24276,ἀοιδῶν,1,0,1
24277,Δημόδοκ,1,0,1
24278,ἀείδεις,1,0,1
24279,ἔρξαν,2,0,2
24280,ἔπαθόν,1,0,1
24281,ἐμόγησαν,1,0,1
24282,παρεών,1,0,1
24283,μετάβηθι,1,0,1
24284,ἄεισον,1,0,1
24285,δουρατέου,1,0,1
24286,ἀκρόπολιν,2,0,2
24287,ἐμπλήσας,3,0,3
24288,ἐξαλάπαξαν,1,0,1
24289,καταλέξῃς,1,0,1
24290,φαῖνε,2,0,2
24291,ἐυσσέλμων,1,0,1
24292,ἀπέπλειον,1,0,1
24293,κεκαλυμμένοι,2,0,2
24294,διαπλῆξαι,1,0,1
24295,ἐρύσαντας,1,0,1
24296,ἐάαν,1,0,1
24297,θελκτήριον,1,0,1
24298,ἀμφικαλύψῃ,2,0,2
24299,δουράτεον,1,0,1
24300,ἤειδεν,1,0,1
24301,διέπραθον,1,0,1
24302,ἱππόθεν,2,0,2
24303,ἐκχύμενοι,1,0,1
24304,ἐκπρολιπόντες,1,0,1
24305,κεραϊζέμεν,1,0,1
24306,Δηιφόβοιο,1,0,1
24307,τολμήσαντα,1,0,1
24308,τήκετο,3,0,3
24309,ἔδευεν,1,0,1
24310,κλαίῃσι,1,0,1
24311,ἀμφιπεσοῦσα,1,0,1
24312,πέσῃσιν,2,0,2
24313,ἄστεϊ,1,0,1
24314,θνήσκοντα,1,0,1
24315,λίγα,1,0,1
24316,κωκύει,1,0,1
24317,κόπτοντες,1,0,1
24318,εἴρερον,1,0,1
24319,εἰσανάγουσι,1,0,1
24320,ἐλεεινοτάτῳ,1,0,1
24321,Δημόδοκος,2,0,2
24322,σχεθέτω,2,0,2
24323,ἀείδει,2,0,2
24324,δορπέομέν,1,0,1
24325,παύσατ,1,0,1
24326,ὀιζυροῖο,1,0,1
24327,ξεινοδόκοι,1,0,1
24328,πομπή,5,0,5
24329,φιλέοντες,1,0,1
24330,κασιγνήτου,1,0,1
24331,ἐπιψαύῃ,1,0,1
24332,νοήμασι,1,0,1
24333,κερδαλέοισιν,1,0,1
24334,εἴρωμαι,1,0,1
24335,κάλλιόν,1,0,1
24336,ἀνώνυμός,1,0,1
24337,τίθενται,2,0,2
24338,τέκωσι,1,0,1
24339,πέμπωσι,1,0,1
24340,τιτυσκόμεναι,1,0,1
24341,κυβερνητῆρες,1,0,1
24342,πηδάλι,1,0,1
24343,πόλιας,1,0,1
24344,τάχισθ,1,0,1
24345,κεκαλυμμέναι,1,0,1
24346,πημανθῆναι,1,0,1
24347,Ναυσιθόου,1,0,1
24348,ἀγάσασθαι,2,0,2
24349,πομποί,2,0,2
24350,ἀπήμονές,2,0,2
24351,ἐυεργέα,6,0,6
24352,ἀνιοῦσαν,3,0,3
24353,ῥαισέμεναι,2,0,2
24354,ἀμφικαλύψειν,2,0,2
24355,ἀτέλεστ,1,0,1
24356,ἀπεπλάγχθης,2,0,2
24357,χώρας,1,0,1
24358,πόλιάς,1,0,1
24359,ὀδύρεαι,1,0,1
24360,ἀνθρώποις,3,0,3
24361,ᾖσι,1,0,1
24362,ἐσσομένοισιν,1,0,1
24363,πηός,1,0,1
24364,ἀπέφθιτο,3,0,3
24365,πενθερός,1,0,1
24366,κήδιστοι,1,0,1
24367,χαριέστερον,1,0,1
24368,ἐυφροσύνη,1,0,1
24369,ἀκουάζωνται,1,0,1
24370,πλήθωσι,1,0,1
24371,τράπεζαι,2,0,2
24372,οἰνοχόος,3,0,3
24373,φορέῃσι,1,0,1
24374,ἐπετράπετο,1,0,1
24375,εἴρεσθ,1,0,1
24376,ὑστάτιον,1,0,1
24377,ὄνομα,4,0,4
24378,δόλοισιν,1,0,1
24379,μέλω,1,0,1
24380,ναιετάω,1,0,1
24381,νῆσοι,1,0,1
24382,Δουλίχιόν,1,0,1
24383,Σάμη,1,0,1
24384,ὑλήεσσα,1,0,1
24385,Ζάκυνθος,1,0,1
24386,χθαμαλή,2,0,2
24387,πανυπερτάτη,1,0,1
24388,τρηχεῖ,1,0,1
24389,κουροτρόφος,1,0,1
24390,γλυκερώτερον,1,0,1
24391,κατερήτυεν,1,0,1
24392,Αἰαίη,1,0,1
24393,γλύκιον,1,0,1
24394,ἀλλοδαπῇ,1,0,1
24395,πολυκηδέ,1,0,1
24396,ἐφέηκεν,1,0,1
24397,Κικόνεσσι,2,0,2
24398,Ἰσμάρῳ,1,0,1
24399,δασσάμεθ,2,0,2
24400,διερῷ,1,0,1
24401,ἠνώγεα,3,0,3
24402,Κίκονες,2,0,2
24403,γεγώνευν,2,0,2
24404,ναίοντες,1,0,1
24405,ἠέριοι,1,0,1
24406,αἰνομόροισιν,2,0,2
24407,πάθοιμεν,1,0,1
24408,ἀλεξόμενοι,1,0,1
24409,πλέονάς,1,0,1
24410,μετενίσσετο,1,0,1
24411,βουλυτόνδε,1,0,1
24412,κλῖναν,1,0,1
24413,ὤλονθ,1,0,1
24414,φύγομεν,3,0,3
24415,ἀκαχήμενοι,5,0,5
24416,ἄσμενοι,3,0,3
24417,ἀῦσαι,1,0,1
24418,δῃωθέντες,1,0,1
24419,ἐφέροντ,1,0,1
24420,ἐπικάρσιαι,1,0,1
24421,διέσχισεν,1,0,1
24422,κάθεμεν,1,0,1
24423,δείσαντες,8,0,8
24424,προερέσσαμεν,2,0,2
24425,κείμεθ,3,0,3
24426,κυβερνῆταί,2,0,2
24427,ἴθυνον,2,0,2
24428,περιγνάμπτοντα,1,0,1
24429,Μάλειαν,1,0,1
24430,ἀπέωσε,1,0,1
24431,παρέπλαγξεν,2,0,2
24432,Κυθήρων,1,0,1
24433,ὀλοοῖς,3,0,3
24434,ἐπέβημεν,1,0,1
24435,Λωτοφάγων,2,0,2
24436,ἄνθινον,1,0,1
24437,ἀφυσσάμεθ,2,0,2
24438,σίτοιό,2,0,2
24439,ἐπασσάμεθ,2,0,2
24440,τοτ,1,0,1
24441,προΐειν,3,0,3
24442,πεύθεσθαι,2,0,2
24443,τρίτατον,2,0,2
24444,κήρυχ,2,0,2
24445,ὀπάσσας,2,0,2
24446,μίγεν,1,0,1
24447,Λωτοφάγοισιν,1,0,1
24448,Λωτοφάγοι,1,0,1
24449,μήδονθ,1,0,1
24450,ἡμετέροις,1,0,1
24451,λωτοῖο,3,0,3
24452,φάγοι,2,0,2
24453,Λωτοφάγοισι,1,0,1
24454,κλαίοντας,2,0,2
24455,ζυγά,2,0,2
24456,δῆσα,1,0,1
24457,ἐρύσσας,1,0,1
24458,σπερχομένους,1,0,1
24459,φαγών,1,0,1
24460,λάθηται,1,0,1
24461,εἴσβαινον,8,0,8
24462,ὑπερφιάλων,1,0,1
24463,ἀθεμίστων,1,0,1
24464,φυτεύουσιν,1,0,1
24465,ἀρόωσιν,1,0,1
24466,ἄσπαρτα,1,0,1
24467,ἀνήροτα,1,0,1
24468,φύονται,1,0,1
24469,κριθαί,1,0,1
24470,ἄμπελοι,2,0,2
24471,ἐριστάφυλον,2,0,2
24472,θέμιστες,2,0,2
24473,θεμιστεύει,1,0,1
24474,ἀλέγουσιν,3,0,3
24475,λάχεια,2,0,2
24476,τετάνυσται,1,0,1
24477,ἀποτηλοῦ,1,0,1
24478,ὑλήεσσ,1,0,1
24479,ἀπειρέσιαι,1,0,1
24480,ἄγριαι,1,0,1
24481,πάτος,1,0,1
24482,ἀπερύκει,1,0,1
24483,εἰσοιχνεῦσι,1,0,1
24484,κυνηγέται,1,0,1
24485,πάσχουσιν,1,0,1
24486,ἐφέποντες,1,0,1
24487,ποίμνῃσιν,1,0,1
24488,καταΐσχεται,1,0,1
24489,ἀρότοισιν,1,0,1
24490,ἄσπαρτος,1,0,1
24491,ἀνήροτος,1,0,1
24492,χηρεύει,1,0,1
24493,βόσκει,3,0,3
24494,μηκάδας,3,0,3
24495,κάμοιεν,1,0,1
24496,ἐυσσέλμους,2,0,2
24497,τελέοιεν,1,0,1
24498,ἄστε,4,0,4
24499,ἱκνεύμεναι,1,0,1
24500,ἐυκτιμένην,1,0,1
24501,ἐκάμοντο,1,0,1
24502,ὥρια,1,0,1
24503,ὑδρηλοί,1,0,1
24504,ἄφθιτοι,1,0,1
24505,ἄροσις,1,0,1
24506,λήιον,1,0,1
24507,ὥρας,1,0,1
24508,ἀμῷεν,1,0,1
24509,πείσματός,1,0,1
24510,ἐπικέλσαντας,1,0,1
24511,ναυτέων,1,0,1
24512,ἐπιπνεύσωσιν,1,0,1
24513,ἀῆται,1,0,1
24514,αἴγειροι,2,0,2
24515,κατεπλέομεν,1,0,1
24516,προυφαίνετ,1,0,1
24517,βαθεῖ,1,0,1
24518,σελήνη,1,0,1
24519,προύφαινε,1,0,1
24520,κατείχετο,1,0,1
24521,ἐσέδρακεν,2,0,2
24522,κυλινδόμενα,1,0,1
24523,εἰσίδομεν,1,0,1
24524,ἐπικέλσαι,1,0,1
24525,κελσάσῃσι,1,0,1
24526,καθείλομεν,1,0,1
24527,ἀποβρίξαντες,2,0,2
24528,ἐμείναμεν,4,0,4
24529,θαυμάζοντες,1,0,1
24530,ἐδινεόμεσθα,1,0,1
24531,ὀρεσκῴους,1,0,1
24532,αἰγανέας,1,0,1
24533,δολιχαύλους,1,0,1
24534,εἱλόμεθ,2,0,2
24535,θήρην,2,0,2
24536,ἑκάστην,3,0,3
24537,λάγχανον,2,0,2
24538,δέκ,1,0,1
24539,ἐξέφθιτο,2,0,2
24540,ἐρυθρός,1,0,1
24541,ἐνέην,2,0,2
24542,ἠφύσαμεν,1,0,1
24543,ἐλεύσσομεν,2,0,2
24544,ὀίων,3,0,3
24545,ἀμβαίνειν,5,0,5
24546,δάφνῃσι,1,0,1
24547,ὄιές,1,0,1
24548,ἰαύεσκον,1,0,1
24549,ὑψηλή,2,0,2
24550,κατωρυχέεσσι,1,0,1
24551,μακρῇσίν,1,0,1
24552,πίτυσσιν,1,0,1
24553,ὑψικόμοισιν,1,0,1
24554,ἐνίαυε,1,0,1
24555,ποιμαίνεσκεν,1,0,1
24556,πωλεῖτ,1,0,1
24557,ἀθεμίστια,3,0,3
24558,θαῦμ,1,0,1
24559,σιτοφάγῳ,1,0,1
24560,ῥίῳ,1,0,1
24561,δυοκαίδεκ,1,0,1
24562,βῆν,5,0,5
24563,αἴγεον,1,0,1
24564,Μάρων,1,0,1
24565,Εὐάνθεος,1,0,1
24566,Ἴσμαρον,1,0,1
24567,περισχόμεθ,1,0,1
24568,ᾤκει,1,0,1
24569,ἄλσεϊ,1,0,1
24570,δενδρήεντι,1,0,1
24571,ἔδωκ,1,0,1
24572,ἐυεργέος,1,0,1
24573,πανάργυρον,2,0,2
24574,ἀφύσσας,1,0,1
24575,ἀκηράσιον,1,0,1
24576,ἠείδη,1,0,1
24577,ἀμφιπόλων,2,0,2
24578,πίνοιεν,1,0,1
24579,ἡδεῖα,1,0,1
24580,ἀποσχέσθαι,1,0,1
24581,ἐπελεύσεσθαι,1,0,1
24582,ἐπιειμένον,2,0,2
24583,ἄντρον,4,0,4
24584,ἐνόμευε,1,0,1
24585,ἐθηεύμεσθα,1,0,1
24586,ταρσοί,1,0,1
24587,τυρῶν,3,0,3
24588,βρῖθον,1,0,1
24589,σηκοί,2,0,2
24590,διακεκριμέναι,1,0,1
24591,ἕκασται,1,0,1
24592,πρόγονοι,1,0,1
24593,μέτασσαι,1,0,1
24594,ἕρσαι,1,0,1
24595,ὀρῷ,1,0,1
24596,γαυλοί,1,0,1
24597,σκαφίδες,1,0,1
24598,ἐνάμελγεν,1,0,1
24599,πρώτισθ,2,0,2
24600,λίσσοντ,1,0,1
24601,αἰνυμένους,1,0,1
24602,ἐρίφους,1,0,1
24603,σηκῶν,1,0,1
24604,ἐξελάσαντας,1,0,1
24605,ἐπιπλεῖν,2,0,2
24606,ἔμελλ,2,0,2
24607,φανείς,1,0,1
24608,ἐρατεινός,1,0,1
24609,κήαντες,2,0,2
24610,ἐθύσαμεν,1,0,1
24611,αἰνύμενοι,1,0,1
24612,φάγομεν,1,0,1
24613,μένομέν,1,0,1
24614,νέμων,1,0,1
24615,ἀζαλέης,1,0,1
24616,ποτιδόρπιον,2,0,2
24617,ἄντροιο,3,0,3
24618,ἀπεσσύμεθ,2,0,2
24619,ἄντρου,5,0,5
24620,ἤμελγε,2,0,2
24621,θύρηφιν,1,0,1
24622,ἀρνειούς,1,0,1
24623,τράγους,1,0,1
24624,θυρεόν,3,0,3
24625,ἄμαξαι,2,0,2
24626,ἐσθλαί,2,0,2
24627,τετράκυκλοι,1,0,1
24628,ἠλίβατον,1,0,1
24629,ἤμελγεν,2,0,2
24630,ἔμβρυον,3,0,3
24631,θρέψας,1,0,1
24632,λευκοῖο,1,0,1
24633,ταλάροισιν,1,0,1
24634,ἀμησάμενος,1,0,1
24635,αἰνυμένῳ,1,0,1
24636,σπεῦσε,3,0,3
24637,πονησάμενος,3,0,3
24638,δεισάντων,3,0,3
24639,βαρύν,1,0,1
24640,ἀποπλαγχθέντες,1,0,1
24641,παντοίοις,1,0,1
24642,διέπερσε,1,0,1
24643,κιχανόμενοι,1,0,1
24644,πόροις,1,0,1
24645,δωτίνην,2,0,2
24646,ἱκέται,1,0,1
24647,ἐπιτιμήτωρ,1,0,1
24648,ἱκετάων,2,0,2
24649,ξείνιος,1,0,1
24650,δειδίμεν,2,0,2
24651,Κύκλωπες,1,0,1
24652,αἰγιόχου,1,0,1
24653,ἔχθος,1,0,1
24654,πεφιδοίμην,1,0,1
24655,εἴφ,2,0,2
24656,ἔσχες,1,0,1
24657,πειράζων,1,0,1
24658,προσέφην,3,0,3
24659,δολίοις,1,0,1
24660,νέα,1,0,1
24661,κατέαξε,1,0,1
24662,ὑμῆς,1,0,1
24663,πείρασι,1,0,1
24664,προσπελάσας,1,0,1
24665,ὑπέκφυγον,2,0,2
24666,ἑτάροις,4,0,4
24667,ἴαλλε,1,0,1
24668,μάρψας,4,0,4
24669,σκύλακας,1,0,1
24670,κόπτ,1,0,1
24671,ἤσθιε,4,0,4
24672,ἀπέλειπεν,1,0,1
24673,ἔγκατά,1,0,1
24674,σάρκας,2,0,2
24675,μυελόεντα,1,0,1
24676,ἀνεσχέθομεν,1,0,1
24677,σχέτλια,3,0,3
24678,ἀμηχανίη,1,0,1
24679,νηδύν,1,0,1
24680,ἀνδρόμεα,2,0,2
24681,ἔδων,2,0,2
24682,ἔντοσθ,1,0,1
24683,βούλευσα,1,0,1
24684,ἐπιμασσάμενος,3,0,3
24685,ἔρυκεν,1,0,1
24686,ἀπωλόμεθ,4,0,4
24687,προσέθηκεν,1,0,1
24688,στενάχοντες,3,0,3
24689,δειπνήσας,2,0,2
24690,ἐξήλασε,1,0,1
24691,ἀφελών,1,0,1
24692,ἐπέθηχ,1,0,1
24693,φαρέτρῃ,1,0,1
24694,ἐπιθείη,1,0,1
24695,ῥοίζῳ,1,0,1
24696,ῥόπαλον,3,0,3
24697,σηκῷ,1,0,1
24698,ἐλαΐνεον,1,0,1
24699,ἔκταμεν,2,0,2
24700,φοροίη,1,0,1
24701,αὐανθέν,1,0,1
24702,ἐίσκομεν,2,0,2
24703,ἐεικοσόροιο,1,0,1
24704,ἐκπεράᾳ,1,0,1
24705,μῆκος,2,0,2
24706,πάχος,1,0,1
24707,ὄργυιαν,2,0,2
24708,ἀπέκοψα,2,0,2
24709,παρέθηχ,1,0,1
24710,ἀποξῦναι,1,0,1
24711,ὁμαλόν,1,0,1
24712,ἐθόωσα,1,0,1
24713,ἐπυράκτεον,1,0,1
24714,κατέθηκα,1,0,1
24715,κατακρύψας,1,0,1
24716,κόπρῳ,3,0,3
24717,πεπαλάσθαι,1,0,1
24718,τολμήσειεν,1,0,1
24719,μοχλόν,5,0,5
24720,τρῖψαι,1,0,1
24721,ἐλέγμην,1,0,1
24722,καλλίτριχα,2,0,2
24723,νομεύων,2,0,2
24724,ὀισάμενος,3,0,3
24725,Κύκλωπα,4,0,4
24726,κισσύβιον,1,0,1
24727,πίε,1,0,1
24728,φάγες,1,0,1
24729,ἐκεκεύθει,1,0,1
24730,λοιβήν,1,0,1
24731,πέμψειας,1,0,1
24732,μαίνεαι,1,0,1
24733,ἔδεκτο,1,0,1
24734,ἔκπιεν,2,0,2
24735,ἥσατο,1,0,1
24736,ξείνιον,3,0,3
24737,νέκταρός,1,0,1
24738,ἔδωκα,2,0,2
24739,ἔπεσσι,5,0,5
24740,Οὖτις,3,0,3
24741,Οὖτιν,2,0,2
24742,ἔδομαι,1,0,1
24743,ἀνακλινθείς,1,0,1
24744,ἀποδοχμώσας,1,0,1
24745,παχύν,1,0,1
24746,φάρυγος,2,0,2
24747,ψωμοί,1,0,1
24748,ἀνδρόμεοι,1,0,1
24749,ἐρεύγετο,1,0,1
24750,οἰνοβαρείων,3,0,3
24751,σποδοῦ,1,0,1
24752,ἤλασα,1,0,1
24753,πολλῆς,1,0,1
24754,θερμαίνοιτο,1,0,1
24755,ἀναδύη,1,0,1
24756,μοχλός,1,0,1
24757,ἐλάινος,1,0,1
24758,ἅψεσθαι,1,0,1
24759,ἐνέρεισαν,1,0,1
24760,ἐφύπερθεν,1,0,1
24761,δίνεον,1,0,1
24762,τρυπῷ,1,0,1
24763,νήιον,1,0,1
24764,τρυπάνῳ,1,0,1
24765,ἔνερθεν,1,0,1
24766,ὑποσσείουσιν,1,0,1
24767,πυριήκεα,1,0,1
24768,δινέομεν,1,0,1
24769,περίρρεε,1,0,1
24770,ὀφρύας,1,0,1
24771,εὗσεν,1,0,1
24772,ἀυτμή,2,0,2
24773,γλήνης,1,0,1
24774,σφαραγεῦντο,2,0,2
24775,ῥίζαι,2,0,2
24776,ψυχρῷ,1,0,1
24777,βάπτῃ,1,0,1
24778,ἰάχοντα,1,0,1
24779,φαρμάσσων,1,0,1
24780,σίζ,1,0,1
24781,ὀφθαλμός,1,0,1
24782,ἐλαϊνέῳ,1,0,1
24783,μοχλῷ,1,0,1
24784,πεφυρμένον,1,0,1
24785,Κύκλωπας,1,0,1
24786,ἤπυεν,1,0,1
24787,σπήεσσι,4,0,4
24788,ἄκριας,4,0,4
24789,ἠνεμοέσσας,3,0,3
24790,ἀίοντες,2,0,2
24791,ἐφοίτων,4,0,4
24792,εἴροντο,4,0,4
24793,κήδοι,1,0,1
24794,Πολύφημ,1,0,1
24795,ἀύπνους,1,0,1
24796,τίθησθα,2,0,2
24797,κτείνει,2,0,2
24798,Πολύφημος,2,0,2
24799,Οὖτίς,1,0,1
24800,ἀπαμειβόμενοι,1,0,1
24801,ἀπιόντες,1,0,1
24802,ὠδίνων,1,0,1
24803,ψηλαφόων,1,0,1
24804,στείχοντα,1,0,1
24805,ἤλπετ,1,0,1
24806,βούλευον,2,0,2
24807,λύσιν,1,0,1
24808,εὑροίμην,1,0,1
24809,ὄιες,2,0,2
24810,ἐυτρεφέες,1,0,1
24811,δασύμαλλοι,1,0,1
24812,συνέεργον,2,0,2
24813,ἐυστρεφέεσσι,1,0,1
24814,λύγοισιν,1,0,1
24815,σύντρεις,1,0,1
24816,αἰνύμενος,1,0,1
24817,φέρεσκε,1,0,1
24818,ἑτέρω,1,0,1
24819,σώοντες,1,0,1
24820,γε—,1,0,1
24821,ἀρνειός,2,0,2
24822,λασίην,1,0,1
24823,γαστέρ,5,0,5
24824,κείμην,4,0,4
24825,ἀώτου,1,0,1
24826,ἐχόμην,3,0,3
24827,νομόνδ,1,0,1
24828,μέμηκον,1,0,1
24829,ἀνήμελκτοι,1,0,1
24830,οὔθατα,1,0,1
24831,κακῇσι,2,0,2
24832,τειρόμενος,1,0,1
24833,εἰροπόκων,1,0,1
24834,ἔστειχε,1,0,1
24835,λάχνῳ,1,0,1
24836,κριέ,1,0,1
24837,λελειμμένος,1,0,1
24838,νέμεαι,1,0,1
24839,σταθμόνδε,1,0,1
24840,ποθέεις,1,0,1
24841,ἐξαλάωσε,1,0,1
24842,λυγροῖς,1,0,1
24843,δαμασσάμενος,1,0,1
24844,ὁμοφρονέοις,1,0,1
24845,ποτιφωνήεις,1,0,1
24846,γένοιο,4,0,4
24847,ἠλασκάζει,1,0,1
24848,ἐγκέφαλός,1,0,1
24849,θεινομένου,1,0,1
24850,ῥαίοιτο,1,0,1
24851,λωφήσειε,1,0,1
24852,κριόν,1,0,1
24853,ἀρνειοῦ,1,0,1
24854,λυόμην,1,0,1
24855,ὑπέλυσα,1,0,1
24856,ταναύποδα,1,0,1
24857,περιτροπέοντες,1,0,1
24858,φάνημεν,1,0,1
24859,νεῦον,1,0,1
24860,βαλόντας,1,0,1
24861,ἔμελλες,3,0,3
24862,τίσατο,1,0,1
24863,ἐδεύησεν,2,0,2
24864,οἰήιον,2,0,2
24865,κατερχομένης,2,0,2
24866,πλημυρίς,1,0,1
24867,θέμωσε,2,0,2
24868,περιμήκεα,2,0,2
24869,κοντόν,1,0,1
24870,ὦσα,1,0,1
24871,κώπῃς,2,0,2
24872,κατανεύων,1,0,1
24873,προπεσόντες,2,0,2
24874,ἔρεσσον,3,0,3
24875,δίς,1,0,1
24876,πρήσσοντες,1,0,1
24877,ἀπῆμεν,2,0,2
24878,πόντονδε,2,0,2
24879,φθεγξαμένου,1,0,1
24880,ἄραξ,1,0,1
24881,νήια,1,0,1
24882,πεῖθον,1,0,1
24883,ἀεικελίην,1,0,1
24884,ἀλαωτύν,1,0,1
24885,πτολιπόρθιον,2,0,2
24886,ἐξαλαῶσαι,1,0,1
24887,παλαίφατα,2,0,2
24888,θέσφαθ,3,0,3
24889,ἠύς,1,0,1
24890,Τήλεμος,1,0,1
24891,Εὐρυμίδης,1,0,1
24892,μαντοσύνῃ,1,0,1
24893,μαντευόμενος,1,0,1
24894,κατεγήρα,1,0,1
24895,Κυκλώπεσσιν,1,0,1
24896,ἁμαρτήσεσθαι,1,0,1
24897,ἐδέγμην,2,0,2
24898,ἄκικυς,2,0,2
24899,ἐδαμάσσατο,1,0,1
24900,ἰήσεται,2,0,2
24901,αἰῶνός,1,0,1
24902,ποιήσας,1,0,1
24903,ἀλλοτρίης,4,0,4
24904,εὕροι,1,0,1
24905,ὀδυρόμενοι,3,0,3
24906,ἐκέλσαμεν,3,0,3
24907,ἀρνειόν,5,0,5
24908,κελαινεφέι,1,0,1
24909,ἐμπάζετο,4,0,4
24910,ἀπολοίατο,1,0,1
24911,Αἰολίην,2,0,2
24912,Αἴολος,2,0,2
24913,Ἱπποτάδης,1,0,1
24914,πλωτῇ,1,0,1
24915,θυγατέρας,1,0,1
24916,ἀκοίτις,1,0,1
24917,δαίνυνται,1,0,1
24918,ὀνείατα,2,0,2
24919,κνισῆεν,1,0,1
24920,περιστεναχίζεται,1,0,1
24921,τάπησι,1,0,1
24922,φίλει,3,0,3
24923,ᾔτεον,1,0,1
24924,πεμπέμεν,2,0,2
24925,ἐκδείρας,1,0,1
24926,βυκτάων,1,0,1
24927,παυέμεναι,1,0,1
24928,γλαφυρῇ,5,0,5
24929,κατέδει,1,0,1
24930,μέρμιθι,1,0,1
24931,παραπνεύσῃ,1,0,1
24932,ἐκτελέειν,1,0,1
24933,ἀνεφαίνετο,1,0,1
24934,πυρπολέοντας,1,0,1
24935,κεκμηῶτα,2,0,2
24936,ἐνώμων,2,0,2
24937,ἱκοίμεθα,1,0,1
24938,Αἰόλου,2,0,2
24939,Ἱπποτάδαο,1,0,1
24940,τίμιός,1,0,1
24941,ὅτεών,1,0,1
24942,ἄγεται,1,0,1
24943,ἐκτελέσαντες,1,0,1
24944,νισσόμεθα,1,0,1
24945,κενεάς,1,0,1
24946,ἰδώμεθα,1,0,1
24947,ἄργυρος,1,0,1
24948,ἔνεστιν,1,0,1
24949,νίκησεν,1,0,1
24950,ἁρπάξασα,1,0,1
24951,ἐγρόμενος,1,0,1
24952,μερμήριξα,3,0,3
24953,ἀποφθίμην,1,0,1
24954,μετείην,2,0,2
24955,ἔμεινα,2,0,2
24956,ἐφέροντο,1,0,1
24957,ὀπασσάμενος,1,0,1
24958,ἐκίχανον,1,0,1
24959,δαινύμενον,1,0,1
24960,ἑζόμεθ,1,0,1
24961,ἀπεπέμπομεν,1,0,1
24962,ἀφίκοιο,2,0,2
24963,μετεφώνεον,1,0,1
24964,ἄασάν,1,0,1
24965,τοῖσί,1,0,1
24966,ἀκέσασθε,1,0,1
24967,δύναμις,3,0,3
24968,ἐλέγχιστε,1,0,1
24969,ζωόντων,2,0,2
24970,κομιζέμεν,2,0,2
24971,ἀποπέμπειν,1,0,1
24972,ἀπέχθηται,1,0,1
24973,μακάρεσσιν,1,0,1
24974,ἀπεχθόμενος,2,0,2
24975,εἰρεσίης,2,0,2
24976,ματίῃ,1,0,1
24977,ἑξῆμαρ,4,0,4
24978,Λάμου,1,0,1
24979,Τηλέπυλον,2,0,2
24980,Λαιστρυγονίην,2,0,2
24981,εἰσελάων,1,0,1
24982,ἐξελάων,1,0,1
24983,ὑπακούει,1,0,1
24984,ἄυπνος,1,0,1
24985,ἐξήρατο,1,0,1
24986,μισθούς,1,0,1
24987,βουκολέων,1,0,1
24988,ἄργυφα,1,0,1
24989,ἤματός,1,0,1
24990,λιμένα,4,0,4
24991,τετύχηκε,1,0,1
24992,ἐναντίαι,2,0,2
24993,στόματι,1,0,1
24994,προύχουσιν,1,0,1
24995,ἀραιή,1,0,1
24996,εἴσοδός,1,0,1
24997,κοίλοιο,2,0,2
24998,κῦμά,1,0,1
24999,ἔστην,3,0,3
25000,ἀνελθών,4,0,4
25001,ὁρῶμεν,1,0,1
25002,ἀίσσοντα,1,0,1
25003,ἐκβάντες,2,0,2
25004,λείην,1,0,1
25005,ἄστυδ,4,0,4
25006,καταγίνεον,1,0,1
25007,ὑδρευούσῃ,1,0,1
25008,ἰφθίμῃ,3,0,3
25009,Λαιστρυγόνος,2,0,2
25010,Ἀντιφάταο,2,0,2
25011,καλλιρέεθρον,2,0,2
25012,Ἀρτακίην,1,0,1
25013,φέρεσκον,1,0,1
25014,παριστάμενοι,1,0,1
25015,ἐπέφραδεν,2,0,2
25016,εἰσῆλθον,1,0,1
25017,ἔστυγον,1,0,1
25018,ἀγορῆς,1,0,1
25019,Ἀντιφατῆα,1,0,1
25020,ἀίξαντε,1,0,1
25021,φυγῇ,1,0,1
25022,Λαιστρυγόνες,1,0,1
25023,Γίγασιν,1,0,1
25024,ἀνδραχθέσι,1,0,1
25025,κόναβος,1,0,1
25026,πείροντες,1,0,1
25027,ἀτερπέα,2,0,2
25028,φέροντο,1,0,1
25029,πείσματ,1,0,1
25030,ἔκοψα,1,0,1
25031,ἀνέρριψαν,1,0,1
25032,ἐπηρεφέας,1,0,1
25033,πέτρας,5,0,5
25034,Αἰαίην,3,0,3
25035,αὐτοκασιγνήτη,1,0,1
25036,Αἰήταο,2,0,2
25037,ἐκγεγάτην,1,0,1
25038,φαεσιμβρότου,1,0,1
25039,Πέρσης,1,0,1
25040,κατηγαγόμεσθα,1,0,1
25041,ναύλοχον,1,0,1
25042,ἀνήιον,3,0,3
25043,Κίρκης,21,0,21
25044,προέμεν,1,0,1
25045,ὑψίκερων,1,0,1
25046,ποταμόνδε,1,0,1
25047,κατήιεν,1,0,1
25048,νομοῦ,1,0,1
25049,πιόμενος,1,0,1
25050,ἄκνηστιν,1,0,1
25051,μέσα,1,0,1
25052,πλῆξα,1,0,1
25053,ἐμβαίνων,1,0,1
25054,εἰρυσάμην,1,0,1
25055,κατακλίνας,1,0,1
25056,εἴασ,1,0,1
25057,σπασάμην,1,0,1
25058,ῥῶπάς,1,0,1
25059,λύγους,1,0,1
25060,πεῖσμα,3,0,3
25061,ἐυστρεφές,1,0,1
25062,πλεξάμενος,1,0,1
25063,συνέδησα,1,0,1
25064,καταλοφάδεια,1,0,1
25065,ἐρειδόμενος,1,0,1
25066,θηρίον,2,0,2
25067,ἀνέγειρα,1,0,1
25068,καταδυσόμεθ,1,0,1
25069,βρῶσίς,2,0,2
25070,μνησόμεθα,1,0,1
25071,βρώμης,2,0,2
25072,τρυχώμεθα,1,0,1
25073,λιμῷ,2,0,2
25074,καλυψάμενοι,1,0,1
25075,θηήσαντ,1,0,1
25076,νιψάμενοι,1,0,1
25077,τεύχοντ,1,0,1
25078,πάσχοντες,7,0,7
25079,ζόφος,1,0,1
25080,ἀννεῖται,1,0,1
25081,οὔκ,1,0,1
25082,οἴομαι,1,0,1
25083,ἀπείριτος,1,0,1
25084,ἔδρακον,1,0,1
25085,μνησαμένοις,1,0,1
25086,Κύκλωπός,1,0,1
25087,ἀνδροφάγοιο,1,0,1
25088,ἠρίθμεον,1,0,1
25089,ὄπασσα,1,0,1
25090,Εὐρύλοχος,9,0,9
25091,πάλλομεν,1,0,1
25092,Εὐρυλόχοιο,1,0,1
25093,γοόωντας,1,0,1
25094,βήσσῃσι,2,0,2
25095,ξεστοῖσιν,2,0,2
25096,ὀρέστεροι,1,0,1
25097,λέοντες,3,0,3
25098,κατέθελξεν,1,0,1
25099,ὡρμήθησαν,1,0,1
25100,οὐρῇσιν,1,0,1
25101,περισσαίνοντες,1,0,1
25102,δαίτηθεν,1,0,1
25103,σαίνωσ,1,0,1
25104,μειλίγματα,1,0,1
25105,κρατερώνυχες,1,0,1
25106,σαῖνον,1,0,1
25107,ἔδεισαν,2,0,2
25108,ἀειδούσης,1,0,1
25109,ἐποιχομένης,1,0,1
25110,κήδιστος,1,0,1
25111,κεδνότατός,1,0,1
25112,ἀοιδιάει,1,0,1
25113,δάπεδον,5,0,5
25114,ἀμφιμέμυκεν,1,0,1
25115,φθεγγώμεθα,1,0,1
25116,φθέγγοντο,3,0,3
25117,καλεῦντες,3,0,3
25118,ἐξελθοῦσα,3,0,3
25119,ὤιξε,3,0,3
25120,ἀιδρείῃσιν,2,0,2
25121,εἰσαγαγοῦσα,3,0,3
25122,ἐκύκα,1,0,1
25123,ἀνέμισγε,1,0,1
25124,σίτῳ,5,0,5
25125,λύγρ,2,0,2
25126,λαθοίατο,1,0,1
25127,ἔκπιον,2,0,2
25128,ῥάβδῳ,7,0,7
25129,συφεοῖσιν,1,0,1
25130,ἐέργνυ,1,0,1
25131,νοῦς,1,0,1
25132,ἐέρχατο,1,0,1
25133,ἄκυλον,1,0,1
25134,βάλανόν,1,0,1
25135,κρανείης,1,0,1
25136,χαμαιευνάδες,2,0,2
25137,ἐκφάσθαι,2,0,2
25138,πίμπλαντο,2,0,2
25139,ὠίετο,1,0,1
25140,ἐξερέοντες,1,0,1
25141,ἤιομεν,1,0,1
25142,ἄειδεν,2,0,2
25143,ὑπέμεινα,1,0,1
25144,ἀιστώθησαν,1,0,1
25145,ἐσκοπίαζον,1,0,1
25146,βαλόμην,1,0,1
25147,τοίσδεσι,2,0,2
25148,ἀλύξαιμεν,1,0,1
25149,Εὐρύλοχ,2,0,2
25150,πολυφαρμάκου,1,0,1
25151,χρυσόρραπις,2,0,2
25152,νεηνίῃ,1,0,1
25153,δύστηνε,3,0,3
25154,χώρου,2,0,2
25155,ἄιδρις,1,0,1
25156,οἵδ,2,0,2
25157,πυκινούς,1,0,1
25158,κευθμῶνας,2,0,2
25159,νοστήσειν,2,0,2
25160,μενέεις,1,0,1
25161,ἐκλύσομαι,1,0,1
25162,σαώσω,1,0,1
25163,ἀλάλκῃσιν,1,0,1
25164,κυκεῶ,2,0,2
25165,βαλέει,1,0,1
25166,θέλξαι,1,0,1
25167,περιμήκεϊ,2,0,2
25168,Κίρκῃ,2,0,2
25169,ἐπαῖξαι,1,0,1
25170,ὑποδείσασα,1,0,1
25171,κελήσεται,1,0,1
25172,ἀπανήνασθαι,1,0,1
25173,κομίσσῃ,1,0,1
25174,κέλεσθαί,1,0,1
25175,ἀπογυμνωθέντα,1,0,1
25176,ἀνήνορα,2,0,2
25177,θήῃ,2,0,2
25178,φύσιν,1,0,1
25179,ἔδειξε,1,0,1
25180,ῥίζῃ,1,0,1
25181,γάλακτι,1,0,1
25182,μῶλυ,1,0,1
25183,ὀρύσσειν,1,0,1
25184,ὑλήεσσαν,1,0,1
25185,ἐβόησα,1,0,1
25186,δέπαι,1,0,1
25187,πίοιμι,1,0,1
25188,συφεόνδε,1,0,1
25189,ἐπήιξα,1,0,1
25190,θαῦμά,1,0,1
25191,πιών,1,0,1
25192,ἐθέλχθης,1,0,1
25193,ἀνέτλη,1,0,1
25194,πίῃ,1,0,1
25195,ἀκήλητος,1,0,1
25196,πολύτροπος,1,0,1
25197,φάσκεν,1,0,1
25198,θέο,1,0,1
25199,ἐπιβείομεν,1,0,1
25200,μιγέντε,1,0,1
25201,πεποίθομεν,1,0,1
25202,ἤπιον,3,0,3
25203,ἀπώμνυεν,1,0,1
25204,ἐπέβην,3,0,3
25205,δρήστειραι,2,0,2
25206,κρηνέων,1,0,1
25207,ἀλσέων,1,0,1
25208,ἱερῶν,1,0,1
25209,ἅλαδε,1,0,1
25210,ἔβαλλε,1,0,1
25211,θρόνοις,3,0,3
25212,πορφύρεα,1,0,1
25213,λῖθ,1,0,1
25214,ὑπέβαλλεν,1,0,1
25215,θρόνων,2,0,2
25216,κάνεια,1,0,1
25217,τρίτη,1,0,1
25218,ἀργυρέῳ,1,0,1
25219,νέμε,2,0,2
25220,τετάρτη,1,0,1
25221,τρίποδι,1,0,1
25222,ἰαίνετο,2,0,2
25223,ἕσασα,1,0,1
25224,λό,1,0,1
25225,θυμῆρες,1,0,1
25226,κεράσασα,1,0,1
25227,ἀλλοφρονέων,1,0,1
25228,ὄσσετο,2,0,2
25229,ἰάλλοντα,1,0,1
25230,ἕζεαι,1,0,1
25231,ἀναύδῳ,1,0,1
25232,ἅπτεαι,1,0,1
25233,ἀπώμοσα,1,0,1
25234,πάσσασθαι,1,0,1
25235,λύσασθ,1,0,1
25236,φαγέμεν,5,0,5
25237,ἀνέῳξε,1,0,1
25238,συφειοῦ,1,0,1
25239,σιάλοισιν,1,0,1
25240,ἐοικότας,1,0,1
25241,ἐννεώροισιν,1,0,1
25242,προσάλειφεν,1,0,1
25243,ἔρρεον,1,0,1
25244,ἔφυσε,1,0,1
25245,οὐλόμενον,1,0,1
25246,καλλίονες,1,0,1
25247,ἔγνωσαν,1,0,1
25248,ἱμερόεις,1,0,1
25249,ὑπέδυ,1,0,1
25250,ἐρύσσατε,1,0,1
25251,πελάσσατε,1,0,1
25252,ὀλοφυρομένους,1,0,1
25253,χέοντας,1,0,1
25254,πόριες,1,0,1
25255,ἐλθούσας,1,0,1
25256,σκαίρουσιν,1,0,1
25257,ἴσχουσ,1,0,1
25258,μυκώμεναι,1,0,1
25259,ἀμφιθέουσι,1,0,1
25260,μητέρας,1,0,1
25261,δακρυόεντες,1,0,1
25262,δόκησε,2,0,2
25263,τρηχείης,2,0,2
25264,ἐχάρημεν,1,0,1
25265,ἀφικοίμεθα,2,0,2
25266,πελάσσομεν,1,0,1
25267,ὀτρύνεσθε,1,0,1
25268,ἴδηθ,1,0,1
25269,ἔδοντας,2,0,2
25270,ἐρύκανε,1,0,1
25271,πόσ,1,0,1
25272,ἱμείρετε,1,0,1
25273,λύκους,1,0,1
25274,λέοντας,1,0,1
25275,φυλάσσοιμεν,1,0,1
25276,ἔρξ,1,0,1
25277,θρασύς,1,0,1
25278,ἀποπλήξας,1,0,1
25279,οὖδάσδε,1,0,1
25280,πηῷ,1,0,1
25281,φάμενοι,1,0,1
25282,φράσσαντό,2,0,2
25283,ἐσάντα,5,0,5
25284,ὄρνυτε,1,0,1
25285,πάθετ,1,0,1
25286,ἐσθίετε,3,0,3
25287,βρώμην,3,0,3
25288,πίνετε,2,0,2
25289,λάβητε,1,0,1
25290,ἐλείπετε,1,0,1
25291,ἀσκελέες,1,0,1
25292,ἄθυμοι,1,0,1
25293,ἄλης,2,0,2
25294,χαλεπῆς,1,0,1
25295,μεμνημένοι,1,0,1
25296,εὐφροσύνῃ,1,0,1
25297,πέποσθε,2,0,2
25298,ἔτραπον,1,0,1
25299,μηνῶν,3,0,3
25300,φθινόντων,3,0,3
25301,τελέσθη,1,0,1
25302,ἐκκαλέσαντες,1,0,1
25303,ἐλλιτάνευσα,1,0,1
25304,τέλεσόν,1,0,1
25305,πεμψέμεναι,1,0,1
25306,ἔσσυται,1,0,1
25307,ἀέκοντες,1,0,1
25308,ἐπαινῆς,2,0,2
25309,Περσεφονείης,3,0,3
25310,ψυχῇ,4,0,4
25311,χρησομένους,2,0,2
25312,Τειρεσίαο,13,0,13
25313,μάντηος,2,0,2
25314,ἀλαοῦ,2,0,2
25315,ἔμπεδοί,1,0,1
25316,τεθνηῶτι,1,0,1
25317,σκιαί,1,0,1
25318,ἀίσσουσιν,1,0,1
25319,ἐκορέσθην,1,0,1
25320,ἡγεμονεύσει,1,0,1
25321,μελέσθω,1,0,1
25322,περήσῃς,1,0,1
25323,ἀκτή,3,0,3
25324,ὠλεσίκαρποι,1,0,1
25325,κέλσαι,1,0,1
25326,βαθυδίνῃ,1,0,1
25327,Ἀίδεω,3,0,3
25328,Ἀχέροντα,1,0,1
25329,Πυριφλεγέθων,1,0,1
25330,ῥέουσιν,1,0,1
25331,Κώκυτός,1,0,1
25332,ξύνεσίς,1,0,1
25333,χριμφθείς,1,0,1
25334,πέλας,2,0,2
25335,βόθρον,4,0,4
25336,ὀρύξαι,1,0,1
25337,πυγούσιον,2,0,2
25338,χοήν,2,0,2
25339,χεῖσθαι,1,0,1
25340,νεκύεσσιν,2,0,2
25341,μελικρήτῳ,2,0,2
25342,ἡδέι,2,0,2
25343,παλύνειν,1,0,1
25344,γουνοῦσθαι,1,0,1
25345,ἀμενηνά,4,0,4
25346,στεῖραν,3,0,3
25347,ἐμπλησέμεν,2,0,2
25348,Τειρεσίῃ,2,0,2
25349,ὄιν,4,0,4
25350,παμμέλαν,2,0,2
25351,ὑμετέροισιν,1,0,1
25352,εὐχῇσι,1,0,1
25353,λίσῃ,1,0,1
25354,θῆλύν,2,0,2
25355,στρέψας,1,0,1
25356,ἐποτρῦναι,1,0,1
25357,ἀνῶξαι,1,0,1
25358,κατάκειτ,1,0,1
25359,ἐσφαγμένα,2,0,2
25360,δείραντας,2,0,2
25361,κατακῆαι,2,0,2
25362,ἐπεύξασθαι,2,0,2
25363,Ἀίδῃ,1,0,1
25364,ἐπαινῇ,2,0,2
25365,Περσεφονείῃ,2,0,2
25366,εὕδοντες,1,0,1
25367,ἀωτεῖτε,1,0,1
25368,Ἐλπήνωρ,1,0,1
25369,ἀρηρώς,1,0,1
25370,ψύχεος,1,0,1
25371,ἱμείρων,1,0,1
25372,κινυμένων,1,0,1
25373,ἐκλάθετο,1,0,1
25374,καταντικρύ,2,0,2
25375,αὐχήν,2,0,2
25376,ἀστραγάλων,2,0,2
25377,κατῆλθεν,1,0,1
25378,ἐρχομένοισι,2,0,2
25379,φάσθε,1,0,1
25380,τεκμήρατο,1,0,1
25381,γόων,1,0,1
25382,τίλλοντό,1,0,1
25383,ᾔομεν,2,0,2
25384,κατέδησεν,3,0,3
25385,παρεξελθοῦσα,1,0,1
25386,ἴδοιτ,1,0,1
25387,ἐβήσαμεν,1,0,1
25388,βαίνομεν,1,0,1
25389,πλησίστιον,2,0,2
25390,εὐπλόκαμος,1,0,1
25391,πονησάμενοι,2,0,2
25392,ἴθυνε,2,0,2
25393,πανημερίης,1,0,1
25394,τέταθ,1,0,1
25395,ποντοπορούσης,1,0,1
25396,Κιμμερίων,1,0,1
25397,δῆμός,1,0,1
25398,καταδέρκεται,1,0,1
25399,στείχῃσι,1,0,1
25400,προτράπηται,1,0,1
25401,τέταται,1,0,1
25402,φράσε,1,0,1
25403,ἱερήια,1,0,1
25404,Περιμήδης,2,0,2
25405,Εὐρύλοχός,2,0,2
25406,ὄρυξ,1,0,1
25407,χεόμην,1,0,1
25408,γουνούμην,1,0,1
25409,εὐχωλῇσι,1,0,1
25410,λιτῇσί,1,0,1
25411,ἐλλισάμην,2,0,2
25412,ἀπεδειροτόμησα,1,0,1
25413,ἠίθεοί,1,0,1
25414,πολύτλητοί,1,0,1
25415,ἀταλαί,1,0,1
25416,νεοπενθέα,1,0,1
25417,οὐτάμενοι,1,0,1
25418,ἀρηίφατοι,1,0,1
25419,βεβροτωμένα,1,0,1
25420,κατέκειτ,1,0,1
25421,Ἀΐδῃ,1,0,1
25422,Ἐλπήνορος,1,0,1
25423,ἐτέθαπτο,1,0,1
25424,κατελείπομεν,2,0,2
25425,ἄθαπτον,2,0,2
25426,ἔπειγε,2,0,2
25427,δάκρυσα,3,0,3
25428,ἐλέησά,3,0,3
25429,Ἐλπῆνορ,1,0,1
25430,ἔφθης,1,0,1
25431,ἆσέ,1,0,1
25432,ἀθέσφατος,3,0,3
25433,καταλέγμενος,2,0,2
25434,κατῆλθε,1,0,1
25435,ἔλειπες,2,0,2
25436,σχήσεις,1,0,1
25437,καταλείπειν,1,0,1
25438,νοσφισθείς,1,0,1
25439,κακκῆαι,1,0,1
25440,δυστήνοιο,1,0,1
25441,πῆξαί,1,0,1
25442,ἐρετμόν,6,0,6
25443,στυγεροῖσιν,2,0,2
25444,κατατεθνηυίης,3,0,3
25445,Αὐτολύκου,4,0,4
25446,Ἀντίκλεια,1,0,1
25447,ζωήν,3,0,3
25448,ἀποχάζεο,1,0,1
25449,ἄπισχε,1,0,1
25450,πίω,1,0,1
25451,κουλεῷ,1,0,1
25452,ἐγκατέπηξ,1,0,1
25453,δίζηαι,1,0,1
25454,λήσειν,1,0,1
25455,ἐξαλάωσας,2,0,2
25456,ἵκοισθε,3,0,3
25457,ἐθέλῃς,2,0,2
25458,πελάσῃς,1,0,1
25459,Θρινακίῃ,1,0,1
25460,προφυγών,1,0,1
25461,βοσκομένας,1,0,1
25462,εὕρητε,1,0,1
25463,Ἠελίου,3,0,3
25464,ἐφορᾷ,3,0,3
25465,ἐπακούει,2,0,2
25466,ἀσινέας,2,0,2
25467,ἐάᾳς,3,0,3
25468,μέδηαι,2,0,2
25469,σίνηαι,2,0,2
25470,τεκμαίρομ,2,0,2
25471,ἀλύξῃς,2,0,2
25472,νεῖαι,2,0,2
25473,μνώμενοι,2,0,2
25474,ἀντιθέην,2,0,2
25475,διδόντες,2,0,2
25476,ἀποτίσεαι,2,0,2
25477,ἐυῆρες,3,0,3
25478,ἅλεσσι,2,0,2
25479,φοινικοπαρῄους,2,0,2
25480,ἐυήρε,1,0,1
25481,συμβλήμενος,1,0,1
25482,φήῃ,2,0,2
25483,ἀθηρηλοιγόν,2,0,2
25484,φαιδίμῳ,2,0,2
25485,ταῦρόν,2,0,2
25486,ἐπιβήτορα,2,0,2
25487,ἀποστείχειν,2,0,2
25488,ἱερᾶς,1,0,1
25489,ἀβληχρός,2,0,2
25490,γήραι,1,0,1
25491,λιπαρῷ,2,0,2
25492,ἀρημένον,4,0,4
25493,ὄλβιοι,2,0,2
25494,Τειρεσίη,1,0,1
25495,ἀκέουσ,1,0,1
25496,προτιμυθήσασθαι,1,0,1
25497,ἀναγνοίη,1,0,1
25498,ῥηΐδιόν,1,0,1
25499,ἐᾷς,1,0,1
25500,ἐπιφθονέῃς,1,0,1
25501,θέσφατ,1,0,1
25502,ἔλεξεν,1,0,1
25503,εἶδες,1,0,1
25504,κατήγαγεν,2,0,2
25505,χρησόμενον,1,0,1
25506,Ἀχαιΐδος,4,0,4
25507,ἁμῆς,2,0,2
25508,γῆς,4,0,4
25509,δολιχή,1,0,1
25510,νοῦσος,3,0,3
25511,ἔγημεν,2,0,2
25512,ὀιζυραί,1,0,1
25513,φθίνουσιν,3,0,3
25514,νύκτες,5,0,5
25515,χεούσῃ,3,0,3
25516,τεμένεα,1,0,1
25517,νέμεται,1,0,1
25518,δικασπόλον,1,0,1
25519,ἀλεγύνειν,1,0,1
25520,κατέρχεται,1,0,1
25521,χεῖμα,2,0,2
25522,εἷται,1,0,1
25523,θέρος,2,0,2
25524,ὀπώρη,1,0,1
25525,κεκλιμένων,1,0,1
25526,χθαμαλαί,1,0,1
25527,ὀλόμην,1,0,1
25528,ἐύσκοπος,1,0,1
25529,τηκεδόνι,1,0,1
25530,ἀγανοφροσύνη,1,0,1
25531,μερμηρίξας,2,0,2
25532,ἐφωρμήθην,1,0,1
25533,σκιῇ,1,0,1
25534,ἔπτατ,2,0,2
25535,γενέσκετο,1,0,1
25536,μίμνεις,1,0,1
25537,ἀγαυή,3,0,3
25538,ὤτρυν,2,0,2
25539,ἀπαφίσκει,1,0,1
25540,αὕτη,2,0,2
25541,θάνῃσιν,1,0,1
25542,ἶνες,1,0,1
25543,ἀποπταμένη,1,0,1
25544,πεπότηται,1,0,1
25545,φόωσδε,1,0,1
25546,λιλαίεο,2,0,2
25547,ἴσθ,1,0,1
25548,τεῇ,1,0,1
25549,ἀμειβόμεθ,1,0,1
25550,ἐρέοιμι,1,0,1
25551,προμνηστῖναι,1,0,1
25552,ἐπήισαν,1,0,1
25553,ἐξαγόρευεν,1,0,1
25554,ἐρέεινον,2,0,2
25555,Σαλμωνῆος,1,0,1
25556,ἔκγονος,2,0,2
25557,Κρηθῆος,1,0,1
25558,Αἰολίδαο,1,0,1
25559,ἠράσσατ,1,0,1
25560,Ἐνιπῆος,2,0,2
25561,προχοῇς,2,0,2
25562,περιστάθη,1,0,1
25563,οὔρεϊ,1,0,1
25564,κυρτωθέν,1,0,1
25565,κρύψεν,1,0,1
25566,παρθενίην,1,0,1
25567,φιλοτήσια,1,0,1
25568,περιπλομένου,1,0,1
25569,ἐνιαυτοῦ,1,0,1
25570,τέξεις,1,0,1
25571,ἀποφώλιοι,1,0,1
25572,ἀτιταλλέμεναί,1,0,1
25573,ὀνομήνῃς,1,0,1
25574,Πελίην,1,0,1
25575,Νηλῆα,2,0,2
25576,Πελίης,1,0,1
25577,Ἰαωλκῷ,1,0,1
25578,πολύρρηνος,1,0,1
25579,ἠμαθόεντι,2,0,2
25580,ἑτέρους,1,0,1
25581,Κρηθῆι,1,0,1
25582,Αἴσονά,1,0,1
25583,Φέρητ,1,0,1
25584,Ἀμυθάονά,1,0,1
25585,Ἀντιόπην,1,0,1
25586,Ἀσωποῖο,1,0,1
25587,ἰαῦσαι,1,0,1
25588,Ἀμφίονά,1,0,1
25589,Ζῆθόν,1,0,1
25590,πρῶτοι,1,0,1
25591,ἔκτισαν,1,0,1
25592,πύργωσάν,1,0,1
25593,ἀπύργωτόν,1,0,1
25594,Ἀλκμήνην,1,0,1
25595,ἀγκοίνῃσι,1,0,1
25596,Μεγάρην,1,0,1
25597,Ἐπικάστην,1,0,1
25598,ἀιδρείῃσι,1,0,1
25599,γημαμένη,1,0,1
25600,ἀνάπυστα,1,0,1
25601,πολυηράτῳ,1,0,1
25602,ὀλοάς,1,0,1
25603,ἁψαμένη,2,0,2
25604,βρόχον,1,0,1
25605,μελάθρου,1,0,1
25606,Χλῶριν,1,0,1
25607,ὁπλοτάτην,2,0,2
25608,Ἀμφίονος,1,0,1
25609,Ἰασίδαο,1,0,1
25610,Ὀρχομενῷ,2,0,2
25611,Μινυείῳ,1,0,1
25612,Χρόνιον,1,0,1
25613,Περικλύμενόν,1,0,1
25614,ἀγέρωχον,1,0,1
25615,Πηρώ,1,0,1
25616,περικτίται,1,0,1
25617,ἐδίδου,1,0,1
25618,Φυλάκης,2,0,2
25619,ἐλάσειε,4,0,4
25620,Ἰφικληείης,1,0,1
25621,ἀργαλέας,1,0,1
25622,ἀργαλέοι,1,0,1
25623,μῆνές,2,0,2
25624,ἡμέραι,3,0,3
25625,ἐξετελεῦντο,2,0,2
25626,περιτελλομένου,2,0,2
25627,ἔτεος,2,0,2
25628,Ἰφικληείη,1,0,1
25629,Λήδην,1,0,1
25630,Τυνδαρέου,2,0,2
25631,Τυνδαρέῳ,1,0,1
25632,κρατερόφρονε,1,0,1
25633,κατέχει,1,0,1
25634,ζώουσ,1,0,1
25635,ἑτερήμεροι,1,0,1
25636,τεθνᾶσιν,1,0,1
25637,λελόγχασιν,1,0,1
25638,Ἰφιμέδειαν,1,0,1
25639,εἴσιδον,2,0,2
25640,φάσκε,1,0,1
25641,μινυνθαδίω,1,0,1
25642,ἐγενέσθην,1,0,1
25643,Ὦτόν,1,0,1
25644,τηλεκλειτόν,1,0,1
25645,Ἐφιάλτην,1,0,1
25646,μηκίστους,1,0,1
25647,ἐννέωροι,1,0,1
25648,ἐννεαπήχεες,1,0,1
25649,εὖρος,1,0,1
25650,μῆκός,1,0,1
25651,ἐννεόργυιοι,1,0,1
25652,ἀπειλήτην,1,0,1
25653,φυλόπιδα,1,0,1
25654,στήσειν,1,0,1
25655,πολυάικος,1,0,1
25656,Ὄσσαν,1,0,1
25657,θέμεν,4,0,4
25658,Ὄσσῃ,1,0,1
25659,ἐξετέλεσσαν,1,0,1
25660,ὄλεσεν,1,0,1
25661,ἠύκομος,1,0,1
25662,κροτάφοισιν,1,0,1
25663,ἰούλους,1,0,1
25664,ἀνθῆσαι,1,0,1
25665,πυκάσαι,1,0,1
25666,γένυς,1,0,1
25667,ἐυανθέι,1,0,1
25668,λάχνῃ,1,0,1
25669,Φαίδρην,1,0,1
25670,Πρόκριν,1,0,1
25671,Ἀριάδνην,1,0,1
25672,Μίνωος,2,0,2
25673,Θησεύς,1,0,1
25674,Κρήτης,4,0,4
25675,ἀπόνητο,3,0,3
25676,Δίῃ,1,0,1
25677,Διονύσου,1,0,1
25678,μαρτυρίῃσιν,1,0,1
25679,Μαῖράν,1,0,1
25680,Κλυμένην,1,0,1
25681,Ἐριφύλην,1,0,1
25682,τιμήεντα,1,0,1
25683,ὅσσας,2,0,2
25684,φθῖτ,1,0,1
25685,κηληθμῷ,2,0,2
25686,ἀποπέμπετε,1,0,1
25687,χρηίζοντι,1,0,1
25688,κολούετε,1,0,1
25689,σκοποῦ,2,0,2
25690,μυθεῖται,3,0,3
25691,τλήτω,1,0,1
25692,ἐπιμεῖναι,1,0,1
25693,τελέσω,1,0,1
25694,ἀνώγοιτ,1,0,1
25695,ὀτρύνοιτε,1,0,1
25696,διδοῖτε,1,0,1
25697,πλειοτέρῃ,1,0,1
25698,αἰδοιότερος,1,0,1
25699,ἠπεροπῆά,1,0,1
25700,ἐπίκλοπον,1,0,1
25701,πολυσπερέας,1,0,1
25702,ψεύδεά,1,0,1
25703,ἀρτύνοντας,1,0,1
25704,μορφή,1,0,1
25705,ἀντιθέων,1,0,1
25706,μακρή,1,0,1
25707,ἀνασχοίμην,1,0,1
25708,ἀκουέμεναί,1,0,1
25709,φθονέοιμι,2,0,2
25710,οἰκτρότερ,1,0,1
25711,ὑπεξέφυγον,1,0,1
25712,ἀυτήν,1,0,1
25713,κακῆς,2,0,2
25714,ἀπεσκέδασ,1,0,1
25715,θηλυτεράων,2,0,2
25716,εἴβων,2,0,2
25717,πιτνάς,1,0,1
25718,ὀρέξασθαι,1,0,1
25719,κῖκυς,1,0,1
25720,ἀυτμήν,2,0,2
25721,περιταμνόμενον,1,0,1
25722,μαχεούμενον,1,0,1
25723,τεύξας,1,0,1
25724,οὐλομένῃ,1,0,1
25725,οἰκτίστῳ,3,0,3
25726,ἐράνῳ,1,0,1
25727,εἰλαπίνῃ,1,0,1
25728,τεθαλυίῃ,1,0,1
25729,ἀντεβόλησας,2,0,2
25730,κτεινομένων,2,0,2
25731,ὀλοφύραο,1,0,1
25732,πληθούσας,1,0,1
25733,οἰκτροτάτην,1,0,1
25734,ἤκουσα,3,0,3
25735,Κασσάνδρης,1,0,1
25736,ἀείρων,1,0,1
25737,ἀποθνήσκων,1,0,1
25738,κυνῶπις,1,0,1
25739,νοσφίσατ,1,0,1
25740,ἐρεῖσαι,1,0,1
25741,αἰνότερον,1,0,1
25742,βάληται,1,0,1
25743,κουριδίῳ,1,0,1
25744,τεύξασα,1,0,1
25745,πόσει,3,0,3
25746,παίδεσσιν,1,0,1
25747,αἶσχος,2,0,2
25748,ἐσσομένῃσιν,1,0,1
25749,θηλυτέρῃσι,3,0,3
25750,ἐυεργός,1,0,1
25751,ἤχθηρε,3,0,3
25752,γυναικείας,1,0,1
25753,πιφαυσκέμεν,1,0,1
25754,κεκρυμμένον,1,0,1
25755,πινυτή,4,0,4
25756,νύμφην,2,0,2
25757,ἐρχόμενοι,1,0,1
25758,πόλεμόνδε,2,0,2
25759,ἀριθμῷ,1,0,1
25760,ὄλβιος,4,0,4
25761,ὄψεται,3,0,3
25762,προσπτύξεται,1,0,1
25763,κρύβδην,2,0,2
25764,κατισχέμεναι,1,0,1
25765,Σπάρτῃ,1,0,1
25766,ἕσταμεν,1,0,1
25767,μήσεαι,1,0,1
25768,ἀφραδέες,1,0,1
25769,ἀκαχίζευ,1,0,1
25770,παραύδα,2,0,2
25771,ἐπάρουρος,1,0,1
25772,θητευέμεν,2,0,2
25773,ἀκλήρῳ,1,0,1
25774,καταφθιμένοισιν,1,0,1
25775,πέπυσσαι,1,0,1
25776,ἀτιμάζουσιν,1,0,1
25777,ἐπαρωγός,1,0,1
25778,πέφνον,1,0,1
25779,τοιόσδ,3,0,3
25780,ἔλθοιμι,1,0,1
25781,πατέρος,1,0,1
25782,στύξαιμι,1,0,1
25783,βιόωνται,1,0,1
25784,ἐέργουσίν,1,0,1
25785,πέπυσμαι,1,0,1
25786,Νεοπτολέμοιο,1,0,1
25787,Σκύρου,1,0,1
25788,φραζοίμεθα,1,0,1
25789,ἔβαζε,1,0,1
25790,νικάσκομεν,1,0,1
25791,μαρναίμεθα,1,0,1
25792,δηιοτῆτι,2,0,2
25793,Τηλεφίδην,1,0,1
25794,κατενήρατο,1,0,1
25795,Κήτειοι,1,0,1
25796,γυναίων,2,0,2
25797,Μέμνονα,1,0,1
25798,κατεβαίνομεν,1,0,1
25799,τέταλτο,1,0,1
25800,δάκρυά,1,0,1
25801,ὠμόργνυντο,1,0,1
25802,τρέμον,1,0,1
25803,ὠχρήσαντα,1,0,1
25804,κάλλιμον,2,0,2
25805,ὀμορξάμενον,1,0,1
25806,ἱκέτευεν,1,0,1
25807,ἐξέμεναι,1,0,1
25808,κώπην,1,0,1
25809,χαλκοβαρές,1,0,1
25810,οὐτασμένος,1,0,1
25811,βιβᾶσα,1,0,1
25812,ἀσφοδελόν,3,0,3
25813,λειμῶνα,3,0,3
25814,γηθοσύνη,1,0,1
25815,ἀχνύμεναι,1,0,1
25816,ἀφεστήκει,1,0,1
25817,κεχολωμένη,1,0,1
25818,νίκησα,1,0,1
25819,δικαζόμενος,1,0,1
25820,δίκασαν,1,0,1
25821,νικᾶν,1,0,1
25822,τοιῷδ,1,0,1
25823,κατέσχεν,1,0,1
25824,παῖ,1,0,1
25825,λήσεσθαι,1,0,1
25826,τευχέων,1,0,1
25827,οὐλομένων,1,0,1
25828,ἀπώλεο,1,0,1
25829,ἀχνύμεθα,1,0,1
25830,φθιμένοιο,1,0,1
25831,ἀγήνορα,1,0,1
25832,θεμιστεύοντα,1,0,1
25833,νέκυσσιν,3,0,3
25834,εἰσενόησα,2,0,2
25835,εἰλεῦντα,1,0,1
25836,ἀαγές,1,0,1
25837,Γαίης,1,0,1
25838,γῦπε,1,0,1
25839,παρημένω,1,0,1
25840,ἔκειρον,2,0,2
25841,δέρτρον,1,0,1
25842,δύνοντες,1,0,1
25843,ἀπαμύνετο,1,0,1
25844,ἕλκησε,1,0,1
25845,κυδρήν,2,0,2
25846,Πυθώδ,1,0,1
25847,ἐρχομένην,2,0,2
25848,καλλιχόρου,1,0,1
25849,Τάνταλον,1,0,1
25850,εἰσεῖδον,2,0,2
25851,ἑστεῶτ,1,0,1
25852,προσέπλαζε,1,0,1
25853,γενείῳ,1,0,1
25854,διψάων,1,0,1
25855,κύψει,1,0,1
25856,τοσσάχ,1,0,1
25857,ἀπολέσκετ,1,0,1
25858,ἀναβροχέν,1,0,1
25859,φάνεσκε,3,0,3
25860,καταζήνασκε,1,0,1
25861,ὑψιπέτηλα,1,0,1
25862,ἰθύσει,1,0,1
25863,μάσασθαι,1,0,1
25864,Σίσυφον,1,0,1
25865,βαστάζοντα,1,0,1
25866,σκηριπτόμενος,1,0,1
25867,ὤθεσκε,1,0,1
25868,μέλλοι,1,0,1
25869,ὑπερβαλέειν,1,0,1
25870,κραταιίς,1,0,1
25871,πέδονδε,1,0,1
25872,ὤσασκε,1,0,1
25873,τέρπεται,2,0,2
25874,θαλίῃς,1,0,1
25875,καλλίσφυρον,1,0,1
25876,Ἥβην,1,0,1
25877,χρυσοπεδίλου,1,0,1
25878,ἀτυζομένων,1,0,1
25879,ὀιστόν,1,0,1
25880,βαλέοντι,1,0,1
25881,ἀορτήρ,4,0,4
25882,ἄρκτοι,1,0,1
25883,ἀγρότεροί,1,0,1
25884,χαροποί,1,0,1
25885,ὑσμῖναί,1,0,1
25886,φόνοι,1,0,1
25887,τεχνησάμενος,1,0,1
25888,τεχνήσαιτο,1,0,1
25889,ἡγηλάζεις,1,0,1
25890,ὀχέεσκον,1,0,1
25891,δεδμήμην,1,0,1
25892,χαλεπούς,1,0,1
25893,ἔπεμψε,1,0,1
25894,ἄξοντ,1,0,1
25895,τοῦδέ,1,0,1
25896,κρατερώτερον,1,0,1
25897,ἀνένεικα,1,0,1
25898,προτέρους,1,0,1
25899,ἔθελόν,1,0,1
25900,ἔθνε,1,0,1
25901,ἀγείρετο,1,0,1
25902,Γοργείην,1,0,1
25903,πέμψειεν,1,0,1
25904,εἰρεσίῃ,1,0,1
25905,κάλλιμος,1,0,1
25906,νῆσόν,1,0,1
25907,ἀντολαί,1,0,1
25908,Ἐλπήνορα,1,0,1
25909,πρόεχ,1,0,1
25910,θάπτομεν,1,0,1
25911,πήξαμεν,1,0,1
25912,Κίρκην,1,0,1
25913,ἐλήθομεν,1,0,1
25914,ἐντυναμένη,1,0,1
25915,σχέτλιοι,1,0,1
25916,ὑπήλθετε,1,0,1
25917,δισθανέες,1,0,1
25918,ἅπαξ,2,0,2
25919,θνῄσκουσ,1,0,1
25920,πλεύσεσθ,1,0,1
25921,σημανέω,1,0,1
25922,κακορραφίῃ,1,0,1
25923,ἀλγήσετε,1,0,1
25924,παθόντες,2,0,2
25925,εἷσέ,1,0,1
25926,προσέλεκτο,1,0,1
25927,πεπείρανται,1,0,1
25928,μνήσει,1,0,1
25929,Σειρῆνας,1,0,1
25930,ἀφίξεαι,2,0,2
25931,θέλγουσιν,2,0,2
25932,εἰσαφίκηται,3,0,3
25933,ἀιδρείῃ,1,0,1
25934,πελάσῃ,1,0,1
25935,Σειρήνων,4,0,4
25936,γάνυνται,1,0,1
25937,Σειρῆνες,1,0,1
25938,ὀστεόφιν,2,0,2
25939,θίς,1,0,1
25940,πυθομένων,1,0,1
25941,παρεξελάαν,1,0,1
25942,κηρόν,2,0,2
25943,δεψήσας,1,0,1
25944,δησάντων,1,0,1
25945,ὀρθόν,3,0,3
25946,ἱστοπέδῃ,3,0,3
25947,ἀνήφθω,2,0,2
25948,τερπόμενος,1,0,1
25949,Σειρήνοιιν,2,0,2
25950,λίσσηαι,1,0,1
25951,κελεύῃς,1,0,1
25952,δεσμοῖσι,3,0,3
25953,διδέντων,1,0,1
25954,ἐλάσωσιν,1,0,1
25955,ὁπποτέρη,1,0,1
25956,ῥοχθεῖ,1,0,1
25957,κυανώπιδος,1,0,1
25958,Πλαγκτάς,2,0,2
25959,ποτητά,1,0,1
25960,παρέρχεται,1,0,1
25961,πέλειαι,2,0,2
25962,τρήρωνες,1,0,1
25963,ἐνίησι,1,0,1
25964,ἐναρίθμιον,1,0,1
25965,πίνακάς,1,0,1
25966,κύμαθ,2,0,2
25967,παρέπλω,1,0,1
25968,ποντοπόρος,4,0,4
25969,Ἀργώ,1,0,1
25970,μέλουσα,1,0,1
25971,πλέουσα,1,0,1
25972,παρέπεμψεν,1,0,1
25973,Ἰήσων,1,0,1
25974,σκόπελοι,1,0,1
25975,ὀξείῃ,1,0,1
25976,ἐρωεῖ,1,0,1
25977,θέρει,1,0,1
25978,ὀπώρῃ,1,0,1
25979,ἀμβαίη,1,0,1
25980,περιξεστῇ,1,0,1
25981,ἰθύνετε,1,0,1
25982,αἰζήιος,1,0,1
25983,εἰσαφίκοιτο,3,0,3
25984,Σκύλλη,4,0,4
25985,λελακυῖα,1,0,1
25986,σκύλακος,1,0,1
25987,νεογιλῆς,1,0,1
25988,ἀντιάσειεν,2,0,2
25989,ἄωροι,1,0,1
25990,δειραί,1,0,1
25991,περιμήκεες,2,0,2
25992,σμερδαλέη,1,0,1
25993,τρίστοιχοι,1,0,1
25994,πλεῖοι,1,0,1
25995,ἐξίσχει,1,0,1
25996,βερέθρου,1,0,1
25997,ἰχθυάᾳ,1,0,1
25998,σκόπελον,3,0,3
25999,περιμαιμώωσα,1,0,1
26000,δελφῖνάς,1,0,1
26001,ἀγάστονος,1,0,1
26002,παρφυγέειν,1,0,1
26003,ἐξαρπάξασα,1,0,1
26004,χθαμαλώτερον,1,0,1
26005,διοϊστεύσειας,1,0,1
26006,ἐρινεός,1,0,1
26007,τεθηλώς,1,0,1
26008,Χάρυβδις,2,0,2
26009,ἀναρροιβδεῖ,1,0,1
26010,ἀναροιβδεῖ,1,0,1
26011,τύχοις,1,0,1
26012,ῥοιβδήσειεν,1,0,1
26013,ῥύσαιτό,1,0,1
26014,Σκύλλης,3,0,3
26015,πεπλημένος,1,0,1
26016,ποθήμεναι,1,0,1
26017,ὑπεκπροφύγοιμι,2,0,2
26018,Χάρυβδιν,6,0,6
26019,σίνοιτό,1,0,1
26020,πολεμήια,1,0,1
26021,ὑπείξεαι,1,0,1
26022,θνητή,1,0,1
26023,μαχητόν,1,0,1
26024,δηθύνῃσθα,1,0,1
26025,κορυσσόμενος,1,0,1
26026,ἐφορμηθεῖσα,1,0,1
26027,κίχῃσι,1,0,1
26028,τόσσῃσιν,1,0,1
26029,σφοδρῶς,1,0,1
26030,βωστρεῖν,1,0,1
26031,Κράταιιν,1,0,1
26032,ἀποπαύσει,1,0,1
26033,Θρινακίην,2,0,2
26034,βόσκοντ,2,0,2
26035,ἀγέλαι,2,0,2
26036,ἐπιποιμένες,1,0,1
26037,ἐυπλόκαμοι,1,0,1
26038,Φαέθουσά,1,0,1
26039,Λαμπετίη,2,0,2
26040,Ὑπερίονι,3,0,3
26041,Νέαιρα,1,0,1
26042,τεκοῦσά,1,0,1
26043,ἀπῴκισε,1,0,1
26044,ἀπέστιχε,1,0,1
26045,μετηύδων,2,0,2
26046,θάνωμεν,1,0,1
26047,ἀλευάμενοι,1,0,1
26048,θεσπεσιάων,1,0,1
26049,ἀλεύασθαι,3,0,3
26050,λειμῶν,1,0,1
26051,δήσατ,1,0,1
26052,μίμνω,1,0,1
26053,λίσσωμαι,1,0,1
26054,λέγων,6,0,6
26055,ἐυεργής,1,0,1
26056,μηρύσαντο,1,0,1
26057,λεύκαινον,1,0,1
26058,κηροῖο,1,0,1
26059,τυτθά,2,0,2
26060,πίεζον,2,0,2
26061,κηρός,1,0,1
26062,Ὑπεριονίδαο,1,0,1
26063,ἄλειψα,1,0,1
26064,ἀνῆπτον,1,0,1
26065,διώκοντες,1,0,1
26066,ὠκύαλος,2,0,2
26067,ὀρνυμένη,1,0,1
26068,λιγυρήν,1,0,1
26069,κατάστησον,1,0,1
26070,νωιτέρην,1,0,1
26071,παρήλασε,1,0,1
26072,μελίγηρυν,1,0,1
26073,στομάτων,1,0,1
26074,τερψάμενος,1,0,1
26075,νεῖται,2,0,2
26076,μόγησαν,2,0,2
26077,ἱεῖσαι,1,0,1
26078,ἀκουέμεναι,1,0,1
26079,πλείοσί,1,0,1
26080,δέον,2,0,2
26081,ὠσίν,1,0,1
26082,ἄλειψ,1,0,1
26083,ἀνέλυσαν,1,0,1
26084,ἐλείπομεν,3,0,3
26085,βόμβησαν,1,0,1
26086,προήκεα,1,0,1
26087,ἔπειγον,1,0,1
26088,ἕπει,1,0,1
26089,ἐκφύγομεν,1,0,1
26090,κώπῃσιν,1,0,1
26091,ῥηγμῖνα,1,0,1
26092,τύπτετε,1,0,1
26093,κληίδεσσιν,1,0,1
26094,ἐφήμενοι,1,0,1
26095,κυβερνῆθ,1,0,1
26096,βάλλευ,1,0,1
26097,οἰήια,1,0,1
26098,νωμᾷς,1,0,1
26099,σκοπέλου,1,0,1
26100,ἐξορμήσασα,1,0,1
26101,βάλῃσθα,1,0,1
26102,Σκύλλην,5,0,5
26103,ἀνίην,2,0,2
26104,ἀπολλήξειαν,1,0,1
26105,πυκάζοιεν,1,0,1
26106,λανθανόμην,1,0,1
26107,καταδύς,1,0,1
26108,μάκρ,1,0,1
26109,πρῴρης,1,0,1
26110,φανεῖσθαι,1,0,1
26111,πετραίην,1,0,1
26112,πῆμ,2,0,2
26113,ἀθρῆσαι,2,0,2
26114,παπταίνοντι,1,0,1
26115,στεινωπόν,1,0,1
26116,ἀνεπλέομεν,1,0,1
26117,γοόωντες,1,0,1
26118,ἀνερροίβδησε,2,0,2
26119,ἐξεμέσειε,1,0,1
26120,ἀναμορμύρεσκε,1,0,1
26121,κυκωμένη,2,0,2
26122,ἄκροισι,1,0,1
26123,σκοπέλοισιν,1,0,1
26124,ἀναβρόξειε,1,0,1
26125,ἐβεβρύχει,1,0,1
26126,ψάμμῳ,1,0,1
26127,ἴδομεν,1,0,1
26128,ἕλεθ,1,0,1
26129,φέρτατοι,1,0,1
26130,σκεψάμενος,1,0,1
26131,ἀειρομένων,1,0,1
26132,προβόλῳ,1,0,1
26133,ἁλιεύς,1,0,1
26134,ὀλίγοισι,1,0,1
26135,προΐησι,1,0,1
26136,ἀσπαίροντες,1,0,1
26137,ἀείροντο,1,0,1
26138,κεκληγῶτας,1,0,1
26139,ὀρέγοντας,1,0,1
26140,ἐμόγησα,1,0,1
26141,πόρους,1,0,1
26142,ἐξερεείνων,1,0,1
26143,εὐρυμέτωποι,2,0,2
26144,μυκηθμοῦ,1,0,1
26145,αὐλιζομενάων,2,0,2
26146,βληχήν,1,0,1
26147,Αἰαίης,2,0,2
26148,τερψιμβρότου,2,0,2
26149,μαντήια,1,0,1
26150,ἔφασκεν,2,0,2
26151,κάμνεις,1,0,1
26152,ἁδηκότας,1,0,1
26153,τετυκοίμεθα,2,0,2
26154,ἀποπλαγχθέντας,1,0,1
26155,νυκτῶν,1,0,1
26156,δηλήματα,1,0,1
26157,Νότου,2,0,2
26158,διαρραίουσι,1,0,1
26159,ὁπλισόμεσθα,1,0,1
26160,βιάζετε,1,0,1
26161,ὀμόσσατε,2,0,2
26162,πῶυ,1,0,1
26163,ἀτασθαλίῃσι,2,0,2
26164,κακῇσιν,1,0,1
26165,ἀποκτάνῃ,1,0,1
26166,ἀπώμνυον,2,0,2
26167,ὄμοσάν,3,0,3
26168,τελεύτησάν,3,0,3
26169,στήσαμεν,1,0,1
26170,ἐξαπέβησαν,1,0,1
26171,τετύκοντο,2,0,2
26172,ἔκλαιον,1,0,1
26173,ἔφαγε,1,0,1
26174,κλαιόντεσσι,1,0,1
26175,ζαῆν,1,0,1
26176,ὡρμίσαμεν,1,0,1
26177,εἰσερύσαντες,1,0,1
26178,νυμφέων,1,0,1
26179,θόωκοι,1,0,1
26180,ἀπεχώμεθα,1,0,1
26181,αἵδε,3,0,3
26182,ἄλληκτος,1,0,1
26183,ἄη,2,0,2
26184,ἀπέχοντο,1,0,1
26185,ἄγρην,1,0,1
26186,ἐφέπεσκον,1,0,1
26187,ἀλητεύοντες,1,0,1
26188,ὄρνιθάς,1,0,1
26189,ἀπέστιχον,1,0,1
26190,εὐξαίμην,1,0,1
26191,φήνειε,1,0,1
26192,ἤλυξα,1,0,1
26193,ἠρώμην,1,0,1
26194,ἐξήρχετο,1,0,1
26195,στυγεροί,1,0,1
26196,θάνατοι,1,0,1
26197,ἐλάσαντες,3,0,3
26198,τεύξομεν,1,0,1
26199,θεῖμεν,1,0,1
26200,ἀγάλματα,1,0,1
26201,χολωσάμενός,1,0,1
26202,ἕσπωνται,1,0,1
26203,ἐρήμῃ,1,0,1
26204,βοσκέσκονθ,1,0,1
26205,ἕλικες,1,0,1
26206,περίστησάν,1,0,1
26207,δρεψάμενοι,1,0,1
26208,ὑψικόμοιο,3,0,3
26209,ἐυσσέλμου,1,0,1
26210,σπένδοντες,1,0,1
26211,ἐπώπτων,1,0,1
26212,ἀμφήλυθεν,1,0,1
26213,ἡδύς,1,0,1
26214,κοιμήσατε,1,0,1
26215,ἐμητίσαντο,1,0,1
26216,τῖσαι,1,0,1
26217,Λαερτιάδεω,11,0,11
26218,ἔκτειναν,1,0,1
26219,προτραποίμην,1,0,1
26220,τίσουσι,1,0,1
26221,ἐπιεικέ,1,0,1
26222,δύσομαι,1,0,1
26223,φαείνω,1,0,1
26224,Ἠέλι,1,0,1
26225,φάεινε,1,0,1
26226,κεάσαιμι,1,0,1
26227,Ἑρμείαο,2,0,2
26228,διακτόρου,2,0,2
26229,ἐπισταδόν,4,0,4
26230,ἀποτέθνασαν,1,0,1
26231,τέραα,1,0,1
26232,προύφαινον,1,0,1
26233,εἷρπον,1,0,1
26234,ὀβελοῖσι,1,0,1
26235,μεμύκει,1,0,1
26236,ἕβδομον,2,0,2
26237,ἐνήκαμεν,1,0,1
26238,ἤχλυσε,2,0,2
26239,ἔθει,1,0,1
26240,κεκληγώς,1,0,1
26241,ἱστοῦ,1,0,1
26242,προτόνους,1,0,1
26243,ἔρρηξ,1,0,1
26244,ἱστός,1,0,1
26245,ἄντλον,1,0,1
26246,κατέχυνθ,1,0,1
26247,πλῆξε,1,0,1
26248,κυβερνήτεω,1,0,1
26249,πληγεῖσα,2,0,2
26250,κορώνῃσιν,2,0,2
26251,ἴκελοι,2,0,2
26252,ἐμφορέοντο,2,0,2
26253,ἀποαίνυτο,2,0,2
26254,τοίχους,2,0,2
26255,κλύδων,1,0,1
26256,ἐπίτονος,1,0,1
26257,βέβλητο,1,0,1
26258,ῥινοῖο,1,0,1
26259,τετευχώς,1,0,1
26260,ἀναμετρήσαιμι,1,0,1
26261,προσφύς,1,0,1
26262,νυκτερίς,1,0,1
26263,στηρίξαι,1,0,1
26264,ἀπήωροι,1,0,1
26265,μακροί,1,0,1
26266,κατεσκίαον,1,0,1
26267,ἐξεμέσειεν,1,0,1
26268,ἐελδομένῳ,1,0,1
26269,ὄψ,1,0,1
26270,κρίνων,1,0,1
26271,δικαζομένων,1,0,1
26272,Χαρύβδιος,1,0,1
26273,ἐνδούπησα,1,0,1
26274,διήρεσα,1,0,1
26275,ἐκόμει,1,0,1
26276,μυθολογεύω,1,0,1
26277,ἐχθρόν,1,0,1
26278,ἀριζήλως,1,0,1
26279,εἰρημένα,1,0,1
26280,μυθολογεύειν,1,0,1
26281,ἵκευ,1,0,1
26282,παλιμπλαγχθέντα,1,0,1
26283,πέπονθας,1,0,1
26284,ἐφιέμενος,1,0,1
26285,πίνετ,1,0,1
26286,ἀκουάζεσθε,1,0,1
26287,πολυδαίδαλος,1,0,1
26288,ἀνδρακάς,1,0,1
26289,τισόμεθ,2,0,2
26290,προικός,2,0,2
26291,χαρίσασθαι,2,0,2
26292,ἐπιήνδανε,7,0,7
26293,νῆάδ,1,0,1
26294,εὐήνορα,1,0,1
26295,κατέθηχ,1,0,1
26296,βλάπτοι,1,0,1
26297,ἐλαυνόντων,1,0,1
26298,ἀλέγυνον,1,0,1
26299,ἱέρευσ,1,0,1
26300,μῆρα,1,0,1
26301,λιλαίεται,2,0,2
26302,πανῆμαρ,1,0,1
26303,ἕλκητον,1,0,1
26304,πέμπετέ,1,0,1
26305,ἀπήμονα,1,0,1
26306,ποιήσειαν,1,0,1
26307,εὕροιμι,1,0,1
26308,ἀρτεμέεσσι,1,0,1
26309,ἐϋφραίνοιτε,1,0,1
26310,κουριδίας,1,0,1
26311,μεταδήμιον,1,0,1
26312,εὐξάμενοι,1,0,1
26313,ἔσπεισαν,1,0,1
26314,ἑδρέων,1,0,1
26315,Ἀρήτῃ,1,0,1
26316,νέομαι,1,0,1
26317,τέρπεο,3,0,3
26318,ἡγεῖσθαι,1,0,1
26319,ἐϋπλυνές,2,0,2
26320,κομίζειν,1,0,1
26321,κατέθεντο,4,0,4
26322,βρῶσιν,1,0,1
26323,ἅπασαν,1,0,1
26324,νήγρετον,1,0,1
26325,εὕδοι,1,0,1
26326,τρητοῖο,1,0,1
26327,ἀνακλινθέντες,1,0,1
26328,ἀνερρίπτουν,1,0,1
26329,ἔπιπτε,1,0,1
26330,νήγρετος,1,0,1
26331,ἥδιστος,1,0,1
26332,τετράοροι,1,0,1
26333,ἱμάσθλης,1,0,1
26334,ἀειρόμενοι,1,0,1
26335,πρήσσουσι,1,0,1
26336,πρύμνη,1,0,1
26337,ἀείρετο,1,0,1
26338,θῦε,3,0,3
26339,ὁμαρτήσειεν,1,0,1
26340,ἔταμνεν,1,0,1
26341,ἐναλίγκια,1,0,1
26342,πάθ,1,0,1
26343,ἐπεπόνθει,1,0,1
26344,φαάντατος,1,0,1
26345,ἀγγέλλων,2,0,2
26346,προσεπίλνατο,1,0,1
26347,ἀπορρῶγες,1,0,1
26348,ποτιπεπτηυῖαι,1,0,1
26349,σκεπόωσι,1,0,1
26350,δυσαήων,1,0,1
26351,ἐΰσσελμοι,1,0,1
26352,ὅρμου,1,0,1
26353,τανύφυλλος,3,0,3
26354,ἐλαίη,3,0,3
26355,νηϊάδες,3,0,3
26356,κρητῆρές,1,0,1
26357,ἀμφιφορῆες,1,0,1
26358,λάϊνοι,1,0,1
26359,τιθαιβώσσουσι,1,0,1
26360,λίθεοι,1,0,1
26361,ὑφαίνουσιν,1,0,1
26362,ὕδατ,1,0,1
26363,ἀενάοντα,1,0,1
26364,καταιβαταί,1,0,1
26365,θεώτεραι,1,0,1
26366,κείνῃ,1,0,1
26367,ἐσέρχονται,1,0,1
26368,εἰσέλασαν,1,0,1
26369,ἠπείρῳ,2,0,2
26370,ἐπέκελσεν,1,0,1
26371,σπερχομένη,1,0,1
26372,ἐϋζύγου,1,0,1
26373,ῥήγεϊ,1,0,1
26374,ψαμάθῳ,2,0,2
26375,δεδμημένον,3,0,3
26376,πυθμέν,3,0,3
26377,ὁδιτάων,1,0,1
26378,ἔγρεσθαι,1,0,1
26379,δηλήσαιτο,1,0,1
26380,ἐπηπείλησε,1,0,1
26381,τιμήεις,1,0,1
26382,τίουσιν,1,0,1
26383,ὑφαντήν,2,0,2
26384,ἀτιμάζουσι,6,0,6
26385,πρεσβύτατον,1,0,1
26386,ἀτιμίῃσιν,1,0,1
26387,ἰάλλειν,1,0,1
26388,ἔρξαιμι,1,0,1
26389,ὀπίζομαι,1,0,1
26390,ἠεροειδέϊ,2,0,2
26391,ῥαῖσαι,1,0,1
26392,σχῶνται,1,0,1
26393,ἀπολλήξωσι,1,0,1
26394,ἀμφικαλύψαι,2,0,2
26395,ἐλαυνομένην,2,0,2
26396,προΐδωνται,1,0,1
26397,θαυμάζωσιν,1,0,1
26398,διωκομένη,1,0,1
26399,ἐρρίζωσεν,1,0,1
26400,ἐπέδησ,1,0,1
26401,προὐφαίνετο,1,0,1
26402,παύσασθε,1,0,1
26403,κεκριμένους,1,0,1
26404,περίμηκες,1,0,1
26405,ἑτοιμάσσαντο,1,0,1
26406,εὕδων,1,0,1
26407,πατρωΐῃ,2,0,2
26408,ἀπεών,3,0,3
26409,τεύξειεν,2,0,2
26410,ἀστοί,1,0,1
26411,ὑπερβασίην,2,0,2
26412,ἀποτῖσαι,2,0,2
26413,ἀλλοειδέα,1,0,1
26414,φαινέσκετο,1,0,1
26415,ἀτραπιτοί,1,0,1
26416,διηνεκέες,1,0,1
26417,πάνορμοι,1,0,1
26418,ἐπίσταμαι,1,0,1
26419,καλλείψω,1,0,1
26420,ἀπήγαγον,1,0,1
26421,εὐδείελον,3,0,3
26422,ἐτέλεσσαν,1,0,1
26423,τίσαιτο,2,0,2
26424,ἱκετήσιος,1,0,1
26425,τίνυται,1,0,1
26426,ἀριθμήσω,1,0,1
26427,ἠρίθμει,1,0,1
26428,ὑφαντά,1,0,1
26429,ὀύ,1,0,1
26430,πόθει,1,0,1
26431,εἰκυῖα,1,0,1
26432,ἐπιβώτορι,1,0,1
26433,παναπάλῳ,1,0,1
26434,δίπτυχον,1,0,1
26435,εὐεργέα,3,0,3
26436,λώπην,1,0,1
26437,λιπαροῖσι,1,0,1
26438,πέδιλ,1,0,1
26439,κιχάνω,2,0,2
26440,εὐδείελος,1,0,1
26441,κεῖθ,1,0,1
26442,νώνυμός,1,0,1
26443,τρηχεῖα,1,0,1
26444,ἱππήλατός,1,0,1
26445,λυπρή,1,0,1
26446,σῖτος,2,0,2
26447,βούβοτος,1,0,1
26448,παντοίη,1,0,1
26449,ἀρδμοί,1,0,1
26450,πολυκερδέα,1,0,1
26451,νωμῶν,2,0,2
26452,πυνθανόμην,1,0,1
26453,χρήμασι,1,0,1
26454,τοίσδεσσι,1,0,1
26455,τοσαῦτα,1,0,1
26456,ἀλφηστάς,1,0,1
26457,νίκα,1,0,1
26458,στερέσαι,1,0,1
26459,Τρωϊάδος,1,0,1
26460,θεράπευον,1,0,1
26461,κατιόντα,1,0,1
26462,ἀγρόθεν,2,0,2
26463,δνοφερή,1,0,1
26464,κάτεχ,1,0,1
26465,Φοίνικας,1,0,1
26466,καταστῆσαι,1,0,1
26467,ἐφέσσαι,1,0,1
26468,κρατέουσιν,4,0,4
26469,ἀεκαζομένους,1,0,1
26470,ἐξαπατῆσαι,1,0,1
26471,πλαγχθέντες,1,0,1
26472,ἱκάνομεν,1,0,1
26473,μνῆστις,1,0,1
26474,χατέουσιν,2,0,2
26475,ἐκείμεθα,1,0,1
26476,ἐκείμην,1,0,1
26477,Σιδονίην,1,0,1
26478,ᾤχοντ,3,0,3
26479,κατέρεξε,1,0,1
26480,ἤϊκτο,3,0,3
26481,κερδαλέος,1,0,1
26482,παρέλθοι,1,0,1
26483,ποικιλομῆτα,1,0,1
26484,λήξειν,1,0,1
26485,κλοπίων,1,0,1
26486,πεδόθεν,1,0,1
26487,κέρδε,2,0,2
26488,κλέομαι,1,0,1
26489,παρίσταμαι,1,0,1
26490,ὑφήνω,1,0,1
26491,χρήματά,1,0,1
26492,ποιητοῖσι,1,0,1
26493,τετλάμεναι,1,0,1
26494,ὑποδέγμενος,2,0,2
26495,ἀντιάσαντι,2,0,2
26496,ἐΐσκεις,2,0,2
26497,ἠπίη,1,0,1
26498,πολεμίζομεν,3,0,3
26499,ἐπιβᾶσαν,1,0,1
26500,ἀλάλκοις,1,0,1
26501,θάρσυνάς,1,0,1
26502,ἤγαγες,2,0,2
26503,γουνάζομαι—οὐ,1,0,1
26504,ἥκειν,1,0,1
26505,ἀναστρέφομαι,1,0,1
26506,κερτομέουσαν,1,0,1
26507,ἀγορευέμεναι,1,0,1
26508,ἠπεροπεύσῃς—,1,0,1
26509,προλιπεῖν,1,0,1
26510,ἐπητής,1,0,1
26511,ἀγχίνοος,1,0,1
26512,ἀλαλήμενος,4,0,4
26513,πειρήσεαι,1,0,1
26514,ὀϊζυραί,2,0,2
26515,ἀπίστεον,1,0,1
26516,νοστήσεις,1,0,1
26517,ἐθέλησα,1,0,1
26518,πατροκασιγνήτῳ,1,0,1
26519,ἔρδεσκες,1,0,1
26520,νύμφῃσι,2,0,2
26521,Νήριτόν,1,0,1
26522,καταειμένον,2,0,2
26523,νύμφῃς,1,0,1
26524,διδώσομεν,1,0,1
26525,ἀέξῃ,2,0,2
26526,θείμεν,1,0,1
26527,μαιομένη,1,0,1
26528,εὐποίητα,1,0,1
26529,καθεζομένω,1,0,1
26530,φραζέσθην,1,0,1
26531,κοιρανέουσι,2,0,2
26532,ὕφηνον,1,0,1
26533,ἀποτίσομαι,1,0,1
26534,ἐνεῖσα,1,0,1
26535,λύομεν,1,0,1
26536,παρασταίης,1,0,1
26537,τριηκοσίοισιν,1,0,1
26538,ἐπαρήγοις,1,0,1
26539,παρέσσομαι,1,0,1
26540,λήσεις,1,0,1
26541,πενώμεθα,1,0,1
26542,ἐγκεφάλῳ,1,0,1
26543,παλαξέμεν,1,0,1
26544,τεύξω,1,0,1
26545,κάρψω,1,0,1
26546,ὀλέσω,1,0,1
26547,λαῖφος,1,0,1
26548,ἕσσω,4,0,4
26549,στυγέῃσιν,1,0,1
26550,ἄνθρωπον,1,0,1
26551,κνυζώσω,1,0,1
26552,φανήῃς,1,0,1
26553,συβώτην,12,0,12
26554,ὑῶν,5,0,5
26555,ἐπίουρος,2,0,2
26556,ἐχέφρονα,1,0,1
26557,σύεσσι,2,0,2
26558,παρήμενον,2,0,2
26559,Κόρακος,1,0,1
26560,κρήνῃ,2,0,2
26561,Ἀρεθούσῃ,1,0,1
26562,ἔσθουσαι,1,0,1
26563,βάλανον,1,0,1
26564,πίνουσαι,1,0,1
26565,ὕεσσι,2,0,2
26566,ἀλοιφήν,1,0,1
26567,καλέουσα,1,0,1
26568,πάσχῃ,2,0,2
26569,ἐνθύμιος,1,0,1
26570,πόμπευον,1,0,1
26571,λοχόωσι,1,0,1
26572,ἐπεμάσσατ,2,0,2
26573,κάρψεν,1,0,1
26574,ὄλεσε,1,0,1
26575,μελέεσσι,1,0,1
26576,κνύζωσεν,1,0,1
26577,ῥωγαλέα,2,0,2
26578,μεμορυγμένα,1,0,1
26579,ἕσσ,1,0,1
26580,ψιλόν,1,0,1
26581,πήρην,5,0,5
26582,ῥωγαλέην,3,0,3
26583,στρόφος,3,0,3
26584,προσέβη,1,0,1
26585,ὑλήεντα,1,0,1
26586,ὑφορβόν,6,0,6
26587,οἰκήων,2,0,2
26588,κτήσατο,2,0,2
26589,συβώτης,32,0,32
26590,δείμαθ,1,0,1
26591,ὕεσσιν,3,0,3
26592,δεσποίνης,4,0,4
26593,ἐθρίγκωσεν,1,0,1
26594,ἀχέρδῳ,1,0,1
26595,σταυρούς,1,0,1
26596,θαμέας,1,0,1
26597,ἀμφικεάσσας,1,0,1
26598,συφεούς,2,0,2
26599,συσίν,1,0,1
26600,ἐρχατόωντο,1,0,1
26601,τοκάδες,1,0,1
26602,μινύθεσκον,1,0,1
26603,ἀντίθεοι,1,0,1
26604,σιάλων,1,0,1
26605,τριηκόσιοί,1,0,1
26606,ἀράρισκε,1,0,1
26607,βόειον,1,0,1
26608,ἐϋχροές,1,0,1
26609,ἀγρομένοισι,2,0,2
26610,ἀποπροέηκε,2,0,2
26611,κορεσαίατο,1,0,1
26612,ὑλακόμωροι,2,0,2
26613,κερδοσύνη,1,0,1
26614,ἀεικέλιον,3,0,3
26615,σκῦτος,1,0,1
26616,σεῦεν,1,0,1
26617,πυκνῇσιν,2,0,2
26618,λιθάδεσσιν,1,0,1
26619,ὀλίγου,1,0,1
26620,διεδηλήσαντο,1,0,1
26621,κατέχευας,1,0,1
26622,ἀντιθέου,3,0,3
26623,σύας,6,0,6
26624,ἀτιτάλλω,2,0,2
26625,ἐελδόμενός,1,0,1
26626,ἀλλοθρόων,1,0,1
26627,κλισίηνδ,2,0,2
26628,ὁππόσα,1,0,1
26629,ἀνέτλης,1,0,1
26630,ὑφορβός,14,0,14
26631,ῥῶπας,2,0,2
26632,δασείας,1,0,1
26633,ἰονθάδος,1,0,1
26634,ἐνεύναιον,1,0,1
26635,δασύ,1,0,1
26636,ὑπέδεξο,1,0,1
26637,Εὔμαιε,26,0,26
26638,συβῶτα,20,0,20
26639,κακίων,1,0,1
26640,ἀτιμῆσαι,1,0,1
26641,δειδιότων,1,0,1
26642,ἐπικρατέωσιν,2,0,2
26643,ἄνακτες,3,0,3
26644,οἶκόν,1,0,1
26645,κλῆρόν,1,0,1
26646,πολυμνήστην,2,0,2
26647,οἰκῆϊ,1,0,1
26648,εὔθυμος,1,0,1
26649,ἐπιμίμνω,2,0,2
26650,ὤνησεν,1,0,1
26651,ὄλεθ—ὡς,1,0,1
26652,συνέεργε,1,0,1
26653,χοίρων,1,0,1
26654,εὗσέ,1,0,1
26655,μίστυλλέν,1,0,1
26656,ὀπτήσας,1,0,1
26657,παρέθηκ,1,0,1
26658,θέρμ,1,0,1
26659,πάλυνεν,1,0,1
26660,κισσυβίῳ,2,0,2
26661,κίρνη,2,0,2
26662,ἔσθιε,2,0,2
26663,δμώεσσι,2,0,2
26664,χοίρε,1,0,1
26665,ὄπιδα,2,0,2
26666,ἐλεητύν,1,0,1
26667,τίουσι,1,0,1
26668,βῶσιν,1,0,1
26669,πλησάμενοι,1,0,1
26670,ὄπιδος,1,0,1
26671,δικαίως,1,0,1
26672,μνᾶσθαι,1,0,1
26673,σφέτερ,1,0,1
26674,ἱρεύουσ,1,0,1
26675,ἐξαφύοντες,1,0,1
26676,ζωή,1,0,1
26677,ξυνεείκοσι,1,0,1
26678,βόσκουσι,1,0,1
26679,βώτορες,2,0,2
26680,ὄρονται,1,0,1
26681,ἀγινεῖ,1,0,1
26682,φαίνηται,1,0,1
26683,τάσδε,1,0,1
26684,ῥύομαί,1,0,1
26685,ἀποπέμπω,1,0,1
26686,πῖνέ,3,0,3
26687,φύτευεν,2,0,2
26688,σκύφον,1,0,1
26689,ἔπινεν,1,0,1
26690,ἐνίπλειον,3,0,3
26691,γνώω,2,0,2
26692,ἀγγείλαιμι,1,0,1
26693,ἀλήθην,1,0,1
26694,πείσειε,1,0,1
26695,κομιδῆς,2,0,2
26696,κεχρημένοι,1,0,1
26697,ἀλῆται,1,0,1
26698,ψεύδοντ,1,0,1
26699,ἀλητεύων,1,0,1
26700,ἀπατήλια,3,0,3
26701,βάζει,2,0,2
26702,δεξαμένη,2,0,2
26703,μεταλλᾷ,2,0,2
26704,ὀδυρομένῃ,1,0,1
26705,παρατεκτήναιο,1,0,1
26706,μέλλουσι,1,0,1
26707,εἰλυμένα,1,0,1
26708,ὁππόσ,1,0,1
26709,ἐπέλθω,1,0,1
26710,αἴνυται,1,0,1
26711,παρεόντ,1,0,1
26712,ὀνομάζειν,1,0,1
26713,ἠθεῖον,1,0,1
26714,καλέω,1,0,1
26715,ἐπειδή,2,0,2
26716,ἀναίνεαι,1,0,1
26717,φῇσθα,1,0,1
26718,ὅρκῳ,3,0,3
26719,εὐαγγέλιον,2,0,2
26720,ἕσσαι,2,0,2
26721,δεχοίμην,1,0,1
26722,πενίῃ,1,0,1
26723,ξενίη,3,0,3
26724,ἱστίη,4,0,4
26725,ἀφικάνω,4,0,4
26726,τελείεται,3,0,3
26727,λυκάβαντος,2,0,2
26728,φθίνοντος,2,0,2
26729,μηνός,2,0,2
26730,ἱσταμένοιο,3,0,3
26731,νοστήσει,3,0,3
26732,τίσεται,2,0,2
26733,μεμνώμεθα,1,0,1
26734,μίμνησκ,1,0,1
26735,κεδνοῖο,1,0,1
26736,θρέψαν,1,0,1
26737,χέρηα,2,0,2
26738,λοχῶσιν,1,0,1
26739,νώνυμον,1,0,1
26740,Ἀρκεισίου,1,0,1
26741,εἶς,6,0,6
26742,ἐδωδή,1,0,1
26743,γλυκερόν,3,0,3
26744,ἐοῦσι,1,0,1
26745,ἀκέοντ,1,0,1
26746,ἕποιεν,1,0,1
26747,διαπρήξαιμι,1,0,1
26748,Κρητάων,2,0,2
26749,εὐρειάων,2,0,2
26750,γνήσιοι,1,0,1
26751,ὠνητή,1,0,1
26752,παλλακίς,1,0,1
26753,ἰθαιγενέεσσιν,1,0,1
26754,Κάστωρ,1,0,1
26755,Ὑλακίδης,1,0,1
26756,κυδαλίμοισιν,2,0,2
26757,ἐδύσαντο,1,0,1
26758,ἔνειμαν,1,0,1
26759,πολυκλήρων,1,0,1
26760,ἀποφώλιος,1,0,1
26761,φυγοπτόλεμος,1,0,1
26762,δύη,3,0,3
26763,ῥηξηνορίην,1,0,1
26764,κρίνοιμι,1,0,1
26765,λόχονδε,1,0,1
26766,φυτεύων,2,0,2
26767,προτιόσσετο,1,0,1
26768,ἕλεσκον,1,0,1
26769,οἰκωφελίη,1,0,1
26770,πόλεμοι,1,0,1
26771,καταριγηλά,1,0,1
26772,ἐπιτέρπεται,1,0,1
26773,ἔργοις,1,0,1
26774,εἰνάκις,1,0,1
26775,ἦρξα,1,0,1
26776,τύγχανε,1,0,1
26777,ἐξαιρεύμην,1,0,1
26778,τετύγμην,1,0,1
26779,φῆμις,1,0,1
26780,ἔβημεν,1,0,1
26781,δειλῷ,1,0,1
26782,τεταρπόμενος,1,0,1
26783,κουριδίῃ,1,0,1
26784,Αἴγυπτόνδε,1,0,1
26785,ναυτίλλεσθαι,1,0,1
26786,στείλαντα,1,0,1
26787,στεῖλα,1,0,1
26788,ἐσαγείρατο,1,0,1
26789,ἱερήϊα,2,0,2
26790,παρεῖχον,1,0,1
26791,θεοῖσίν,1,0,1
26792,αὐτοῖσί,1,0,1
26793,ἐπλέομεν,1,0,1
26794,ἀκραέϊ,2,0,2
26795,πημάνθη,1,0,1
26796,ἀσκηθέες,1,0,1
26797,ἄνουσοι,1,0,1
26798,πεμπταῖοι,1,0,1
26799,Αἴγυπτον,2,0,2
26800,ἐϋρρείτην,1,0,1
26801,ὀπτῆρας,2,0,2
26802,σκοπιάς,2,0,2
26803,ὤτρυνα,2,0,2
26804,ὕβρει,2,0,2
26805,εἴξαντες,2,0,2
26806,σφῷ,3,0,3
26807,Αἰγυπτίων,2,0,2
26808,πόρθεον,2,0,2
26809,ἔκτεινον,2,0,2
26810,ἀπέκτανον,2,0,2
26811,ἄναγον,3,0,3
26812,ποίησ—ὡς,1,0,1
26813,ὑπέδεκτο—,1,0,1
26814,ὤμοιϊν,2,0,2
26815,ἔκτοσε,1,0,1
26816,κύσα,1,0,1
26817,ὁδ,1,0,1
26818,ἕσας,1,0,1
26819,ἐπήϊσσον,1,0,1
26820,μελίῃσιν,1,0,1
26821,κτεῖναι—δή,1,0,1
26822,κεχολώατο,2,0,2
26823,λίην—,1,0,1
26824,ὠπίζετο,1,0,1
26825,ἄγειρα,1,0,1
26826,δίδοσαν,3,0,3
26827,ὄγδοόν,1,0,1
26828,τρώκτης,1,0,1
26829,παρπεπιθών,1,0,1
26830,μεῖνα,1,0,1
26831,ἐέσσατο,1,0,1
26832,ψεύδεα,2,0,2
26833,βουλεύσας,1,0,1
26834,φόρτον,1,0,1
26835,ἄγοιμι,1,0,1
26836,περάσειε,1,0,1
26837,ὀϊόμενός,1,0,1
26838,μήδετ,1,0,1
26839,ἔχοντί,1,0,1
26840,ἀμαιμάκετον,1,0,1
26841,φύγοιμι,1,0,1
26842,περιπλεχθείς,1,0,1
26843,Θεσπρωτῶν,8,0,8
26844,κυλίνδον,1,0,1
26845,ἐκομίσσατο,1,0,1
26846,Φείδων,2,0,2
26847,αἴθρῳ,1,0,1
26848,ξεινίσαι,1,0,1
26849,φιλῆσαι,1,0,1
26850,ἔδειξεν,3,0,3
26851,ξυναγείρατ,2,0,2
26852,πολύκμητόν,1,0,1
26853,δεκάτην,2,0,2
26854,βόσκοι,2,0,2
26855,ἐπακούσαι,2,0,2
26856,κρυφηδόν,2,0,2
26857,κατειρύσθαι,2,0,2
26858,ἐπαρτέας,2,0,2
26859,πέμψουσι,2,0,2
26860,ἀπέπεμψε,3,0,3
26861,τύχησε,2,0,2
26862,πολύπυρον,2,0,2
26863,Ἀκάστῳ,1,0,1
26864,δύης,1,0,1
26865,ἀπέπλω,1,0,1
26866,περιμηχανόωντο,1,0,1
26867,ὅρηαι,1,0,1
26868,ἑσπέριοι,1,0,1
26869,εὐδειέλου,1,0,1
26870,ἐϋσσέλμῳ,1,0,1
26871,ὅπλῳ,1,0,1
26872,ἐϋστρεφέϊ,1,0,1
26873,ἀνέγναμψαν,1,0,1
26874,ξεστόν,1,0,1
26875,ἐφόλκαιον,1,0,1
26876,ἐπέλασσα,1,0,1
26877,διήρεσσ,1,0,1
26878,θύρηθ,1,0,1
26879,ἐκείνων,3,0,3
26880,δρίος,1,0,1
26881,πολυανθέος,1,0,1
26882,πεπτηώς,2,0,2
26883,μαίεσθαι,1,0,1
26884,ἔκρυψαν,1,0,1
26885,ἐπέλασσαν,1,0,1
26886,ἐπισταμένου,1,0,1
26887,δειλέ,2,0,2
26888,ὄρινας,2,0,2
26889,ἀλήθης,1,0,1
26890,ψεύδεσθαι,1,0,1
26891,ἀπότροπος,1,0,1
26892,ὀτρύνῃσιν,1,0,1
26893,ἀγγελίη,2,0,2
26894,ποθέν,1,0,1
26895,ἐξερέουσιν,1,0,1
26896,ἄχνυνται,1,0,1
26897,ἐξήπαφε,1,0,1
26898,ἀληθείς,2,0,2
26899,ἀμφαγάπαζον,1,0,1
26900,ἀκειόμενον,1,0,1
26901,ξυνέαξαν,1,0,1
26902,ὀπώρην,1,0,1
26903,πολυπενθές,1,0,1
26904,χαρίζεο,2,0,2
26905,αἰδέσσομαι,1,0,1
26906,φιλήσω,1,0,1
26907,ξένιον,1,0,1
26908,ὀμόσας,1,0,1
26909,ἐπήγαγον,1,0,1
26910,πείθω,1,0,1
26911,ῥήτρην,1,0,1
26912,ποιησόμεθ,1,0,1
26913,νοστήσῃ,1,0,1
26914,ἕσσας,1,0,1
26915,Δουλίχιόνδ,1,0,1
26916,δμῶας,1,0,1
26917,ἐπισσεύας,1,0,1
26918,μεγάλης,3,0,3
26919,πτωχός,5,0,5
26920,ἀλεύεται,2,0,2
26921,ἐϋκλείη,1,0,1
26922,κτείναιμι,2,0,2
26923,ἑλοίμην,3,0,3
26924,λιτοίμην,1,0,1
26925,τάχιστά,2,0,2
26926,ὑφορβοί,1,0,1
26927,ἄξεθ,1,0,1
26928,ἱερεύσω,1,0,1
26929,τηλεδαπῷ,1,0,1
26930,ὀνησόμεθ,1,0,1
26931,ἀργιοδόντων,1,0,1
26932,κέασε,1,0,1
26933,ὗν,1,0,1
26934,ἀγαθῇσιν,2,0,2
26935,ὅγ,1,0,1
26936,ἐπεύχετο,2,0,2
26937,σχίζῃ,1,0,1
26938,κείων,3,0,3
26939,ἔσφαξάν,1,0,1
26940,εὗσαν,1,0,1
26941,ὠμοθετεῖτο,1,0,1
26942,ἀρχόμενος,2,0,2
26943,παλύνας,1,0,1
26944,δαιτρεύσων,1,0,1
26945,ἕπταχα,1,0,1
26946,διεμοιρᾶτο,1,0,1
26947,ἴαν,1,0,1
26948,Ἑρμῇ,1,0,1
26949,Μαιάδος,1,0,1
26950,ἀγαθοῖσι,2,0,2
26951,γεραίρεις,1,0,1
26952,ἄργματα,1,0,1
26953,θῦσε,1,0,1
26954,ἔνειμε,1,0,1
26955,Μεσαύλιος,2,0,2
26956,ἀφεῖλε,1,0,1
26957,κοῖτον,1,0,1
26958,κεκορημένοι,1,0,1
26959,σκοτομήνιος,1,0,1
26960,ἔφυδρος,1,0,1
26961,συβώτεω,2,0,2
26962,ἐκδύς,2,0,2
26963,πόροι,5,0,5
26964,ἐποτρύνειεν,1,0,1
26965,ἑο,1,0,1
26966,εὐξάμενός,1,0,1
26967,ἠλεός,1,0,1
26968,ἀεῖσαι,1,0,1
26969,γελάσαι,1,0,1
26970,ἄρρητον,1,0,1
26971,ἀνέκραγον,1,0,1
26972,ἄρχον,1,0,1
26973,πεπτηῶτες,1,0,1
26974,κείμεθα,1,0,1
26975,πηγυλίς,1,0,1
26976,πάχνη,1,0,1
26977,σακέεσσι,1,0,1
26978,περιτρέφετο,1,0,1
26979,κρύσταλλος,1,0,1
26980,ἀφραδίῃς,2,0,2
26981,ῥιγωσέμεν,1,0,1
26982,ἀγκῶνι,1,0,1
26983,νύξας,1,0,1
26984,ὑπάκουσε,1,0,1
26985,δάμναται,1,0,1
26986,ἤπαφε,1,0,1
26987,οἰοχίτων,1,0,1
26988,βουλευέμεν,1,0,1
26989,σχέθεν,2,0,2
26990,ἐποτρύνειε,1,0,1
26991,εἵματι,1,0,1
26992,φάε,1,0,1
26993,σταθμοῖσι,3,0,3
26994,συφορβῶν,1,0,1
26995,νηκερδές,1,0,1
26996,ῥάκεα,2,0,2
26997,δνοπαλίξεις,1,0,1
26998,χιτῶνες,1,0,1
26999,πέμψει,3,0,3
27000,ὀΐων,2,0,2
27001,κατέλεκτ,1,0,1
27002,πυκνήν,2,0,2
27003,παρεκέσκετ,1,0,1
27004,ἀμοιβάς,1,0,1
27005,ὄροιτο,1,0,1
27006,νεηνίαι,1,0,1
27007,συβώτῃ,2,0,2
27008,ἥνδανεν,1,0,1
27009,κοῖτος,3,0,3
27010,ὡπλίζετο,1,0,1
27011,βιότου,1,0,1
27012,στιβαροῖς,2,0,2
27013,ἑέσσατ,1,0,1
27014,ἀλεξάνεμον,1,0,1
27015,νάκην,1,0,1
27016,ἐϋτρεφέος,1,0,1
27017,ἰωγῇ,1,0,1
27018,ὑπομνήσουσα,1,0,1
27019,ὀτρυνέουσα,4,0,4
27020,ἀλάλησαι,1,0,1
27021,φάγωσι,1,0,1
27022,τέτμῃς,1,0,1
27023,Εὐρυμάχῳ,3,0,3
27024,περιβάλλει,1,0,1
27025,ἐξώφελλεν,1,0,1
27026,κτῆμα,1,0,1
27027,ὀπυίῃ,1,0,1
27028,κουριδίοιο,2,0,2
27029,τεθνηκότος,1,0,1
27030,ἐπιτρέψειας,1,0,1
27031,φήνωσι,1,0,1
27032,λοχόωσιν,1,0,1
27033,ἀπέχειν,1,0,1
27034,πλείειν,1,0,1
27035,ῥύεταί,1,0,1
27036,ἀέσαι,1,0,1
27037,ἐρέοντα,2,0,2
27038,περίφρονι,6,0,6
27039,Πεισίστρατε,1,0,1
27040,ζεῦξον,1,0,1
27041,ἐπειγομένους,1,0,1
27042,δνοφερήν,1,0,1
27043,ἐπιδίφρια,2,0,2
27044,Ἀτρείδης,1,0,1
27045,παραυδήσας,1,0,1
27046,ἀποπέμψῃ,1,0,1
27047,μιμνήσκεται,1,0,1
27048,ξεινοδόκου,1,0,1
27049,σπερχόμενός,1,0,1
27050,δῦνεν,1,0,1
27051,ἐρύξω,1,0,1
27052,φιλέῃσιν,1,0,1
27053,ἐχθαίρῃσιν,1,0,1
27054,παρεόντα,1,0,1
27055,φιλεῖν,1,0,1
27056,τετυκεῖν,2,0,2
27057,κῦδός,1,0,1
27058,ἀγλαΐη,1,0,1
27059,δειπνήσαντας,1,0,1
27060,τραφθῆναι,1,0,1
27061,ἕπωμαι,2,0,2
27062,ὑποζεύξω,1,0,1
27063,ἀππέμψει,1,0,1
27064,τριπόδων,1,0,1
27065,εὐχάλκων,1,0,1
27066,λεβήτων,1,0,1
27067,νεῖσθαι,1,0,1
27068,ὄλωμαι,1,0,1
27069,Βοηθοΐδης,2,0,2
27070,κῆαι,1,0,1
27071,ὀπτῆσαί,1,0,1
27072,κρεῶν,1,0,1
27073,Μεγαπένθε,1,0,1
27074,φωριαμοῖσιν,1,0,1
27075,παμποίκιλοι,1,0,1
27076,κάμεν,1,0,1
27077,δῶρόν,1,0,1
27078,πολυηράτου,1,0,1
27079,ὥρην,1,0,1
27080,τῆος,5,0,5
27081,κείσθω,1,0,1
27082,ἔκιε,1,0,1
27083,δεδισκόμενος,1,0,1
27084,καταλέξομεν,1,0,1
27085,κιχών,1,0,1
27086,εἴποιμ,1,0,1
27087,ἀργήν,1,0,1
27088,χῆνα,1,0,1
27089,ἥμερον,1,0,1
27090,ἰΰζοντες,1,0,1
27091,ὑποφθαμένη,1,0,1
27092,χῆν,1,0,1
27093,ἥρπαξ,1,0,1
27094,ἀτιταλλομένην,1,0,1
27095,τόκος,1,0,1
27096,ἵπποιϊν,1,0,1
27097,μάστιν,1,0,1
27098,πεδίονδε,1,0,1
27099,ἄκοντε,1,0,1
27100,τελέσειας,1,0,1
27101,ὁμήλικές,1,0,1
27102,ὁμοφροσύνῃσιν,1,0,1
27103,ἐνήσει,1,0,1
27104,κατάσχῃ,1,0,1
27105,στρέψ,1,0,1
27106,ἀνάβαινε,1,0,1
27107,ἀπαγγεῖλαί,1,0,1
27108,ἐγκοσμεῖτε,1,0,1
27109,ἀμβαίνωμεν,1,0,1
27110,κληῗσι,2,0,2
27111,τηλεδαπός,1,0,1
27112,Μελάμποδος,1,0,1
27113,Νηλέα,1,0,1
27114,ἀγαυότατον,1,0,1
27115,Φυλάκοιο,1,0,1
27116,δασπλῆτις,1,0,1
27117,ἐριμύκους,1,0,1
27118,τόθι,1,0,1
27119,ναιέμεναι,1,0,1
27120,ἀνάσσοντ,1,0,1
27121,Μάντιον,1,0,1
27122,Ἀντιφάτης,1,0,1
27123,ἔτικτεν,1,0,1
27124,Ὀϊκλῆα,1,0,1
27125,Ὀϊκλείης,1,0,1
27126,λαοσσόον,2,0,2
27127,Ἀμφιάραον,1,0,1
27128,φιλότητ,1,0,1
27129,ὄλετ,1,0,1
27130,ἐγένοντ,1,0,1
27131,Ἀλκμαίων,1,0,1
27132,Ἀμφίλοχός,1,0,1
27133,Μάντιος,1,0,1
27134,Πολυφείδεά,1,0,1
27135,Κλεῖτόν,1,0,1
27136,ἥρπασεν,1,0,1
27137,Πολυφείδεα,1,0,1
27138,θάνεν,1,0,1
27139,Ἀμφιάραος,1,0,1
27140,Ὑπερησίηνδ,1,0,1
27141,μαντεύετο,1,0,1
27142,Θεοκλύμενος,7,0,7
27143,σπένδοντ,1,0,1
27144,εὐχόμενόν,1,0,1
27145,θύοντα,1,0,1
27146,θυέων,1,0,1
27147,εἰρομένῳ,2,0,2
27148,ἐπικεύσῃς,1,0,1
27149,ἔμφυλον,1,0,1
27150,ὑπαλευάμενος,1,0,1
27151,ἔφεσσαι,1,0,1
27152,ἱκέτευσα,2,0,2
27153,κατακτείνωσι,1,0,1
27154,διωκέμεναι,1,0,1
27155,ἐθέλοντά,1,0,1
27156,ἀπώσω,1,0,1
27157,ἔχωμεν,3,0,3
27158,τάνυσεν,2,0,2
27159,Θεοκλύμενον,1,0,1
27160,ἐϋστρέπτοισι,1,0,1
27161,βοεῦσι,1,0,1
27162,ἐπαιγίζοντα,1,0,1
27163,ἀνύσειε,1,0,1
27164,Κρουνούς,1,0,1
27165,Φεάς,1,0,1
27166,ἐπιπροέηκε,1,0,1
27167,ὁρμαίνων,1,0,1
27168,δορπείτην,1,0,1
27169,ἐδόρπεον,1,0,1
27170,φιλέοι,1,0,1
27171,μεῖναί,1,0,1
27172,ὀτρύνειε,1,0,1
27173,πτωχεύσων,1,0,1
27174,ὑπόθευ,1,0,1
27175,ἀγάγῃ,1,0,1
27176,πλάγξομαι,1,0,1
27177,πύρνον,2,0,2
27178,μιγείην,1,0,1
27179,δρώοιμι,1,0,1
27180,ἕκητι,3,0,3
27181,δρηστοσύνῃ,1,0,1
27182,νηῆσαι,1,0,1
27183,δανά,1,0,1
27184,κεάσσαι,1,0,1
27185,δαιτρεῦσαί,1,0,1
27186,ὀπτῆσαι,1,0,1
27187,παραδρώωσι,1,0,1
27188,χέρηες,1,0,1
27189,τίη,5,0,5
27190,ὕβρις,2,0,2
27191,τοιοίδ,1,0,1
27192,ὑποδρηστῆρες,1,0,1
27193,λιπαροί,1,0,1
27194,ὑποδρώωσιν,1,0,1
27195,βεβρίθασιν,1,0,1
27196,ἀνιᾶται,1,0,1
27197,παρεόντι,1,0,1
27198,ἕσσει,2,0,2
27199,ὅππη,3,0,3
27200,πλαγκτοσύνης,1,0,1
27201,γαστρός,1,0,1
27202,ἄλη,2,0,2
27203,ἰσχανάᾳς,1,0,1
27204,κατέλειπεν,4,0,4
27205,ζώουσιν,1,0,1
27206,ἀνδρών,1,0,1
27207,ἤκαχ,1,0,1
27208,ἀποφθιμένη,1,0,1
27209,ὠμῷ,1,0,1
27210,θάνοι,1,0,1
27211,ἔρδοι,1,0,1
27212,ἀχέουσά,1,0,1
27213,Κτιμένῃ,1,0,1
27214,τανυπέπλῳ,1,0,1
27215,ἐτρεφόμην,1,0,1
27216,ἧσσον,1,0,1
27217,πολυήρατον,2,0,2
27218,Σάμηνδ,1,0,1
27219,ἐκείνη,1,0,1
27220,ὑποδήματα,2,0,2
27221,δοῦσα,1,0,1
27222,ἀγρόνδε,2,0,2
27223,ἀέξουσιν,1,0,1
27224,ἔφαγόν,1,0,1
27225,ἀγρόνδ,1,0,1
27226,ἰαίνει,1,0,1
27227,τυτθός,1,0,1
27228,διεπράθετο,1,0,1
27229,μουνωθέντα,1,0,1
27230,οἴεσιν,1,0,1
27231,λάβον,1,0,1
27232,ἐπέρασσαν,1,0,1
27233,ἀθέσφατοι,2,0,2
27234,τερπομένοισιν,1,0,1
27235,καταλέχθαι,1,0,1
27236,ἀνίη,2,0,2
27237,εὑδέτω,1,0,1
27238,ἀνακτορίῃσιν,1,0,1
27239,πίνοντέ,1,0,1
27240,δαινυμένω,1,0,1
27241,κήδεσιν,2,0,2
27242,λευγαλέοισι,1,0,1
27243,μνωομένω,1,0,1
27244,πάθῃ,1,0,1
27245,ἐπαληθῇ,1,0,1
27246,νῆσός,1,0,1
27247,Συρίη,1,0,1
27248,κικλήσκεται,1,0,1
27249,Ὀρτυγίης,1,0,1
27250,τροπαί,1,0,1
27251,περιπληθής,1,0,1
27252,εὔβοτος,1,0,1
27253,εὔμηλος,1,0,1
27254,οἰνοπληθής,1,0,1
27255,πολύπυρος,1,0,1
27256,πείνη,1,0,1
27257,γηράσκωσι,1,0,1
27258,πόλιες,1,0,1
27259,ἐμβασίλευε,1,0,1
27260,Κτήσιος,1,0,1
27261,Ὀρμενίδης,1,0,1
27262,τρῶκται,1,0,1
27263,Φοίνισσ,1,0,1
27264,πολυπαίπαλοι,1,0,1
27265,ἠπερόπευον,1,0,1
27266,πλυνούσῃ,1,0,1
27267,ἠπεροπεύει,1,0,1
27268,εὐεργός,2,0,2
27269,εἰρώτα,1,0,1
27270,Σιδῶνος,1,0,1
27271,πολυχάλκου,1,0,1
27272,Ἀρύβαντος,1,0,1
27273,ῥυδόν,1,0,1
27274,ἀνήρπαξαν,1,0,1
27275,Τάφιοι,1,0,1
27276,ληΐστορες,1,0,1
27277,πέρασαν,1,0,1
27278,ἀγαγόντες,1,0,1
27279,ἐμίσγετο,1,0,1
27280,λάθρη,4,0,4
27281,ἕποιο,1,0,1
27282,ἐθέλοιτέ,1,0,1
27283,πιστωθῆναι,1,0,1
27284,ἐπώμνυον,1,0,1
27285,προσαυδάτω,1,0,1
27286,ξυμβλήμενος,3,0,3
27287,ἀγυιῇ,1,0,1
27288,ἐξείπῃ,1,0,1
27289,ὀϊσάμενος,1,0,1
27290,καταδήσῃ,1,0,1
27291,ἐπιφράσσετ,1,0,1
27292,ἐπείγετε,1,0,1
27293,πλείη,2,0,2
27294,ὑποχείριος,1,0,1
27295,ἐπίβαθρον,1,0,1
27296,ἐθέλουσά,1,0,1
27297,τροχόωντα,1,0,1
27298,ἄγοιμ,1,0,1
27299,ἄλφοι,3,0,3
27300,περάσητε,1,0,1
27301,ἐμπολόωντο,1,0,1
27302,κοίλη,1,0,1
27303,ἧκαν,1,0,1
27304,πολύϊδρις,1,0,1
27305,ἠλέκτροισιν,2,0,2
27306,ἔερτο,1,0,1
27307,ἀμφαφόωντο,1,0,1
27308,ὑπισχόμεναι,1,0,1
27309,καννεύσας,1,0,1
27310,δέπα,3,0,3
27311,θῶκον,1,0,1
27312,πρόμολον,1,0,1
27313,δήμοιό,3,0,3
27314,τρί,1,0,1
27315,ἄλεισα,1,0,1
27316,κατακρύψασ,1,0,1
27317,ἔκφερεν,1,0,1
27318,ἀεσιφροσύνῃσι,1,0,1
27319,Φοινίκων,1,0,1
27320,ἀναβησάμενοι,1,0,1
27321,ἄντλῳ,1,0,1
27322,ἐνδούπησε,1,0,1
27323,πεσοῦσ,1,0,1
27324,εἰναλίη,1,0,1
27325,κήξ,1,0,1
27326,φώκῃσι,1,0,1
27327,Εὔμαι,6,0,6
27328,παρέχει,1,0,1
27329,ζώεις,1,0,1
27330,βίον,3,0,3
27331,καδδραθέτην,1,0,1
27332,ἐΰθρονος,1,0,1
27333,προέρυσσαν,1,0,1
27334,δεῖπνόν,1,0,1
27335,κερῶντό,1,0,1
27336,βοτῆρας,1,0,1
27337,κάτειμι,1,0,1
27338,ὁδοιπόριον,1,0,1
27339,παραθείμην,2,0,2
27340,πῆ,3,0,3
27341,ἡμέτερόνδε,1,0,1
27342,ξενίων,2,0,2
27343,ἀπέσσομαι,1,0,1
27344,μνηστῆρσ,1,0,1
27345,ὑπερωΐῳ,1,0,1
27346,ὑφαίνει,1,0,1
27347,Εὐρύμαχον,3,0,3
27348,μέμονέν,2,0,2
27349,γαμέειν,1,0,1
27350,ἕξειν,1,0,1
27351,τελευτήσει,1,0,1
27352,ὑμετέρου,1,0,1
27353,βασιλεύτερον,1,0,1
27354,καρτεροί,1,0,1
27355,φιλότητά,3,0,3
27356,συναντόμενος,3,0,3
27357,μακαρίζοι,3,0,3
27358,Πείραιον,3,0,3
27359,Πείραιε,1,0,1
27360,Κλυτίδη,1,0,1
27361,πείθῃ,1,0,1
27362,τιέμεν,2,0,2
27363,Πείραιος,3,0,3
27364,μίμνοι,1,0,1
27365,κομιῶ,1,0,1
27366,ἀνώσαντες,1,0,1
27367,προβιβάντα,1,0,1
27368,ἐνίαυεν,1,0,1
27369,ἀνάκτεσιν,1,0,1
27370,κηαμένω,1,0,1
27371,ἔκπεμψάν,1,0,1
27372,περίσσαινον,1,0,1
27373,ὕλαον,1,0,1
27374,σαίνοντάς,1,0,1
27375,ποδοῖϊν,2,0,2
27376,Εὔμαιον,5,0,5
27377,γνώριμος,1,0,1
27378,ὑλάουσιν,1,0,1
27379,περισσαίνουσι,1,0,1
27380,κιρνάς,1,0,1
27381,κύσσε,3,0,3
27382,φάεα,3,0,3
27383,ἀγαπάζῃ,1,0,1
27384,μογήσῃ,1,0,1
27385,κύσεν,1,0,1
27386,περιφύς,2,0,2
27387,φυγόντα,1,0,1
27388,ᾤχεο,3,0,3
27389,ἀγρόν,4,0,4
27390,ἐπέρχεαι,1,0,1
27391,ἐπιδημεύεις,1,0,1
27392,εὔαδε,1,0,1
27393,ἐσορᾶν,1,0,1
27394,χήτει,1,0,1
27395,ἐνευναίων,1,0,1
27396,ἐπιόντι,1,0,1
27397,ὑπόειξεν,1,0,1
27398,ἕδρην,1,0,1
27399,καταθήσει,1,0,1
27400,χλωράς,1,0,1
27401,κῶας,6,0,6
27402,ὀπταλέων,1,0,1
27403,ὑπέλειπον,1,0,1
27404,παρενήνεεν,1,0,1
27405,δινηθῆναι,1,0,1
27406,πλαζόμενος,1,0,1
27407,ἐπέκλωσεν,1,0,1
27408,ἀποδράς,2,0,2
27409,θυμαλγές,2,0,2
27410,κομίζῃ,2,0,2
27411,αἰδομένη,2,0,2
27412,μνᾶται,2,0,2
27413,κόμισσον,1,0,1
27414,κατατρύχῃ,1,0,1
27415,ἐῷμι,1,0,1
27416,κερτομέωσιν,1,0,1
27417,καταδάπτετ,1,0,1
27418,φατε,1,0,1
27419,τοιούτου,1,0,1
27420,κασιγνήτοις,2,0,2
27421,ὄρηται,3,0,3
27422,δαμασαίατο,1,0,1
27423,κατακτάμενος,1,0,1
27424,ὁράασθαι,3,0,3
27425,στυφελιζομένους,2,0,2
27426,ῥυστάζοντας,2,0,2
27427,διαφυσσόμενον,1,0,1
27428,ἀνηνύστῳ,1,0,1
27429,χαλεπαίνει,1,0,1
27430,ἐπιμέμφομαι,1,0,1
27431,μούνωσε,1,0,1
27432,Ἀρκείσιος,1,0,1
27433,τεκών,1,0,1
27434,ἐχέφρονι,3,0,3
27435,ἀπαγγείλας,1,0,1
27436,πευθέσθω,1,0,1
27437,ἐποπτεύεσκε,1,0,1
27438,ἦσθ,1,0,1
27439,φθινύθει,1,0,1
27440,ὀστεόφι,1,0,1
27441,αὐτάγρετα,1,0,1
27442,πλάζεσθαι,1,0,1
27443,ἐκεῖνον,3,0,3
27444,λῆθεν,1,0,1
27445,Εὔμαιος,5,0,5
27446,ἀντίθυρον,1,0,1
27447,φανεῖσα,1,0,1
27448,ὑλάοντο,1,0,1
27449,κνυζηθμῷ,1,0,1
27450,τειχίον,2,0,2
27451,φάο,2,0,2
27452,ἐπίκευθε,2,0,2
27453,ἀραρόντε,1,0,1
27454,ἔρχησθον,1,0,1
27455,μελαγχροιής,1,0,1
27456,γναθμοί,1,0,1
27457,γενειάδες,1,0,1
27458,ἔρξασα,1,0,1
27459,θάμβησε,1,0,1
27460,ἀλλοῖός,1,0,1
27461,φάνης,1,0,1
27462,ἵληθ,1,0,1
27463,φείδεο,2,0,2
27464,ἐξαῦτίς,3,0,3
27465,μηχανόῳτο,1,0,1
27466,θαυμάζειν,1,0,1
27467,ἀγάασθαι,1,0,1
27468,ἔτεϊ,6,0,6
27469,πτωχῷ,6,0,6
27470,ἔχοντι,1,0,1
27471,ῥηΐδιον,1,0,1
27472,κυδῆναι,1,0,1
27473,κακῶσαι,1,0,1
27474,ἀδινώτερον,1,0,1
27475,ἀγρόται,1,0,1
27476,ἐξείλοντο,1,0,1
27477,πετεηνά,1,0,1
27478,εἶβον,1,0,1
27479,ποίῃ,2,0,2
27480,Φαίηκές,1,0,1
27481,φόνου,5,0,5
27482,βουλεύσωμεν,1,0,1
27483,ἀριθμήσας,1,0,1
27484,δυνησόμεθ,1,0,1
27485,μούνω,1,0,1
27486,διζησόμεθ,1,0,1
27487,ἐπίφρονα,2,0,2
27488,δεκάς,1,0,1
27489,κεκριμένοι,2,0,2
27490,δρηστῆρες,3,0,3
27491,Σάμης,1,0,1
27492,πίσυρές,1,0,1
27493,Ζακύνθου,1,0,1
27494,δαήμονε,1,0,1
27495,δαιτροσυνάων,1,0,1
27496,ἀντήσομεν,1,0,1
27497,πολύπικρα,1,0,1
27498,ἀμύντορα,2,0,2
27499,μερμηρίξαι,1,0,1
27500,ἀμύνοι,1,0,1
27501,μερμηρίξω,1,0,1
27502,ἐσθλώ,1,0,1
27503,ἐπαμύντορε,1,0,1
27504,καθημένω,1,0,1
27505,κρατέουσι,1,0,1
27506,ἔσεσθον,2,0,2
27507,κρίνηται,1,0,1
27508,τετλάτω,1,0,1
27509,πάσχοντος,1,0,1
27510,ἕλκωσι,1,0,1
27511,βέλεσι,1,0,1
27512,βάλλωσι,1,0,1
27513,ἀνέχεσθαι,3,0,3
27514,ἀφροσυνάων,2,0,2
27515,παραυδῶν,1,0,1
27516,θῇσιν,1,0,1
27517,νεύσω,1,0,1
27518,καταθεῖναι,1,0,1
27519,παρφάσθαι,2,0,2
27520,μεταλλῶσιν,2,0,2
27521,κατέθηκ,2,0,2
27522,κατῄκισται,2,0,2
27523,οἰνωθέντες,2,0,2
27524,στήσαντες,2,0,2
27525,τρώσητε,2,0,2
27526,καταισχύνητέ,2,0,2
27527,μνηστύν,2,0,2
27528,ἐφέλκεται,2,0,2
27529,καλλιπέειν,1,0,1
27530,ἐπιθύσαντες,1,0,1
27531,θέλξει,1,0,1
27532,ἀκουσάτω,1,0,1
27533,γνώομεν,1,0,1
27534,τεο,1,0,1
27535,πειρηθεῖμεν,1,0,1
27536,ἀλέγει,1,0,1
27537,ἀτιμᾷ,1,0,1
27538,χαλιφροσύναι,1,0,1
27539,εἴσῃ,1,0,1
27540,μετερχόμενος,1,0,1
27541,δεδάασθαι,1,0,1
27542,νηλείτιδές,3,0,3
27543,πειράζειν,2,0,2
27544,ὕστερα,1,0,1
27545,κατήγετο,1,0,1
27546,Πυλόθεν,1,0,1
27547,ἀπένεικαν,2,0,2
27548,δείσασ,1,0,1
27549,εἴβοι,1,0,1
27550,συναντήτην,1,0,1
27551,ἐρέοντε,1,0,1
27552,μέσῃσι,1,0,1
27553,εἰλήλουθε,2,0,2
27554,ἐφημοσύνην,1,0,1
27555,ἕρκεά,2,0,2
27556,μέγαρόν,2,0,2
27557,ἀκάχοντο,1,0,1
27558,κατήφησάν,1,0,1
27559,ἁλιῆας,1,0,1
27560,κείνοις,1,0,1
27561,ἀγγείλωσι,1,0,1
27562,εἴρηθ,1,0,1
27563,Ἀμφίνομος,8,0,8
27564,στέλλοντας,1,0,1
27565,ἐκγελάσας,2,0,2
27566,παρερχομένην,1,0,1
27567,κιχῆναι,1,0,1
27568,μεταΐζειν,1,0,1
27569,ἄσαμεν,1,0,1
27570,πλείοντες,1,0,1
27571,ἐμίμνομεν,1,0,1
27572,φθίσωμεν,1,0,1
27573,ἀπήγαγεν,1,0,1
27574,ἧμας,1,0,1
27575,ἀνύσσεσθαι,1,0,1
27576,ἐπιστήμων,1,0,1
27577,ὁμηγυρίσασθαι,1,0,1
27578,ἀγορήν—οὐ,1,0,1
27579,μεθησέμεναί,1,0,1
27580,ἀπομηνίσει,1,0,1
27581,ἐράπτομεν,1,0,1
27582,ἐκίχημεν,1,0,1
27583,αἰνήσουσιν,1,0,1
27584,ῥέξωσι,1,0,1
27585,ἐξελάσωσι,1,0,1
27586,ἀφικώμεθα,1,0,1
27587,φθέωμεν,1,0,1
27588,ὅστις,1,0,1
27589,ἀφανδάνει,1,0,1
27590,βόλεσθε,1,0,1
27591,πατρώϊα,4,0,4
27592,θυμηδέ,1,0,1
27593,ἔδωμεν,1,0,1
27594,μνάσθω,2,0,2
27595,ἐέδνοισιν,2,0,2
27596,γήμαιθ,2,0,2
27597,μόρσιμος,2,0,2
27598,Νίσου,2,0,2
27599,Ἀρητιάδαο,2,0,2
27600,Δουλιχίου,1,0,1
27601,ποιήεντος,1,0,1
27602,κατακτείνειν,1,0,1
27603,βασιλήϊόν,1,0,1
27604,εἰρώμεθα,1,0,1
27605,αἰνήσωσι,1,0,1
27606,κτενέω,1,0,1
27607,ἀνώξω,1,0,1
27608,ἀποτρωπῶσι,1,0,1
27609,θρόνοισιν,1,0,1
27610,μνηστήρεσσι,12,0,12
27611,φανῆναι,3,0,3
27612,μέγαρόνδε,3,0,3
27613,κακομήχανε,1,0,1
27614,μάργε,1,0,1
27615,ῥάπτεις,1,0,1
27616,ἱκέτας,1,0,1
27617,ἐμπάζεαι,1,0,1
27618,μάρτυρος,1,0,1
27619,ὁσίη,2,0,2
27620,ῥάπτειν,1,0,1
27621,ληϊστῆρσιν,1,0,1
27622,ἐπισπόμενος,2,0,2
27623,Ταφίοισιν,1,0,1
27624,Θεσπρωτούς,1,0,1
27625,ἄρθμιοι,1,0,1
27626,ἀπορραῖσαι,1,0,1
27627,φαγέειν,1,0,1
27628,ἄτιμον,1,0,1
27629,ἔδεις,1,0,1
27630,μνάᾳ,1,0,1
27631,ἀποκτείνεις,1,0,1
27632,ἀκαχίζεις,1,0,1
27633,περίφρον,4,0,4
27634,ζώοντός,1,0,1
27635,ἐφεσσάμενος,1,0,1
27636,ὀπτόν,1,0,1
27637,τρομέεσθαι,1,0,1
27638,θεόθεν,1,0,1
27639,ἤρτυεν,1,0,1
27640,εἰσαναβᾶσ,1,0,1
27641,ὑπερώϊα,6,0,6
27642,ὡπλίζοντο,1,0,1
27643,ἐνιαύσιον,1,0,1
27644,Λαερτιάδην,3,0,3
27645,ἀπαγγέλλων,1,0,1
27646,ἔμελέν,1,0,1
27647,καταβλώσκοντα,1,0,1
27648,ὡμήρησε,1,0,1
27649,Ἕρμαιος,1,0,1
27650,κατιοῦσαν,1,0,1
27651,λιμέν,1,0,1
27652,βεβρίθει,1,0,1
27653,ὠΐσθην,1,0,1
27654,ἄττ,1,0,1
27655,κλαυθμοῦ,2,0,2
27656,ἐκεῖθι,1,0,1
27657,πτωχεύῃ,1,0,1
27658,ἔχοντά,2,0,2
27659,μηνίει,1,0,1
27660,ἐρύκεσθαι,1,0,1
27661,μενεαίνω,1,0,1
27662,πτωχεύειν,1,0,1
27663,ὥστ,2,0,2
27664,ἐπιτειλαμένῳ,1,0,1
27665,σημάντορι,1,0,1
27666,θερέω,1,0,1
27667,ὑπηοίη,1,0,1
27668,κώεα,4,0,4
27669,καστορνῦσα,1,0,1
27670,κύνεον,3,0,3
27671,ἀγαπαζόμεναι,1,0,1
27672,φυγόντι,1,0,1
27673,προὔπεμψα,1,0,1
27674,ἄπτερος,4,0,4
27675,ἔσθλ,1,0,1
27676,ἀγορεύοντες,1,0,1
27677,ἐξερέεινον,2,0,2
27678,τράπετ,1,0,1
27679,Πείραι,1,0,1
27680,κτείναντες,1,0,1
27681,δάσωνται,1,0,1
27682,φυτεύσω,1,0,1
27683,χαίροντι,1,0,1
27684,ἀσαμίνθων,1,0,1
27685,στρωφῶσα,1,0,1
27686,λέξομαι,3,0,3
27687,στονόεσσα,2,0,2
27688,δάκρυσ,2,0,2
27689,πεφυρμένη,3,0,3
27690,ᾤχεθ,2,0,2
27691,χρόνιον,1,0,1
27692,ἐκόμιζε,1,0,1
27693,δουρικλειτόν,1,0,1
27694,προὔπεμψε,1,0,1
27695,ὅττευ,1,0,1
27696,χρηΐζων,1,0,1
27697,ἕρπων,1,0,1
27698,πευθόμενος,1,0,1
27699,ἐϋσσέλμου,2,0,2
27700,ἐφρασάμην,1,0,1
27701,ἐγεγώνευν,1,0,1
27702,δείπνηστος,1,0,1
27703,παρεγίγνετο,1,0,1
27704,ἐτέρφθητε,1,0,1
27705,ἐντυνώμεθα,1,0,1
27706,χέρειον,2,0,2
27707,ἱέρευον,2,0,2
27708,ἵρευον,2,0,2
27709,ἀγροῖο,1,0,1
27710,ὠτρύνοντ,1,0,1
27711,ἐμός—ἦ,1,0,1
27712,σταθμῶν,2,0,2
27713,ῥυτῆρα,3,0,3
27714,νεικείῃ,1,0,1
27715,χαλεπαί,1,0,1
27716,ὁμοκλαί—,1,0,1
27717,μέμβλωκε,1,0,1
27718,ἕσπερα,1,0,1
27719,ποθί,1,0,1
27720,τετμημένον,1,0,1
27721,σκηρίπτεσθ,1,0,1
27722,φατ,1,0,1
27723,ἀρισφαλέ,1,0,1
27724,θυμαρές,1,0,1
27725,τυκτήν,1,0,1
27726,καλλίροον,1,0,1
27727,ποίησ,2,0,2
27728,Ἴθακος,1,0,1
27729,Νήριτος,1,0,1
27730,ὑδατοτρεφέων,1,0,1
27731,ἐπιρρέζεσκον,1,0,1
27732,ὁδῖται,1,0,1
27733,ἐκίχαν,1,0,1
27734,Δολίοιο,3,0,3
27735,Μελανθεύς,4,0,4
27736,αἰπολίοισι,2,0,2
27737,ἡγηλάζει,1,0,1
27738,ὁμοῖν,1,0,1
27739,μολοβρόν,1,0,1
27740,ἀμέγαρτε,2,0,2
27741,πτωχόν,3,0,3
27742,ἀνιηρόν,1,0,1
27743,δαιτῶν,2,0,2
27744,ἀπολυμαντῆρα,1,0,1
27745,πολλῇς,1,0,1
27746,φλιῇσι,1,0,1
27747,θλίψεται,1,0,1
27748,αἰτίζων,6,0,6
27749,ἀκόλους,1,0,1
27750,ἄορας,1,0,1
27751,σηκοκόρον,1,0,1
27752,θαλλόν,1,0,1
27753,ὀρόν,1,0,1
27754,ἐπιγουνίδα,2,0,2
27755,θεῖτο,1,0,1
27756,ἔμμαθεν,1,0,1
27757,πτώσσων,1,0,1
27758,βόσκειν,2,0,2
27759,ἄναλτον,3,0,3
27760,σφέλα,1,0,1
27761,πλευραί,1,0,1
27762,ἀποτρίψουσι,1,0,1
27763,βαλλομένοιο,1,0,1
27764,ἔνθορεν,1,0,1
27765,ἀταρπιτοῦ,1,0,1
27766,ἐστυφέλιξεν,1,0,1
27767,ῥοπάλῳ,1,0,1
27768,ἀμφουδίς,1,0,1
27769,ἐπετόλμησε,1,0,1
27770,νείκεσ,1,0,1
27771,κρηναῖαι,1,0,1
27772,ἀγάγοι,2,0,2
27773,ἀγλαΐας,1,0,1
27774,διασκεδάσειεν,1,0,1
27775,ὑβρίζων,1,0,1
27776,φορέεις,1,0,1
27777,κάτ,3,0,3
27778,φθείρουσι,1,0,1
27779,Μελάνθιος,8,0,8
27780,ὀλοφώϊα,1,0,1
27781,κιόντας,1,0,1
27782,καθῖζεν,1,0,1
27783,Εὐρυμάχου,1,0,1
27784,Φήμιος,2,0,2
27785,ἐπήσκηται,1,0,1
27786,τοίχῳ,4,0,4
27787,θριγκοῖσι,1,0,1
27788,εὐερκέες,1,0,1
27789,ὑπεροπλίσσαιτο,1,0,1
27790,φόρμιγξ,1,0,1
27791,ἑταίρην,1,0,1
27792,ἐσσ,1,0,1
27793,ἔσελθε,1,0,1
27794,ὑπολείψομαι,3,0,3
27795,δηθύνειν,1,0,1
27796,πληγέων,1,0,1
27797,ἀδαήμων,1,0,1
27798,βολάων,1,0,1
27799,τολμήεις,1,0,1
27800,πέπονθα,1,0,1
27801,ἕνεκεν,2,0,2
27802,ἐΰζυγοι,1,0,1
27803,ὁπλίζονται,1,0,1
27804,κείμενος,1,0,1
27805,ἀγίνεσκον,1,0,1
27806,πρόκας,1,0,1
27807,λαγωούς,1,0,1
27808,ἀπόθεστος,1,0,1
27809,κοπρήσοντες,1,0,1
27810,ἐνίπλειος,1,0,1
27811,κυνοραιστέων,1,0,1
27812,Ὀδυσσέα,1,0,1
27813,ἔσηνε,1,0,1
27814,ἐρεείνετο,1,0,1
27815,εἴδεϊ,2,0,2
27816,γίγνοντ,2,0,2
27817,ἀγλαΐης,1,0,1
27818,κομέουσιν,1,0,1
27819,θηήσαιο,1,0,1
27820,ταχυτῆτα,1,0,1
27821,φύγεσκε,1,0,1
27822,βένθεσιν,1,0,1
27823,κνώδαλον,1,0,1
27824,δίοιτο,1,0,1
27825,ἴχνεσι,1,0,1
27826,περιῄδη,1,0,1
27827,κομέουσι,1,0,1
27828,ἀποαίνυται,1,0,1
27829,ἕλῃσιν,1,0,1
27830,Ἄργον,1,0,1
27831,ἰδόντ,1,0,1
27832,ἐφίζεσκε,1,0,1
27833,δαιόμενος,1,0,1
27834,δαινυμένοισι,1,0,1
27835,κανέου,1,0,1
27836,σκηπτόμενος,1,0,1
27837,μελίνου,1,0,1
27838,κλινάμενος,1,0,1
27839,κυπαρισσίνῳ,1,0,1
27840,ξέσσεν,2,0,2
27841,ἄρτον,1,0,1
27842,κανέοιο,3,0,3
27843,ἐχάνδανον,1,0,1
27844,ἀμφιβαλόντι,1,0,1
27845,αἰτίζειν,2,0,2
27846,κεχρημένῳ,1,0,1
27847,συφορβός,4,0,4
27848,φησ,1,0,1
27849,προΐκτῃ,1,0,1
27850,Τηλέμαχόν,1,0,1
27851,γένοιθ,1,0,1
27852,ἀεικελίης,1,0,1
27853,πήρης,1,0,1
27854,δεδειπνήκειν,1,0,1
27855,ἐπαύετο,1,0,1
27856,πύρνα,1,0,1
27857,ἀγείροι,1,0,1
27858,ἀθέμιστοι,1,0,1
27859,ἀπαλεξήσειν,1,0,1
27860,αἰτήσων,1,0,1
27861,ἐλεαίροντες,1,0,1
27862,βασιλείης,4,0,4
27863,ξείνου,2,0,2
27864,ἀρίγνωτε,1,0,1
27865,ἀλήμονές,1,0,1
27866,ἀνιηροί,1,0,1
27867,ἀπολυμαντῆρες,1,0,1
27868,ὄνοσαι,1,0,1
27869,ἐκάλεσσας,1,0,1
27870,δημιοεργοί,2,0,2
27871,ἰητῆρα,1,0,1
27872,τέκτονα,1,0,1
27873,τέρπῃσιν,1,0,1
27874,κλητοί,1,0,1
27875,καλέοι,1,0,1
27876,τρύξοντα,1,0,1
27877,δμωσίν,1,0,1
27878,ἀμείβεο,1,0,1
27879,διέσθαι,1,0,1
27880,ἀναγκαίῳ,2,0,2
27881,ἅζευ,1,0,1
27882,βούλεαι,2,0,2
27883,ὀρέξειαν,1,0,1
27884,ὑπέφηνε,1,0,1
27885,ἔπεχεν,1,0,1
27886,γεύσεσθαι,2,0,2
27887,κλείω,1,0,1
27888,ἀλήτῃ,2,0,2
27889,τοίῳ,2,0,2
27890,ὁποῖος,2,0,2
27891,ὅτευ,2,0,2
27892,ἀλάπαξε,2,0,2
27893,Κρονίων—ἤθελε,1,0,1
27894,που—,1,0,1
27895,ληϊστῆρσι,1,0,1
27896,πολυπλάγκτοισιν,1,0,1
27897,Δμήτορι,1,0,1
27898,Ἰασίδῃ,1,0,1
27899,Κύπρου,1,0,1
27900,ἵκω,1,0,1
27901,προσήγαγε,1,0,1
27902,προΐκτης,1,0,1
27903,ἐπίσχεσις,1,0,1
27904,ἐλεητύς,1,0,1
27905,ἐπιστάτῃ,1,0,1
27906,ἀλλοτρίοισι,1,0,1
27907,ἀποπροελών,1,0,1
27908,πάρεστιν,2,0,2
27909,μεγάροιό,1,0,1
27910,ἀναχωρήσειν,1,0,1
27911,πρυμνότατον,1,0,1
27912,ἐστάθη,1,0,1
27913,σφῆλεν,1,0,1
27914,κίνησε,3,0,3
27915,ἐϋπλείην,1,0,1
27916,μαχειόμενος,1,0,1
27917,βλήεται,1,0,1
27918,ὀΐεσσιν,1,0,1
27919,γαστέρος,1,0,1
27920,πτωχῶν,3,0,3
27921,ἔσθι,1,0,1
27922,ἄπιθ,1,0,1
27923,ἐρύσσωσ,1,0,1
27924,ἀποδρύψωσι,1,0,1
27925,νεμέσησαν,2,0,2
27926,ἔβαλες,2,0,2
27927,ἀλήτην,4,0,4
27928,ἐπουράνιος,1,0,1
27929,τελέθοντες,1,0,1
27930,ἐπιστρωφῶσι,1,0,1
27931,πόληας,1,0,1
27932,εὐνομίην,1,0,1
27933,ἐφορῶντες,1,0,1
27934,ἄεξε,1,0,1
27935,βλεφάροιϊν,1,0,1
27936,κλυτότοξος,1,0,1
27937,ἀρῇσιν,1,0,1
27938,ἐχθροί,1,0,1
27939,ἀλητεύει,1,0,1
27940,ἀχρημοσύνη,1,0,1
27941,ἐνέπλησάν,1,0,1
27942,θρήνυι,1,0,1
27943,ἐδείπνεε,1,0,1
27944,ἐρέωμαι,1,0,1
27945,πολυπλάγκτῳ,1,0,1
27946,σιωπήσειαν,1,0,1
27947,θέλγοιτό,1,0,1
27948,ἔρυξα,1,0,1
27949,διήνυσεν,1,0,1
27950,δεδαώς,1,0,1
27951,ἀείδῃ,1,0,1
27952,ἔθελγε,1,0,1
27953,πατρώϊος,1,0,1
27954,ἑψιαάσθων,1,0,1
27955,ἐΰφρων,1,0,1
27956,ἀκήρατα,1,0,1
27957,οἰκῆες,1,0,1
27958,ἵκοιτ,3,0,3
27959,ἔπταρεν,1,0,1
27960,ἔρχεό,1,0,1
27961,ἐπέπταρε,1,0,1
27962,ἀτελής,1,0,1
27963,ἀλύξει,2,0,2
27964,ἐνέποντα,2,0,2
27965,μεταλλῆσαί,1,0,1
27966,πεπαθυίῃ,1,0,1
27967,χρηΐζεις,1,0,1
27968,βοσκήσεις,1,0,1
27969,ἐνέποιμι,1,0,1
27970,ἀνεδέγμεθ,1,0,1
27971,χαλεπῶν,1,0,1
27972,ὑποδείδι,1,0,1
27973,ἐπήρκεσεν,1,0,1
27974,ἐπειγομένην,2,0,2
27975,εἰρέσθω,1,0,1
27976,ἀσσοτέρω,2,0,2
27977,καθίσασα,1,0,1
27978,ἀλήτης,5,0,5
27979,αἰδεῖται,1,0,1
27980,οἴοιτο,2,0,2
27981,ἀλυσκάζων,1,0,1
27982,ὀΐεται,2,0,2
27983,ἄπειμι,1,0,1
27984,φυλάξων,1,0,1
27985,πάθῃς,1,0,1
27986,ἐξολέσειε,1,0,1
27987,δειελιήσας,1,0,1
27988,δείελον,1,0,1
27989,πανδήμιος,1,0,1
27990,πτωχεύεσκ,1,0,1
27991,μάργῃ,1,0,1
27992,Ἀρναῖος,1,0,1
27993,Ἶρον,3,0,3
27994,ἕλκῃ,1,0,1
27995,ἐπιλλίζουσιν,1,0,1
27996,αἰσχύνομαι,1,0,1
27997,ῥέζω,1,0,1
27998,ἀνελόντα,1,0,1
27999,χείσεται,1,0,1
28000,φθονέειν,1,0,1
28001,ὀπάζειν,2,0,2
28002,προκαλίζεο,1,0,1
28003,χολώσῃς,1,0,1
28004,φύρσω,1,0,1
28005,ἡσυχίη,1,0,1
28006,ὑποστρέψεσθαι,1,0,1
28007,Ἶρος,5,0,5
28008,μολοβρός,1,0,1
28009,καμινοῖ,1,0,1
28010,μητισαίμην,1,0,1
28011,κόπτων,1,0,1
28012,γναθμῶν,1,0,1
28013,ἐξελάσαιμι,1,0,1
28014,ληϊβοτείρης,1,0,1
28015,ζῶσαι,1,0,1
28016,ἐπιγνώωσι,1,0,1
28017,μαρναμένους,1,0,1
28018,νεωτέρῳ,2,0,2
28019,μάχοιο,1,0,1
28020,ξεστοῦ,2,0,2
28021,πανθυμαδόν,1,0,1
28022,ὀκριόωντο,1,0,1
28023,τοῖϊν,1,0,1
28024,ξυνέηχ,1,0,1
28025,μετεφώνει,1,0,1
28026,οἵην,2,0,2
28027,τερπωλήν,1,0,1
28028,ἐρίζετον,1,0,1
28029,ἀλλήλοιϊν,3,0,3
28030,ξυνελάσσομεν,1,0,1
28031,γελόωντες,2,0,2
28032,πτωχούς,1,0,1
28033,κακοείμονας,1,0,1
28034,γαστέρες,1,0,1
28035,αἵδ,1,0,1
28036,δόρπῳ,1,0,1
28037,κατθέμεθα,1,0,1
28038,ἐμπλήσαντες,1,0,1
28039,μεταδαίσεται,1,0,1
28040,αἰτήσοντα,1,0,1
28041,δολοφρονέων,2,0,2
28042,κακοεργός,1,0,1
28043,πληγῇσι,1,0,1
28044,δαμείω,1,0,1
28045,Ἴρῳ,2,0,2
28046,πλήξῃ,1,0,1
28047,ἀτασθάλλων,1,0,1
28048,δείδιθ,1,0,1
28049,θείνῃ,1,0,1
28050,ξεινοδόκος,1,0,1
28051,αἰνεῖτον,1,0,1
28052,Ἀντίνοός,1,0,1
28053,ῥάκεσιν,2,0,2
28054,φάνεν,1,0,1
28055,ὦμοι,1,0,1
28056,στιβαροί,1,0,1
28057,βραχίονες,1,0,1
28058,ἤλδανε,2,0,2
28059,ἀγάσαντο,2,0,2
28060,Ἄϊρος,1,0,1
28061,ἐπίσπαστον,2,0,2
28062,ῥακέων,2,0,2
28063,φαίνει,1,0,1
28064,ζώσαντες,1,0,1
28065,σάρκες,1,0,1
28066,περιτρομέοντο,1,0,1
28067,τοῦτόν,1,0,1
28068,τρομέεις,1,0,1
28069,δείδιας,1,0,1
28070,Ἔχετον,3,0,3
28071,δηλήμονα,3,0,3
28072,τάμῃσι,1,0,1
28073,ἐξερύσας,1,0,1
28074,ἐλάσει,1,0,1
28075,τανύσσειέν,1,0,1
28076,ἐπιφρασσαίατ,1,0,1
28077,ἔθλασεν,1,0,1
28078,φοίνιον,1,0,1
28079,λακτίζων,2,0,2
28080,γέλῳ,1,0,1
28081,ἔκθανον,1,0,1
28082,ἀνακλίνας,1,0,1
28083,ἀπερύκων,1,0,1
28084,γελώοντες,1,0,1
28085,δεικανόωντ,2,0,2
28086,ἀλητεύειν,1,0,1
28087,ἀπέπαυσας,1,0,1
28088,ἀνάξομεν,1,0,1
28089,χαῖρεν,2,0,2
28090,κλεηδόνι,2,0,2
28091,ἐμπλείην,3,0,3
28092,ἄρτους,1,0,1
28093,δειδίσκετο,2,0,2
28094,γένοιτό,2,0,2
28095,ὄλβος,2,0,2
28096,ἔχεαι,2,0,2
28097,Ἀμφίνομ,1,0,1
28098,Νῖσον,1,0,1
28099,Δουλιχιῆα,1,0,1
28100,ἐπητῇ,1,0,1
28101,ἀκιδνότερον,1,0,1
28102,ἀνθρώποιο,1,0,1
28103,παρέχωσι,1,0,1
28104,ἀεκαζόμενος,1,0,1
28105,ἄγησι,1,0,1
28106,ἀτάσθαλ,1,0,1
28107,ἀθεμίστιος,1,0,1
28108,διδοῖεν,1,0,1
28109,μηχανόωντας,1,0,1
28110,κείροντας,1,0,1
28111,ἀτιμάζοντας,1,0,1
28112,ὑπεξαγάγοι,1,0,1
28113,ἀντιάσειας,1,0,1
28114,διακρινέεσθαι,2,0,2
28115,ὑπέλθῃ,1,0,1
28116,ἔπιεν,1,0,1
28117,κοσμήτορι,1,0,1
28118,πετάσειε,1,0,1
28119,τιμήεσσα,1,0,1
28120,πόσιός,1,0,1
28121,ἐγέλασσεν,1,0,1
28122,ἀπεχθομένοισί,1,0,1
28123,ὁμιλεῖν,1,0,1
28124,βάζουσι,1,0,1
28125,χρῶτ,2,0,2
28126,ἀπονιψαμένη,1,0,1
28127,ἐπιχρίσασα,1,0,1
28128,δακρύοισι,1,0,1
28129,πενθήμεναι,2,0,2
28130,ἠρῶ,1,0,1
28131,γενειήσαντα,2,0,2
28132,ἀπονίπτεσθαι,1,0,1
28133,ἐπιχρίεσθαι,1,0,1
28134,ἀγλαΐην,2,0,2
28135,Αὐτονόην,1,0,1
28136,παρστήετον,1,0,1
28137,γρηΰς,11,0,11
28138,κλιντῆρι,1,0,1
28139,θησαίατ,1,0,1
28140,προσώπατα,1,0,1
28141,Κυθέρεια,1,0,1
28142,χρίεται,1,0,1
28143,μακροτέρην,1,0,1
28144,λευκοτέρην,1,0,1
28145,πριστοῦ,2,0,2
28146,ἔρξασ,1,0,1
28147,φθόγγῳ,1,0,1
28148,ἐπερχόμεναι,1,0,1
28149,αἰνοπαθῆ,1,0,1
28150,αἰῶνα,1,0,1
28151,φθινύθω,1,0,1
28152,κατέβαιν,2,0,2
28153,ἔρῳ,1,0,1
28154,ἔθελχθεν,1,0,1
28155,ἐνώμας,1,0,1
28156,φαίη,2,0,2
28157,ὀλβίου,1,0,1
28158,μέγεθος,2,0,2
28159,ἀεικισθήμεναι,1,0,1
28160,ῥυστακτύος,1,0,1
28161,πλήσσουσι,1,0,1
28162,Ἴρου,2,0,2
28163,νεύοιεν,1,0,1
28164,λελῦτο,1,0,1
28165,αὐλείῃσι,2,0,2
28166,μεθύοντι,1,0,1
28167,ὅπη,2,0,2
28168,πλέονές,1,0,1
28169,δαινύατ,1,0,1
28170,περίεσσι,1,0,1
28171,ᾖεν,3,0,3
28172,ἀμφιπολεύοι,2,0,2
28173,ἄχομαι,2,0,2
28174,ἐπέσσευεν,3,0,3
28175,μαχητάς,1,0,1
28176,ἀκοντιστάς,1,0,1
28177,ῥυτῆρας,1,0,1
28178,ἐπιβήτορας,1,0,1
28179,ἔκριναν,1,0,1
28180,ἀνέσει,1,0,1
28181,γήμασθ,5,0,5
28182,ἀντιβολήσει,1,0,1
28183,μνηστεύειν,1,0,1
28184,ἐρίσωσιν,1,0,1
28185,ἀπάγουσι,1,0,1
28186,παρέλκετο,1,0,1
28187,δέξασθ,1,0,1
28188,Ἀντινόῳ,2,0,2
28189,ἀρ,1,0,1
28190,περόναι,1,0,1
28191,ἐϋγνάμπτοις,1,0,1
28192,ἐερμένον,1,0,1
28193,Εὐρυδάμαντι,1,0,1
28194,Πεισάνδροιο,1,0,1
28195,Πολυκτορίδαο,1,0,1
28196,ἴσθμιον,1,0,1
28197,ἤνεικεν,2,0,2
28198,ἀνέβαιν,2,0,2
28199,λαμπτῆρας,1,0,1
28200,φαείνοιεν,1,0,1
28201,κεκεασμένα,1,0,1
28202,μετέμισγον,1,0,1
28203,ἀνέφαινον,1,0,1
28204,διογενῆς,1,0,1
28205,στροφαλίζετε,1,0,1
28206,τέρπετε,1,0,1
28207,πείκετε,1,0,1
28208,νικήσουσι,1,0,1
28209,ἐγέλασσαν,1,0,1
28210,Μελανθώ,2,0,2
28211,Δολίος,4,0,4
28212,ἀτίταλλε,2,0,2
28213,μισγέσκετο,1,0,1
28214,τάλαν,2,0,2
28215,ἐκπεπαταγμένος,1,0,1
28216,χαλκήϊον,1,0,1
28217,λέσχην,1,0,1
28218,ταρβεῖς,2,0,2
28219,ἀλύεις,2,0,2
28220,ἐνίκησας,2,0,2
28221,ἀναστῇ,1,0,1
28222,ἐκπέμψῃσι,1,0,1
28223,φορύξας,1,0,1
28224,τάμῃσιν,1,0,1
28225,διεπτοίησε,1,0,1
28226,ταρβοσύνῃ,1,0,1
28227,λαμπτῆρσι,1,0,1
28228,φαείνων,1,0,1
28229,αἰθομένοισιν,1,0,1
28230,ἴσχεσθαι,2,0,2
28231,θυμαλγέος,2,0,2
28232,γέλω,3,0,3
28233,ἔτευχε,1,0,1
28234,ἀθεεί,1,0,1
28235,Ὀδυσήϊον,1,0,1
28236,δαίδων,1,0,1
28237,ἀνελοίμην,1,0,1
28238,ἐσχατιῆς—μισθός,1,0,1
28239,ἔσται—,1,0,1
28240,αἱμασιάς,2,0,2
28241,παρέχοιμι,1,0,1
28242,ἀμφιέσαιμι,1,0,1
28243,ἔμμαθες,1,0,1
28244,ἐθελήσεις,1,0,1
28245,ἔργοιο,1,0,1
28246,δρέπανον,1,0,1
28247,εὐκαμπές,1,0,1
28248,πειρησαίμεθα,1,0,1
28249,ἔργου,1,0,1
28250,νήστιες,1,0,1
28251,ἄχρι,1,0,1
28252,κνέφαος,1,0,1
28253,ποίη,1,0,1
28254,κεκορηότε,1,0,1
28255,ἥλικες,1,0,1
28256,ἰσοφόροι,1,0,1
28257,τετράγυον,1,0,1
28258,εἴκοι,1,0,1
28259,βῶλος,1,0,1
28260,ἀρότρῳ,1,0,1
28261,διηνεκέα,1,0,1
28262,προταμοίμην,1,0,1
28263,κυνέη,1,0,1
28264,πάγχαλκος,1,0,1
28265,ὑβρίξεις,1,0,1
28266,κραταιός,1,0,1
28267,ὁμιλεῖς,1,0,1
28268,στείνοιτο,1,0,1
28269,σφέλας,1,0,1
28270,ἔλλαβεν,1,0,1
28271,Ἀμφινόμου,1,0,1
28272,Δουλιχιῆος,1,0,1
28273,οἰνοχόον,1,0,1
28274,πρόχοος,1,0,1
28275,μετέθηκε,1,0,1
28276,μαίνεσθε,1,0,1
28277,κεύθετε,1,0,1
28278,ποτῆτα,1,0,1
28279,ὀροθύνει,1,0,1
28280,διώκω,1,0,1
28281,ῥηθέντι,2,0,2
28282,στυφελίζετε,2,0,2
28283,ἐπαρξάσθω,2,0,2
28284,κατακείομεν,1,0,1
28285,μελέμεν,1,0,1
28286,Μούλιος,1,0,1
28287,Δουλιχιεύς,1,0,1
28288,Ἀμφινόμοιο,1,0,1
28289,κατθέμεν,1,0,1
28290,τροφόν,5,0,5
28291,Εὐρύκλειαν,6,0,6
28292,ἔρυξον,1,0,1
28293,ἀμέρδει,1,0,1
28294,καταθέσθαι,1,0,1
28295,ἐπιφροσύνας,1,0,1
28296,ἀνέλοιο,1,0,1
28297,κήδεσθαι,2,0,2
28298,μετοιχομένη,1,0,1
28299,προβλωσκέμεν,1,0,1
28300,ἀεργόν,1,0,1
28301,χοίνικος,1,0,1
28302,εἰληλουθώς,2,0,2
28303,κλήϊσεν,3,0,3
28304,κόρυθάς,1,0,1
28305,ὀμφαλοέσσας,1,0,1
28306,ἔγχεά,1,0,1
28307,λύχνον,1,0,1
28308,ἐποίει,2,0,2
28309,μεσόδμαι,2,0,2
28310,εἰλάτιναί,1,0,1
28311,δοκοί,1,0,1
28312,κίονες,1,0,1
28313,φαίνοντ,1,0,1
28314,ἴσχανε,1,0,1
28315,κατάλεξαι,1,0,1
28316,ἐρεθίζω,1,0,1
28317,ἔλεκτο,1,0,1
28318,Ἰκμάλιος,1,0,1
28319,προσφυέ,1,0,1
28320,ὑπερμενέοντες,1,0,1
28321,λαμπτήρων,1,0,1
28322,νήησαν,1,0,1
28323,θέρεσθαι,1,0,1
28324,ἀνιήσεις,2,0,2
28325,δινεύων,1,0,1
28326,ὀπιπεύσεις,1,0,1
28327,ἔξελθε,1,0,1
28328,ὄνησο,1,0,1
28329,δαλῷ,1,0,1
28330,ἐπέχεις,1,0,1
28331,ῥυπόω,2,0,2
28332,εἷμαι,2,0,2
28333,πτωχεύω,1,0,1
28334,ἀλήμονες,1,0,1
28335,μήποτε,1,0,1
28336,κέκασσαι,1,0,1
28337,ἐλπίδος,1,0,1
28338,Ἀπόλλωνός,1,0,1
28339,ἀτασθάλλουσ,1,0,1
28340,θαρσαλέη,1,0,1
28341,ἔρδουσα,1,0,1
28342,ἀναμάξεις,1,0,1
28343,ᾔδησθ,1,0,1
28344,Εὐρυνόμην,1,0,1
28345,ἐπακούσῃ,1,0,1
28346,ἐΰξεστον,1,0,1
28347,νεικέοι,1,0,1
28348,ἰφθίμοισιν,2,0,2
28349,εὐδικίας,1,0,1
28350,ἀνέχῃσι,1,0,1
28351,πυρούς,1,0,1
28352,κριθάς,1,0,1
28353,βρίθῃσι,1,0,1
28354,τίκτῃ,1,0,1
28355,παρέχῃ,1,0,1
28356,εὐηγεσίης,1,0,1
28357,ἀρετῶσι,1,0,1
28358,ἐνιπλήσῃς,1,0,1
28359,μνησαμένῳ,2,0,2
28360,ἀλλοτρίῳ,2,0,2
28361,γοόωντά,1,0,1
28362,μυρόμενόν,1,0,1
28363,δμῳῶν,1,0,1
28364,φῇ,1,0,1
28365,δακρυπλώειν,1,0,1
28366,βεβαρηότα,1,0,1
28367,ἀεκαζομένην,1,0,1
28368,ἐμπάξομαι,1,0,1
28369,κατατήκομαι,1,0,1
28370,σπεύδουσιν,1,0,1
28371,τολυπεύω,1,0,1
28372,ἐνέπνευσε,1,0,1
28373,στησαμένῃ,1,0,1
28374,μετέειπον,1,0,1
28375,ἐκτελέσω—μή,1,0,1
28376,ὄληται—,1,0,1
28377,ταφήϊον,2,0,2
28378,ὑφαίνεσκον,1,0,1
28379,ἀλλύεσκον,1,0,1
28380,ἔληθον,1,0,1
28381,ἀλεγούσας,1,0,1
28382,ἐπελθόντες,1,0,1
28383,ὁμόκλησαν,1,0,1
28384,ἐξετέλεσσα,1,0,1
28385,εὑρίσκω,1,0,1
28386,ὀτρύνουσι,1,0,1
28387,κατεδόντων,1,0,1
28388,οἶός,1,0,1
28389,παλαιφάτου,1,0,1
28390,ἀπολλήξεις,1,0,1
28391,ἐξερέουσα,1,0,1
28392,ἀχέεσσί,1,0,1
28393,δώσεις,1,0,1
28394,ἀπέῃσιν,1,0,1
28395,Κρήτη,1,0,1
28396,γαῖ,1,0,1
28397,πίειρα,1,0,1
28398,περίρρυτος,1,0,1
28399,ἀπειρέσιοι,1,0,1
28400,ἐννήκοντα,1,0,1
28401,μεμιγμένη,1,0,1
28402,Ἐτεόκρητες,1,0,1
28403,Δωριέες,1,0,1
28404,τριχάϊκες,1,0,1
28405,Κνωσός,1,0,1
28406,ἐννέωρος,1,0,1
28407,ὀαριστής,1,0,1
28408,Δευκαλίωνος,1,0,1
28409,ἴσω,1,0,1
28410,Ἀτρείδῃσιν,1,0,1
28411,Κρήτηνδε,1,0,1
28412,παραπλάγξασα,1,0,1
28413,Μαλειῶν,1,0,1
28414,Ἀμνισῷ,1,0,1
28415,Εἰλειθυίης,1,0,1
28416,χαλεποῖσι,1,0,1
28417,αἰδοῖόν,1,0,1
28418,οἰχομένῳ,1,0,1
28419,δημόθεν,1,0,1
28420,ἱρεύσασθαι,1,0,1
28421,πλησαίατο,1,0,1
28422,ἵστασθαι,1,0,1
28423,τρισκαιδεκάτῃ,1,0,1
28424,ἴσκε,1,0,1
28425,ἐτύμοισιν,1,0,1
28426,ἀκουούσης,1,0,1
28427,κατατήκετ,1,0,1
28428,κατέτηξεν,1,0,1
28429,τηκομένης,1,0,1
28430,παρήϊα,1,0,1
28431,χεούσης,1,0,1
28432,κλαιούσης,2,0,2
28433,κεῦθεν,1,0,1
28434,τάρφθη,3,0,3
28435,πολυδακρύτοιο,3,0,3
28436,ξεῖνέ,1,0,1
28437,πειρήσεσθαι,2,0,2
28438,ξείνισας,1,0,1
28439,ὁπποῖ,1,0,1
28440,ἄσσα,1,0,1
28441,ἐεικοστόν,1,0,1
28442,ἀπελήλυθε,2,0,2
28443,οὔλην,1,0,1
28444,περόνη,1,0,1
28445,αὐλοῖσιν,1,0,1
28446,διδύμοισι,1,0,1
28447,δαίδαλον,1,0,1
28448,ἐλλόν,1,0,1
28449,θαυμάζεσκον,1,0,1
28450,χρύσεοι,1,0,1
28451,λάε,1,0,1
28452,ἀπάγχων,1,0,1
28453,κρομύοιο,1,0,1
28454,λοπόν,1,0,1
28455,ἰσχαλέοιο,1,0,1
28456,μαλακός,1,0,1
28457,λαμπρός,1,0,1
28458,οἴκοθ,1,0,1
28459,τερμιόεντα,1,0,1
28460,αἰδοίως,1,0,1
28461,ἀπέπεμπον,2,0,2
28462,γυρός,1,0,1
28463,μελανόχροος,1,0,1
28464,οὐλοκάρηνος,1,0,1
28465,σήματ,4,0,4
28466,ἀναγνούσῃ,2,0,2
28467,ἐλεεινός,1,0,1
28468,ἔσῃ,1,0,1
28469,πτύξασ,1,0,1
28470,περόνην,1,0,1
28471,ἐπέθηκα,2,0,2
28472,ἄγαλμ,1,0,1
28473,ἐποψόμενος,3,0,3
28474,Κακοΐλιον,3,0,3
28475,ὀνομαστήν,3,0,3
28476,ἐναίρεο,1,0,1
28477,τῆκε,1,0,1
28478,ἀλλοῖον,1,0,1
28479,ὀλέσασα,1,0,1
28480,τέκῃ,1,0,1
28481,Θρινακίης,1,0,1
28482,τιμήσαντο,2,0,2
28483,ἀπήμαντον,1,0,1
28484,ἀγυρτάζειν,1,0,1
28485,ὤμνυε,1,0,1
28486,σόος,1,0,1
28487,ἀπεσσεῖται,1,0,1
28488,τεύξῃ,1,0,1
28489,σημάντορές,1,0,1
28490,αἰδοίους,1,0,1
28491,ἀπονίψατε,1,0,1
28492,κάτθετε,1,0,1
28493,θαλπιόων,1,0,1
28494,χρυσόθρονον,3,0,3
28495,λοέσσαι,1,0,1
28496,χρῖσαί,1,0,1
28497,δείπνοιο,1,0,1
28498,ἀνιάζῃ,1,0,1
28499,θυμοφθόρος,1,0,1
28500,πρήξει,1,0,1
28501,περίειμι,1,0,1
28502,ἀϋσταλέος,1,0,1
28503,μινυνθάδιοι,1,0,1
28504,καταρῶνται,1,0,1
28505,ζωῷ,1,0,1
28506,τεθνεῶτί,1,0,1
28507,ἐφεψιόωνται,1,0,1
28508,δία,1,0,1
28509,ἤχθεθ,1,0,1
28510,νοσφισάμην,1,0,1
28511,δολιχηρέτμοιο,2,0,2
28512,κείω,1,0,1
28513,ἀεικελίῳ,1,0,1
28514,κοίτῃ,1,0,1
28515,ἄεσα,1,0,1
28516,ἀνέμεινα,1,0,1
28517,ποδάνιπτρα,2,0,2
28518,ἐπιήρανα,1,0,1
28519,ἅψεται,1,0,1
28520,γρηῦς,2,0,2
28521,παλαιή,1,0,1
28522,τέτληκε,1,0,1
28523,φιλίων,2,0,2
28524,εὐφραδέως,1,0,1
28525,τρέφεν,1,0,1
28526,νίψει,1,0,1
28527,ὀλιγηπελέουσά,1,0,1
28528,νίψον,1,0,1
28529,ὁμήλικα,1,0,1
28530,καταγηράσκουσιν,1,0,1
28531,κατέσχετο,1,0,1
28532,θεουδέα,1,0,1
28533,ἔκη,1,0,1
28534,ἐδίδους,1,0,1
28535,ἀρώμενος,1,0,1
28536,γῆράς,2,0,2
28537,λιπαρόν,1,0,1
28538,θρέψαιό,1,0,1
28539,ἐφεψιόωντο,1,0,1
28540,καθεψιόωνται,1,0,1
28541,ἐάας,1,0,1
28542,νίζειν,1,0,1
28543,νίψω,1,0,1
28544,ὀρώρεται,2,0,2
28545,ταλαπείριοι,1,0,1
28546,γρηῦ,2,0,2
28547,εἰκέλω,1,0,1
28548,ἐπιφρονέουσ,1,0,1
28549,ἐξαπένιζεν,1,0,1
28550,ἐνεχεύατο,1,0,1
28551,πουλύ,1,0,1
28552,ἐπήφυσεν,1,0,1
28553,σκότον,1,0,1
28554,ὀΐσατο,1,0,1
28555,οὐλήν,7,0,7
28556,ἀμφράσσαιτο,1,0,1
28557,ἀμφαδά,1,0,1
28558,νίζε,1,0,1
28559,ὀδόντι,6,0,6
28560,Παρνησόνδ,4,0,4
28561,Αὐτόλυκόν,1,0,1
28562,κλεπτοσύνῃ,1,0,1
28563,καῖεν,1,0,1
28564,παυομένῳ,1,0,1
28565,Αὐτόλυκ,1,0,1
28566,εὕρεο,1,0,1
28567,θῆαι,1,0,1
28568,τίθεσθ,1,0,1
28569,ὀδυσσάμενος,1,0,1
28570,ἡβήσας,1,0,1
28571,μητρώϊον,1,0,1
28572,χαίροντ,1,0,1
28573,Αὐτόλυκός,2,0,2
28574,Αὐτολύκοιο,4,0,4
28575,Ἀμφιθέη,1,0,1
28576,περιφῦσ,1,0,1
28577,κύσσ,1,0,1
28578,υἱοῖσιν,1,0,1
28579,ἐφοπλίσσαι,1,0,1
28580,δάσσαντό,1,0,1
28581,Παρνησοῦ,1,0,1
28582,βῆσσαν,1,0,1
28583,ἐρευνῶντες,1,0,1
28584,λόχμῃ,1,0,1
28585,πυκινῇ,1,0,1
28586,κατέκειτο,1,0,1
28587,διάει,1,0,1
28588,πυκνή,1,0,1
28589,ἐπάγοντες,1,0,1
28590,ἐπῇσαν,1,0,1
28591,φρίξας,1,0,1
28592,λοφιήν,1,0,1
28593,δεδορκώς,1,0,1
28594,διήφυσε,1,0,1
28595,σαρκός,1,0,1
28596,ἐπαοιδῇ,1,0,1
28597,ἰησάμενοι,1,0,1
28598,πορόντες,1,0,1
28599,χαίροντα,1,0,1
28600,χαῖρον,1,0,1
28601,θηρεύοντ,1,0,1
28602,καταπρηνέσσι,1,0,1
28603,ἐπιμασσαμένη,1,0,1
28604,κνήμη,1,0,1
28605,κανάχησε,1,0,1
28606,ἐκλίθη,1,0,1
28607,ἐξέχυθ,1,0,1
28608,πεφραδέειν,1,0,1
28609,ἀντίη,1,0,1
28610,μαῖα,8,0,8
28611,ἔτρεφες,2,0,2
28612,ἐφράσθης,2,0,2
28613,τροφοῦ,1,0,1
28614,οὔσης,1,0,1
28615,ἀφέξομαι,1,0,1
28616,κτείνωμι,1,0,1
28617,στερεή,1,0,1
28618,εἴσομ,1,0,1
28619,ἐπίτρεψον,1,0,1
28620,οἰσομένη,1,0,1
28621,πρότερ,1,0,1
28622,ἔκχυτο,1,0,1
28623,ἤλειψεν,1,0,1
28624,θερσόμενος,1,0,1
28625,ῥακέεσσι,1,0,1
28626,ἀμέτρητον,1,0,1
28627,ὁρόωσα,1,0,1
28628,ἕλῃσί,1,0,1
28629,κεῖμαι,1,0,1
28630,ἀδινόν,1,0,1
28631,μελεδῶνες,1,0,1
28632,ἐρέθουσιν,1,0,1
28633,Πανδαρέου,2,0,2
28634,χλωρηΐς,1,0,1
28635,ἀηδών,1,0,1
28636,ἀείδῃσιν,1,0,1
28637,δενδρέων,1,0,1
28638,πετάλοισι,1,0,1
28639,τρωπῶσα,1,0,1
28640,πολυηχέα,1,0,1
28641,Ἴτυλον,1,0,1
28642,ἀφραδίας,1,0,1
28643,Ζήθοιο,1,0,1
28644,λιποῦσαν,1,0,1
28645,ἀσχαλόων,1,0,1
28646,ὑπόκριναι,1,0,1
28647,χῆνές,1,0,1
28648,ἰαίνομαι,1,0,1
28649,ἀγκυλοχείλης,1,0,1
28650,αὐχένας,1,0,1
28651,ἐκέχυντο,1,0,1
28652,ἀέρθη,1,0,1
28653,ἐϋπλοκαμῖδες,1,0,1
28654,ὀλοφυρομένην,1,0,1
28655,βροτέῃ,1,0,1
28656,κατερήτυε,1,0,1
28657,ὕπαρ,2,0,2
28658,χῆνες,1,0,1
28659,μελιηδής,2,0,2
28660,παπτήνασα,1,0,1
28661,ἐρεπτομένους,1,0,1
28662,πύελον,1,0,1
28663,ὑποκρίνασθαι,1,0,1
28664,ἀποκλίναντ,1,0,1
28665,ὄνειροι,1,0,1
28666,ἀμήχανοι,1,0,1
28667,ἀκριτόμυθοι,1,0,1
28668,ἀμενηνῶν,1,0,1
28669,ὀνείρων,2,0,2
28670,ἐλεφαίρονται,1,0,1
28671,ἀκράαντα,1,0,1
28672,ξεστῶν,1,0,1
28673,ἔτυμα,1,0,1
28674,ἐντεῦθεν,1,0,1
28675,ἀποσχήσει,1,0,1
28676,καταθήσω,1,0,1
28677,ἵστασχ,1,0,1
28678,δρυόχους,1,0,1
28679,διαρρίπτασκεν,1,0,1
28680,ῥηΐτατ,2,0,2
28681,ἐντανύσῃ,4,0,4
28682,διοϊστεύσῃ,2,0,2
28683,πελέκεων,3,0,3
28684,ἑσποίμην,2,0,2
28685,νοσφισσαμένη,3,0,3
28686,μεμνήσεσθαι,2,0,2
28687,ἀνάβαλλε,1,0,1
28688,ἀμφαφόωντας,1,0,1
28689,ἐντανύσαι,4,0,4
28690,διοϊστεῦσαί,1,0,1
28691,χυθείη,1,0,1
28692,θνητοῖσιν,1,0,1
28693,θέντων,1,0,1
28694,εὐνάζετο,1,0,1
28695,ἀδέψητον,1,0,1
28696,βοέην,1,0,1
28697,στόρεσ,1,0,1
28698,ἱρεύεσκον,1,0,1
28699,κοιμηθέντι,1,0,1
28700,ἐγρηγορόων,1,0,1
28701,ἐμισγέσκοντο,1,0,1
28702,εὐφροσύνην,1,0,1
28703,παρέχουσαι,1,0,1
28704,ἐῷ,1,0,1
28705,ὑλάκτει,2,0,2
28706,ἀμαλῇσι,1,0,1
28707,σκυλάκεσσι,1,0,1
28708,βεβῶσα,1,0,1
28709,ἀγνοιήσασ,1,0,1
28710,ὑλάει,1,0,1
28711,ἀγαιομένου,1,0,1
28712,ἄσχετος,1,0,1
28713,ἐτόλμας,1,0,1
28714,ἐξάγαγ,1,0,1
28715,πείσῃ,1,0,1
28716,τετληυῖα,1,0,1
28717,ἑλίσσετο,2,0,2
28718,αἰόλλῃ,1,0,1
28719,ὀπτηθῆναι,1,0,1
28720,πολέσι,1,0,1
28721,ἐγρήσσεις,1,0,1
28722,μερμηρίζω,1,0,1
28723,χερείονι,1,0,1
28724,πείθεθ,1,0,1
28725,πόνοις,1,0,1
28726,ἐξαναφανδόν,1,0,1
28727,λόχοι,1,0,1
28728,περισταῖεν,1,0,1
28729,ἐλάσαιο,1,0,1
28730,ἑλέτω,1,0,1
28731,ἐγρήσσοντα,1,0,1
28732,ὑποδύσεαι,1,0,1
28733,λυσιμελής,2,0,2
28734,κορέσσατο,1,0,1
28735,Ἄρτεμι,1,0,1
28736,βαλοῦσ,1,0,1
28737,ἕλοιο,1,0,1
28738,φθῖσαν,1,0,1
28739,ὀρφαναί,1,0,1
28740,τυρῷ,1,0,1
28741,μέλιτι,2,0,2
28742,ἔπορ,1,0,1
28743,προσέστιχε,1,0,1
28744,κούρῃς,1,0,1
28745,αἰτήσουσα,1,0,1
28746,θαλεροῖο,1,0,1
28747,γάμοιο—,1,0,1
28748,μοῖράν,1,0,1
28749,ἀμμορίην,1,0,1
28750,ἀνθρώπων—,1,0,1
28751,στυγερῇσιν,1,0,1
28752,ἐρινύσιν,1,0,1
28753,ἀμφιπολεύειν,2,0,2
28754,ἀϊστώσειαν,1,0,1
28755,ἀφικοίμην,1,0,1
28756,ἐϋφραίνοιμι,1,0,1
28757,ἀνεκτόν,1,0,1
28758,κλαίῃ,1,0,1
28759,ἔχῃσιν—ὁ,1,0,1
28760,ἐπέλησεν,1,0,1
28761,ἀμφικαλύψῃ—,1,0,1
28762,ὀνείρατ,1,0,1
28763,παρέδραθεν,1,0,1
28764,γιγνώσκουσα,1,0,1
28765,κεφαλῆφι,1,0,1
28766,συνελών,1,0,1
28767,ἐνεῦδεν,1,0,1
28768,ἐθέλοντες,1,0,1
28769,ἤγετ,1,0,1
28770,ἐκακώσατε,1,0,1
28771,φήμην,2,0,2
28772,φάσθω,1,0,1
28773,ἐγειρομένων,1,0,1
28774,φανήτω,1,0,1
28775,ἐβρόντησεν,1,0,1
28776,ἀλετρίς,1,0,1
28777,μύλαι,1,0,1
28778,ἐπερρώοντο,1,0,1
28779,τεύχουσαι,1,0,1
28780,ἀλείατα,1,0,1
28781,ἄλεσσαν,1,0,1
28782,οὔπω,1,0,1
28783,ἀφαυροτάτη,1,0,1
28784,μύλην,1,0,1
28785,ἐβρόντησας,1,0,1
28786,φαίνεις,1,0,1
28787,κρῆνον,1,0,1
28788,ἑλοίατο,1,0,1
28789,θυμαλγέι,1,0,1
28790,τευχούσῃ,1,0,1
28791,βροντῇ,1,0,1
28792,ἀλείτας,1,0,1
28793,ἀγρόμεναι,1,0,1
28794,ἀνέκαιον,1,0,1
28795,εὐνῆθεν,1,0,1
28796,ἐτιμήσασθ,1,0,1
28797,τοιαύτη,1,0,1
28798,ἐμπλήγδην,1,0,1
28799,ἀρείον,1,0,1
28800,ἀτιμήσασ,1,0,1
28801,ἀποπέμπει,1,0,1
28802,αἰτιόῳο,1,0,1
28803,πεινήμεναι,1,0,1
28804,μιμνήσκοιτο,1,0,1
28805,ὑποστορέσαι,1,0,1
28806,ἄποτμος,1,0,1
28807,ῥήγεσσι,1,0,1
28808,καθεύδειν,1,0,1
28809,ἀδεψήτῳ,1,0,1
28810,βοέῃ,1,0,1
28811,ἔδραθ,1,0,1
28812,ἐπιέσσαμεν,1,0,1
28813,ἀγρεῖθ,1,0,1
28814,κορήσατε,1,0,1
28815,ποιπνύσασαι,1,0,1
28816,ῥάσσατέ,1,0,1
28817,εὐποιήτοισι,1,0,1
28818,πορφυρέους,1,0,1
28819,ἀμφιμάσασθε,1,0,1
28820,καθήρατε,1,0,1
28821,ἀμφικύπελλα,1,0,1
28822,κρήνηνδε,1,0,1
28823,ἀπέσσονται,1,0,1
28824,ἑορτή,2,0,2
28825,μελάνυδρον,1,0,1
28826,κέασαν,1,0,1
28827,κατάγων,2,0,2
28828,πολυμήτις,1,0,1
28829,τισαίατο,1,0,1
28830,μετέρεπον,1,0,1
28831,ἔξεισθα,1,0,1
28832,γεύσασθαι,1,0,1
28833,αἰτίζεις,1,0,1
28834,δαῖτες,1,0,1
28835,Φιλοίτιος,4,0,4
28836,πορθμῆες,1,0,1
28837,διήγαγον,1,0,1
28838,δυόωσι,1,0,1
28839,πολυπλάγκτους,1,0,1
28840,ἐπικλώσωνται,1,0,1
28841,γείνεαι,1,0,1
28842,μισγέμεναι,1,0,1
28843,λευγαλέοισιν,1,0,1
28844,τοιάδε,1,0,1
28845,λαίφε,1,0,1
28846,ὑποσταχύοιτο,1,0,1
28847,εὐρυμετώπων,1,0,1
28848,ἀγινέμεναί,1,0,1
28849,δάσσασθαι,1,0,1
28850,ἐπιδινεῖται,1,0,1
28851,ἀλλοτρίῃσι,1,0,1
28852,βουκόλ,1,0,1
28853,ἤρτυον,1,0,1
28854,συνθεύσεται,1,0,1
28855,ὀπτήσαντες,1,0,1
28856,κρητῆρσιν,1,0,1
28857,κερόωντο,1,0,1
28858,νεῖμε,1,0,1
28859,ἐῳνοχόει,1,0,1
28860,καθίδρυε,1,0,1
28861,μεγάρου,1,0,1
28862,καταθείς,1,0,1
28863,ἀφέξω,1,0,1
28864,δήμιός,1,0,1
28865,ἐπίσχετε,1,0,1
28866,ἐνιπῆς,1,0,1
28867,δεχώμεθα,1,0,1
28868,παύσαμεν,1,0,1
28869,σκιερόν,1,0,1
28870,ἐλάγχανον,1,0,1
28871,Κτήσιππος,2,0,2
28872,θεσπεσίοισι,1,0,1
28873,μνάσκετ,1,0,1
28874,δάμαρτα,2,0,2
28875,ἀτέμβειν,2,0,2
28876,δίκαιον,2,0,2
28877,λοετροχόῳ,1,0,1
28878,ἀλεύατ,1,0,1
28879,μείδησε,1,0,1
28880,σαρδάνιον,1,0,1
28881,εὔδμητον,1,0,1
28882,Κτήσιππον,2,0,2
28883,Κτήσιππ,1,0,1
28884,ἀεικείας,1,0,1
28885,φαινέτω,1,0,1
28886,τέτλαμεν,1,0,1
28887,σφαζομένων,1,0,1
28888,οἴνοιό,1,0,1
28889,πινομένοιο,1,0,1
28890,Δαμαστορίδης,3,0,3
28891,Ἀγέλαος,4,0,4
28892,ἀμφοτέροιϊν,1,0,1
28893,ἰσχέμεναί,1,0,1
28894,νόστησ,1,0,1
28895,δῆλον,1,0,1
28896,Ἀγέλαε,2,0,2
28897,ἔφθιται,1,0,1
28898,ἀλάληται,1,0,1
28899,διατρίβω,1,0,1
28900,γναθμοῖσι,1,0,1
28901,γελοίων,1,0,1
28902,ἀλλοτρίοισιν,1,0,1
28903,αἱμοφόρυκτα,1,0,1
28904,σφέων,2,0,2
28905,ὠΐετο,1,0,1
28906,εἰλύαται,1,0,1
28907,πρόσωπά,1,0,1
28908,ἐρράδαται,1,0,1
28909,εἰδώλων,1,0,1
28910,Ἔρεβόσδε,1,0,1
28911,ἀφραίνει,1,0,1
28912,ἐκπέμψασθε,1,0,1
28913,ἐΐσκει,1,0,1
28914,πομπῆας,1,0,1
28915,τετυγμένος,1,0,1
28916,μηχανάασθε,1,0,1
28917,ἐξῆλθε,1,0,1
28918,κακοξεινώτερος,1,0,1
28919,ἐπίμαστον,1,0,1
28920,ἔμπαιον,1,0,1
28921,πολυκληῗδι,1,0,1
28922,Σικελούς,1,0,1
28923,πέμψωμεν,1,0,1
28924,προσεδέρκετο,1,0,1
28925,ἄντηστιν,1,0,1
28926,θεμένη,1,0,1
28927,γελοίωντες,1,0,1
28928,μενοεικές,1,0,1
28929,ἱέρευσαν,1,0,1
28930,ἀχαρίστερον,1,0,1
28931,ἀρχήν,3,0,3
28932,κληῗδ,2,0,2
28933,εὐκαμπέα,1,0,1
28934,θάλαμόνδε,2,0,2
28935,ἔσχατον,1,0,1
28936,ἰοδόκος,1,0,1
28937,στονόεντες,2,0,2
28938,Ἴφιτος,2,0,2
28939,Εὐρυτίδης,1,0,1
28940,Μεσσήνῃ,1,0,1
28941,ξυμβλήτην,1,0,1
28942,ὄφελλε,1,0,1
28943,Μεσσήνιοι,1,0,1
28944,παιδνός,2,0,2
28945,φῶθ,1,0,1
28946,ἐπιίστορα,1,0,1
28947,ᾐδέσατ,1,0,1
28948,ἀποθνῄσκων,1,0,1
28949,ξεινοσύνης,1,0,1
28950,προσκηδέος,1,0,1
28951,γνώτην,1,0,1
28952,Ἴφιτον,1,0,1
28953,Εὐρυτίδην,1,0,1
28954,ᾑρεῖτ,1,0,1
28955,μνῆμα,1,0,1
28956,κέσκετ,1,0,1
28957,δρύϊνον,1,0,1
28958,ἄρσε,1,0,1
28959,κορώνης,1,0,1
28960,θυρέων,2,0,2
28961,ἀνέκοπτεν,1,0,1
28962,τιτυσκομένη,1,0,1
28963,ἀνέβραχεν,1,0,1
28964,βοσκόμενος,1,0,1
28965,πληγέντα,1,0,1
28966,κληΐδι,1,0,1
28967,πετάσθησαν,1,0,1
28968,σανίδος,1,0,1
28969,χηλοί,1,0,1
28970,ὀρεξαμένη,1,0,1
28971,γωρυτῷ,1,0,1
28972,περίκειτο,1,0,1
28973,ἑζομένη,2,0,2
28974,θεῖσα,1,0,1
28975,ὄγκιον,1,0,1
28976,ἐχράετ,1,0,1
28977,ἐπισχεσίην,1,0,1
28978,ἐδύνασθε,1,0,1
28979,γῆμαι,2,0,2
28980,ἐφημέρια,1,0,1
28981,κατείβετον,1,0,1
28982,ὤλεσ,1,0,1
28983,κλαίετον,1,0,1
28984,ἐξελθόντε,1,0,1
28985,ἐντανύεσθαι,1,0,1
28986,ἐντανύσειν,1,0,1
28987,διοϊστεύσειν,2,0,2
28988,ὀϊστοῦ,1,0,1
28989,ἀτίμα,1,0,1
28990,ὤρνυε,1,0,1
28991,ἕψεσθαι,1,0,1
28992,γελόω,1,0,1
28993,αἴνου,1,0,1
28994,μύνῃσι,1,0,1
28995,παρέλκετε,1,0,1
28996,ἀποτρωπᾶσθε,1,0,1
28997,τανυστύος,1,0,1
28998,πειρησαίμην,1,0,1
28999,ἐντανύσω,1,0,1
29000,διοϊστεύσω,1,0,1
29001,λείποι,1,0,1
29002,ἰοῦσ,1,0,1
29003,ὀρύξας,1,0,1
29004,ἔναξε,1,0,1
29005,τάφος,3,0,3
29006,εὐκόσμως,1,0,1
29007,ὀπώπει,2,0,2
29008,ἐρύσσεσθαι,1,0,1
29009,ἐπιελπόμενος,1,0,1
29010,ἐντανύειν,1,0,1
29011,ἀνέλκων,2,0,2
29012,ἱέμενόν,1,0,1
29013,προφερέστεροί,1,0,1
29014,ἐκτελέωμεν,3,0,3
29015,κλίνας,2,0,2
29016,κολλητῇσιν,2,0,2
29017,σανίδεσσιν,2,0,2
29018,προσέκλινε,2,0,2
29019,ἐπιδέξια,1,0,1
29020,ἀρξάμενοι,1,0,1
29021,οἰνοχοεύει,1,0,1
29022,Λειώδης,1,0,1
29023,Οἴνοπος,1,0,1
29024,θυοσκόος,3,0,3
29025,μυχοίτατος,1,0,1
29026,ἀτασθαλίαι,1,0,1
29027,ἐχθραί,1,0,1
29028,νεμέσσα,2,0,2
29029,πειρήτιζεν,2,0,2
29030,ἐντάνυσε,1,0,1
29031,ἀτρίπτους,1,0,1
29032,ἁπαλάς,1,0,1
29033,τανύω,1,0,1
29034,λαβέτω,1,0,1
29035,κεκαδήσει,2,0,2
29036,ζώοντας,1,0,1
29037,ἁμαρτεῖν,1,0,1
29038,οὗθ,1,0,1
29039,ἔλπετ,1,0,1
29040,λειῶδες,1,0,1
29041,—νεμεσσῶμαι,1,0,1
29042,ἀκούων—,1,0,1
29043,βιοῦ,1,0,1
29044,αἰπόλον,2,0,2
29045,κῆον,1,0,1
29046,Μελανθεῦ,1,0,1
29047,στέατος,2,0,2
29048,θάλποντες,2,0,2
29049,ἐπιχρίοντες,1,0,1
29050,πειρώμεσθα,2,0,2
29051,ἐπειρῶντ,1,0,1
29052,ἐπιδευέες,3,0,3
29053,ὁμαρτήσαντες,1,0,1
29054,φθεγξάμενός,1,0,1
29055,βουκόλε,1,0,1
29056,συφορβέ,1,0,1
29057,κεύθω,1,0,1
29058,ποῖοί,1,0,1
29059,εἶτ,1,0,1
29060,ἀμύνοιτ,1,0,1
29061,εἴπαθ,1,0,1
29062,τελευτήσειας,1,0,1
29063,νημερτέ,1,0,1
29064,οἴοισι,1,0,1
29065,ἀμφοτέροις,1,0,1
29066,ἑτάρω,1,0,1
29067,κασιγνήτω,1,0,1
29068,γνῶτον,1,0,1
29069,πιστωθῆτόν,1,0,1
29070,ἀποέργαθεν,1,0,1
29071,οὐλῆς,1,0,1
29072,εἰσιδέτην,1,0,1
29073,παύεσθον,1,0,1
29074,προμνηστῖνοι,1,0,1
29075,ἐσέλθετε,1,0,1
29076,ἐάσουσιν,1,0,1
29077,κληῗσαι,3,0,3
29078,στοναχῆς,3,0,3
29079,κτύπου,2,0,2
29080,ἕρκεσι,2,0,2
29081,προβλώσκειν,2,0,2
29082,Φιλοίτιε,1,0,1
29083,ἰῆλαι,1,0,1
29084,δμῶε,2,0,2
29085,θάλπων,1,0,1
29086,ἧ,1,0,1
29087,ἄλλῃσιν,1,0,1
29088,πολίεσσιν,1,0,1
29089,νοέεις,1,0,1
29090,τιταίνοιτ,1,0,1
29091,κάτθετ,1,0,1
29092,πελέκεάς,1,0,1
29093,εἰῶμεν,1,0,1
29094,ἀναιρήσεσθαι,2,0,2
29095,καταθείομεν,1,0,1
29096,ἔξοχοι,1,0,1
29097,αἰπολίοισιν,1,0,1
29098,ἐπιτρέψαι,2,0,2
29099,ἀκομιστίη,1,0,1
29100,ἐντανύσειεν,1,0,1
29101,ἀγαπᾷς,1,0,1
29102,δαίνυσαι,1,0,1
29103,ἀμέρδεαι,1,0,1
29104,ῥήσιος,1,0,1
29105,ἀκούει,1,0,1
29106,οἶνός,1,0,1
29107,τρώει,1,0,1
29108,βλάπτει,1,0,1
29109,χανδόν,1,0,1
29110,πίνῃ,1,0,1
29111,Κένταυρον,1,0,1
29112,Εὐρυτίωνα,1,0,1
29113,ἄασ,1,0,1
29114,Λαπίθας,1,0,1
29115,ἐλθόνθ,1,0,1
29116,ἄασεν,1,0,1
29117,μαινόμενος,1,0,1
29118,ἀασθείς,1,0,1
29119,ἀεσίφρονι,1,0,1
29120,Κενταύροισι,1,0,1
29121,ἐντανύσῃς,1,0,1
29122,ἐπητύος,1,0,1
29123,ἀντιβολήσεις,1,0,1
29124,πέμψομεν,1,0,1
29125,σαώσεαι,1,0,1
29126,ἐρίδαινε,1,0,1
29127,κουροτέροισιν,1,0,1
29128,ἄξεσθαι,2,0,2
29129,θήσεσθαι,1,0,1
29130,ἔολπε,1,0,1
29131,δαινύσθω,1,0,1
29132,ὀϊόμεθ,2,0,2
29133,αἰσχυνόμενοι,1,0,1
29134,φάτιν,1,0,1
29135,ἐντανύουσιν,1,0,1
29136,ἐρέουσ,1,0,1
29137,ἀτιμάζοντες,3,0,3
29138,τίθεσθε,1,0,1
29139,εὐπηγής,1,0,1
29140,βιήσεται,1,0,1
29141,καθάπαξ,1,0,1
29142,πλαγκτέ,1,0,1
29143,ἱλήκῃσι,1,0,1
29144,πιθήσεις,1,0,1
29145,ὁπλότερός,1,0,1
29146,δίωμαι,1,0,1
29147,χερμαδίοισι,1,0,1
29148,πέμψαιμι,1,0,1
29149,ἡμετέρου,2,0,2
29150,μέθιεν,1,0,1
29151,χαλεποῖο,1,0,1
29152,κέλεταί,1,0,1
29153,ὅπλον,1,0,1
29154,βύβλινον,1,0,1
29155,πάντη,5,0,5
29156,ἀναστρωφῶν,1,0,1
29157,ἶπες,1,0,1
29158,θηητήρ,1,0,1
29159,ποιησέμεν,1,0,1
29160,νωμᾷ,1,0,1
29161,ἔμπαιος,1,0,1
29162,ὀνήσιος,1,0,1
29163,ἐντανύσασθαι,1,0,1
29164,ἐβάστασε,1,0,1
29165,κόλλοπι,1,0,1
29166,χορδήν,1,0,1
29167,ἅψας,1,0,1
29168,ἐϋστρεφές,1,0,1
29169,ἔντερον,1,0,1
29170,πειρήσατο,1,0,1
29171,ἄεισε,1,0,1
29172,χελιδόνι,2,0,2
29173,εἰκέλη,2,0,2
29174,πήχει,1,0,1
29175,ἤμβροτε,1,0,1
29176,πρώτης,1,0,1
29177,στειλειῆς,1,0,1
29178,ἐλέγχει,1,0,1
29179,τανύων,1,0,1
29180,ὄνονται,1,0,1
29181,τετυκέσθαι,1,0,1
29182,ἑψιάασθαι,1,0,1
29183,νεῦσεν,1,0,1
29184,ἀμφέθετο,1,0,1
29185,γυμνώθη,1,0,1
29186,ἰῶν,2,0,2
29187,ἐκχεύατ,2,0,2
29188,ἄεθλος,1,0,1
29189,ἀάατος,1,0,1
29190,ἐκτετέλεσται,2,0,2
29191,ἄμφωτον,1,0,1
29192,πίοι,1,0,1
29193,τεύξειν,1,0,1
29194,ἐπισχόμενος,1,0,1
29195,αὐλός,1,0,1
29196,σῖτός,1,0,1
29197,ὀπτά,1,0,1
29198,φορύνετο,1,0,1
29199,ὀρινθέντες,1,0,1
29200,παπταίνοντες,1,0,1
29201,πη,2,0,2
29202,νείκειον,1,0,1
29203,τοξάζεαι,1,0,1
29204,ἀντιάσεις,1,0,1
29205,κατέκτανες,1,0,1
29206,ἴσκεν,1,0,1
29207,ἐφάσκεθ,1,0,1
29208,κατεκείρετε,1,0,1
29209,παρευνάζεσθε,1,0,1
29210,ὑπεμνάασθε,1,0,1
29211,ἐπίηλεν,1,0,1
29212,βασιλεύοι,1,0,1
29213,λοχήσας,1,0,1
29214,ἐκπέποται,1,0,1
29215,ἐδήδοται,1,0,1
29216,ἐεικοσάβοιον,1,0,1
29217,ἀποδώσομεν,1,0,1
29218,ἰανθῇ,1,0,1
29219,ἀποδοῖτε,1,0,1
29220,λήξαιμι,1,0,1
29221,παράκειται,1,0,1
29222,σχήσει,2,0,2
29223,τοξάσσεται,1,0,1
29224,φάσγανά,1,0,1
29225,σπάσσασθε,1,0,1
29226,ἀντίσχεσθε,1,0,1
29227,ὠκυμόρων,1,0,1
29228,ὤκιστα,2,0,2
29229,τοξάσσαιτο,2,0,2
29230,ἁμαρτῆ,1,0,1
29231,ἀποπροίει,1,0,1
29232,ἥπατι,1,0,1
29233,περιρρηδής,1,0,1
29234,ἐτίνασσε,1,0,1
29235,ἔχυτ,1,0,1
29236,Ἀμφινόμῳ,1,0,1
29237,ἀνελκόμενον,1,0,1
29238,εἰσαφίκανεν,2,0,2
29239,πάγχαλκον,1,0,1
29240,ἀμφιβαλεῦμαι,1,0,1
29241,βουκόλῳ,1,0,1
29242,τετευχῆσθαι,1,0,1
29243,οἶσε,3,0,3
29244,ἀποκινήσωσι,1,0,1
29245,θάλαμόνδ,1,0,1
29246,κυνέας,2,0,2
29247,δυέσθην,1,0,1
29248,ὀϊστεύοντα,1,0,1
29249,ἔκλιν,1,0,1
29250,ὀρσοθύρη,1,0,1
29251,ἐϋδμήτῳ,1,0,1
29252,λαύρην,1,0,1
29253,ἐφορμή,1,0,1
29254,Ἀγέλεως,2,0,2
29255,ὀρσοθύρην,2,0,2
29256,ἀναβαίη,1,0,1
29257,λαύρης,1,0,1
29258,κατθέσθην,1,0,1
29259,ῥῶγας,1,0,1
29260,τόσσας,1,0,1
29261,περιβαλλομένους,1,0,1
29262,τινάσσοντας,1,0,1
29263,ἤμβροτον—οὐδέ,1,0,1
29264,αἴτιος—ὅς,1,0,1
29265,ἐπίθες,1,0,1
29266,ῥέζει,1,0,1
29267,ἀποκτείνω,1,0,1
29268,ὑπερβασίας,1,0,1
29269,σχήσομεν,1,0,1
29270,ἀποστρέψαντε,2,0,2
29271,ἐκδῆσαι,1,0,1
29272,πειρήναντε,2,0,2
29273,πελάσαι,1,0,1
29274,δοκοῖσιν,1,0,1
29275,λαθέτην,1,0,1
29276,ἐρεύνα,1,0,1
29277,ἄζῃ,1,0,1
29278,κουρίζων,1,0,1
29279,ῥαφαί,1,0,1
29280,ἱμάντων,1,0,1
29281,ἐπαΐξανθ,1,0,1
29282,ἔρυσάν,1,0,1
29283,κουρίξ,1,0,1
29284,ἀχνύμενον,1,0,1
29285,θυμαλγέϊ,1,0,1
29286,πέλασάν,1,0,1
29287,δοκοῖσι,1,0,1
29288,Μελάνθιε,1,0,1
29289,φυλάξεις,1,0,1
29290,ἐπερχομένη,1,0,1
29291,ἡνίκ,1,0,1
29292,ἀγινεῖς,1,0,1
29293,δύντε,1,0,1
29294,ἐπιθέντε,1,0,1
29295,παραιπεπίθῃσιν,1,0,1
29296,κτέωμεν,1,0,1
29297,κράατι,1,0,1
29298,τίσεις,1,0,1
29299,ἀφελώμεθα,1,0,1
29300,ὁπόσσα,1,0,1
29301,θύρηφι,1,0,1
29302,μεταμίξομεν,1,0,1
29303,κεδνήν,1,0,1
29304,πολεύειν,1,0,1
29305,εὐπατερείῃ,1,0,1
29306,ἐμάρναο,1,0,1
29307,ἥλω,1,0,1
29308,Ἀλκιμίδης,1,0,1
29309,εὐεργεσίας,1,0,1
29310,σθένεός,1,0,1
29311,υἱοῦ,1,0,1
29312,αἰθαλόεντος,1,0,1
29313,ἀναΐξασα,1,0,1
29314,Εὐρύνομός,1,0,1
29315,Ἀμφιμέδων,2,0,2
29316,Δημοπτόλεμός,1,0,1
29317,Πείσανδρός,1,0,1
29318,Πολυκτορίδης,1,0,1
29319,Πόλυβός,1,0,1
29320,ἔζωον,1,0,1
29321,ψυχέων,1,0,1
29322,κενά,1,0,1
29323,εὔγματα,1,0,1
29324,λείπονται,1,0,1
29325,ἐφίετε,1,0,1
29326,ἀκοντίσατ,1,0,1
29327,ἀκόντισαν,4,0,4
29328,ἀλεύαντο,1,0,1
29329,ἀκοντίσαι,1,0,1
29330,ἐξεναρίξαι,1,0,1
29331,Δημοπτόλεμον,1,0,1
29332,Εὐρυάδην,1,0,1
29333,μυχόνδε,1,0,1
29334,λίγδην,1,0,1
29335,δηλήσατο,1,0,1
29336,ἐπέγραψεν,1,0,1
29337,Εὐρυδάμαντα,1,0,1
29338,Ἀμφιμέδοντα,2,0,2
29339,Πολυθερσεΐδη,1,0,1
29340,φιλοκέρτομε,1,0,1
29341,ἀλητεύοντι,1,0,1
29342,ἑλίκων,1,0,1
29343,Εὐηνορίδην,1,0,1
29344,φθισίμβροτον,1,0,1
29345,ἀνέσχεν,1,0,1
29346,ὀροφῆς,1,0,1
29347,ἐπτοίηθεν,1,0,1
29348,ἀγελαῖαι,1,0,1
29349,οἶστρος,1,0,1
29350,ἐδόνησεν,1,0,1
29351,ὀρνίθεσσι,1,0,1
29352,θόρωσι,1,0,1
29353,πτώσσουσαι,1,0,1
29354,ἐπάλμενοι,1,0,1
29355,φυγή,1,0,1
29356,χαίρουσι,1,0,1
29357,ἄγρῃ,1,0,1
29358,ἐπεσσύμενοι,1,0,1
29359,κράτων,2,0,2
29360,τυπτομένων,2,0,2
29361,λειώδης,1,0,1
29362,παύεσκον,1,0,1
29363,ἔχεσθαι,1,0,1
29364,κείσομαι,1,0,1
29365,εὐεργέων,1,0,1
29366,ἀρήμεναι,1,0,1
29367,δυσηλεγέα,1,0,1
29368,προφύγοισθα,1,0,1
29369,Τερπιάδης,1,0,1
29370,ἀλύσκανε,1,0,1
29371,χείρεσσίν,1,0,1
29372,μερμήριζεν,1,0,1
29373,ἑρκείου,1,0,1
29374,ἵζοιτο,1,0,1
29375,ἔκηαν,1,0,1
29376,προσαΐξας,3,0,3
29377,πέφνῃς,1,0,1
29378,ἀείδω,1,0,1
29379,αὐτοδίδακτος,1,0,1
29380,ἐνέφυσεν,1,0,1
29381,παραείδειν,1,0,1
29382,δειροτομῆσαι,1,0,1
29383,πωλεύμην,1,0,1
29384,ἀεισόμενος,1,0,1
29385,κρείσσονες,1,0,1
29386,ἤκουσ,1,0,1
29387,οὔταε,1,0,1
29388,κηδέσκετο,1,0,1
29389,ὀρινομένῳ,1,0,1
29390,νεόδαρτον,1,0,1
29391,ἀλύσκων,2,0,2
29392,ἀπέδυνε,1,0,1
29393,περισθενέων,1,0,1
29394,ἔτιον,1,0,1
29395,γνῷς,1,0,1
29396,κακοεργίης,1,0,1
29397,εὐεργεσίη,1,0,1
29398,ἐξελθόντες,1,0,1
29399,ἕζεσθε,1,0,1
29400,πολύφημος,1,0,1
29401,πονήσομαι,1,0,1
29402,κιόντε,1,0,1
29403,παπταίνοντε,1,0,1
29404,ποτιδεγμένω,1,0,1
29405,ὑποκλοπέοιτο,1,0,1
29406,πεπτεῶτας,1,0,1
29407,ἰχθύας,1,0,1
29408,ἁλιῆες,1,0,1
29409,αἰγιαλόν,1,0,1
29410,δικτύῳ,1,0,1
29411,ἐξέρυσαν,2,0,2
29412,πολυωπῷ,1,0,1
29413,κέχυντο,1,0,1
29414,κάλεσον,1,0,1
29415,εἴπωμι,1,0,1
29416,καταθύμιόν,1,0,1
29417,γρηΰ,2,0,2
29418,κικλήσκει,1,0,1
29419,ὤϊξεν,1,0,1
29420,κταμένοισι,2,0,2
29421,ὥστε,1,0,1
29422,παρήϊά,1,0,1
29423,ἴθυσέν,1,0,1
29424,ὀλολύξαι,1,0,1
29425,ἱεμένην,1,0,1
29426,ὀλόλυζε,1,0,1
29427,κταμένοισιν,1,0,1
29428,τίεσκον,2,0,2
29429,διδάξαμεν,1,0,1
29430,εἴριά,1,0,1
29431,ξαίνειν,1,0,1
29432,δουλοσύνην,1,0,1
29433,ἀναιδείης,1,0,1
29434,ἐπέβησαν,2,0,2
29435,τίουσαι,1,0,1
29436,εἴασκεν,1,0,1
29437,ἀναβᾶσ,1,0,1
29438,ἐπέγειρε,1,0,1
29439,ἄρχετε,1,0,1
29440,ἄνωχθε,1,0,1
29441,καθαίρειν,1,0,1
29442,κατακοσμήσησθε,1,0,1
29443,θόλου,2,0,2
29444,ἕρκεος,3,0,3
29445,θεινέμεναι,1,0,1
29446,τανυήκεσιν,1,0,1
29447,ἐξαφέλησθε,1,0,1
29448,ἐκλελάθωντ,1,0,1
29449,μίσγοντό,1,0,1
29450,αἴν,1,0,1
29451,ὀλοφυρόμεναι,2,0,2
29452,φόρεον,2,0,2
29453,τίθεσαν,2,0,2
29454,ἐρείδουσαι,1,0,1
29455,σήμαινε,1,0,1
29456,ἐκφόρεον,1,0,1
29457,κάθαιρον,1,0,1
29458,συβώτῃς,1,0,1
29459,λίστροισιν,1,0,1
29460,ξῦον,1,0,1
29461,ἐφόρεον,1,0,1
29462,διεκοσμήσαντο,1,0,1
29463,εἴλεον,1,0,1
29464,κίονος,1,0,1
29465,ἐξάψας,1,0,1
29466,περίβαλλε,1,0,1
29467,θόλοιο,1,0,1
29468,ἐπεντανύσας,1,0,1
29469,κίχλαι,1,0,1
29470,ἕρκει,1,0,1
29471,ἐνιπλήξωσι,1,0,1
29472,ἐσιέμεναι,1,0,1
29473,πάσαις,1,0,1
29474,δειρῇσι,1,0,1
29475,βρόχοι,1,0,1
29476,οἴκτιστα,1,0,1
29477,θάνοιεν,1,0,1
29478,ἤσπαιρον,1,0,1
29479,πρόθυρόν,1,0,1
29480,κόπτον,1,0,1
29481,ἀπονιψάμενοι,1,0,1
29482,θέειον,1,0,1
29483,θεειώσω,1,0,1
29484,ἕσταθ,1,0,1
29485,θήϊον,1,0,1
29486,διεθείωσεν,1,0,1
29487,ἀμφεχέοντο,1,0,1
29488,ἠσπάζοντ,1,0,1
29489,ἀγαπαξόμεναι,1,0,1
29490,αἰνύμεναι,1,0,1
29491,ἀνεβήσετο,1,0,1
29492,καγχαλόωσα,2,0,2
29493,δεσποίνῃ,1,0,1
29494,ὑπερικταίνοντο,1,0,1
29495,ἔλδεαι,1,0,1
29496,κήδεσκον,1,0,1
29497,ἔδον,1,0,1
29498,βιόωντό,1,0,1
29499,μάργην,1,0,1
29500,ἐπίφρονά,1,0,1
29501,χαλιφρονέοντα,1,0,1
29502,σαοφροσύνης,1,0,1
29503,ἔβλαψαν,1,0,1
29504,αἰσίμη,1,0,1
29505,λωβεύεις,1,0,1
29506,πολυπενθέα,1,0,1
29507,ἀνεγείρεις,1,0,1
29508,κατάβηθι,1,0,1
29509,ἤγγειλε,1,0,1
29510,ἀνέγειρεν,1,0,1
29511,ἀπέπεμψα,1,0,1
29512,λωβεύω,1,0,1
29513,ἀτίμων,1,0,1
29514,σαοφροσύνῃσι,1,0,1
29515,ἔκευθεν,1,0,1
29516,λέκτροιο,2,0,2
29517,θοροῦσα,1,0,1
29518,περιπλέχθη,1,0,1
29519,εὐπήκτων,1,0,1
29520,ἀτυζόμεναι,1,0,1
29521,κάλεσσε,1,0,1
29522,ἑσταόθ,1,0,1
29523,κραταίπεδον,1,0,1
29524,κείατ,1,0,1
29525,ἰδοῦσά,1,0,1
29526,ἰάνθης,1,0,1
29527,θεειοῦται,1,0,1
29528,κηάμενος,1,0,1
29529,ἐϋφροσύνης,1,0,1
29530,ἐπιβῆτον,1,0,1
29531,ἔρεζον,1,0,1
29532,ἐπεύχεο,1,0,1
29533,ἀσπαστός,2,0,2
29534,ἀγασσάμενος,1,0,1
29535,ἀτασθαλίας,1,0,1
29536,ἀπονίζουσα,1,0,1
29537,φρασάμην,1,0,1
29538,πολυϊδρείῃσι,1,0,1
29539,περιδώσομαι,1,0,1
29540,ἐξαπάφω,1,0,1
29541,κτεῖναί,1,0,1
29542,εἴρυσθαι,2,0,2
29543,πολύϊδριν,1,0,1
29544,τεθνηότας,1,0,1
29545,ἐξερεείνοι,1,0,1
29546,παρστᾶσα,1,0,1
29547,κύσειε,1,0,1
29548,εἰσῆλθεν,1,0,1
29549,ἄνεω,1,0,1
29550,ἐνωπαδίως,1,0,1
29551,ἐσίδεσκεν,1,0,1
29552,ἀγνώσασκε,1,0,1
29553,ὀνόμαξε,1,0,1
29554,δύσμητερ,1,0,1
29555,νοσφίζεαι,1,0,1
29556,ἀφεσταίη,2,0,2
29557,στερεωτέρη,1,0,1
29558,τέθηπεν,1,0,1
29559,προσφάσθαι,1,0,1
29560,γνωσόμεθ,1,0,1
29561,σήμαθ,1,0,1
29562,κεκρυμμένα,1,0,1
29563,φράσεται,1,0,1
29564,ἀπέκταμεν,1,0,1
29565,λεῦσσε,1,0,1
29566,ἐρίσειε,1,0,1
29567,λούσασθε,1,0,1
29568,ἀμφιέσασθε,1,0,1
29569,ἀνώγετε,1,0,1
29570,ἡγείσθω,1,0,1
29571,φιλοπαίγμονος,1,0,1
29572,στείχων,1,0,1
29573,ἀμφιέσαντο,1,0,1
29574,ὅπλισθεν,1,0,1
29575,περιστεναχίζετο,1,0,1
29576,παιζόντων,1,0,1
29577,βασίλειαν,1,0,1
29578,χρῖσεν,2,0,2
29579,περίχευε,1,0,1
29580,ἀτέραμνον,1,0,1
29581,στόρεσον,2,0,2
29582,μεγαλίζομαι,1,0,1
29583,ἄγαμαι,1,0,1
29584,ἐκθεῖσαι,1,0,1
29585,ἐμβάλετ,1,0,1
29586,πειρωμένη,1,0,1
29587,ἄλλοσε,2,0,2
29588,μετοχλίσσειεν,1,0,1
29589,λέχει,1,0,1
29590,ἀσκητῷ,1,0,1
29591,θάμνος,1,0,1
29592,ἔφυ,1,0,1
29593,ἀκμηνός,1,0,1
29594,θαλέθων,1,0,1
29595,πάχετος,1,0,1
29596,κίων,1,0,1
29597,ἀμφιβαλών,1,0,1
29598,δέμον,1,0,1
29599,ἐτέλεσσα,2,0,2
29600,λιθάδεσσι,1,0,1
29601,τανυφύλλου,1,0,1
29602,κορμόν,1,0,1
29603,ῥίζης,1,0,1
29604,ἀμφέξεσα,1,0,1
29605,ἴθυνα,1,0,1
29606,ἑρμῖν,1,0,1
29607,τέτρηνα,1,0,1
29608,τερέτρῳ,1,0,1
29609,ἔξεον,1,0,1
29610,ἐτάνυσσα,1,0,1
29611,δράμεν,1,0,1
29612,δειρῇ,1,0,1
29613,ἔκυσ,1,0,1
29614,σκύζευ,1,0,1
29615,πέπνυσο,1,0,1
29616,ὤπαζον,1,0,1
29617,ταρπῆναι,1,0,1
29618,ἀγάπησα,1,0,1
29619,ἐρρίγει,1,0,1
29620,ἀπάφοιτο,1,0,1
29621,βουλεύουσιν,1,0,1
29622,μούνη,1,0,1
29623,Ἀκτορίς,1,0,1
29624,πυκινοῦ,1,0,1
29625,πείθεις,1,0,1
29626,νηχομένοισι,1,0,1
29627,ῥαίσῃ,1,0,1
29628,ἐξέφυγον,1,0,1
29629,νηχόμενοι,1,0,1
29630,τέτροφεν,1,0,1
29631,ἅλμη,1,0,1
29632,ἐπέβαν,1,0,1
29633,φυγόντες,1,0,1
29634,εἰσοροώσῃ,1,0,1
29635,ἀφίετο,1,0,1
29636,ὀδυρομένοισι,1,0,1
29637,περάτῃ,1,0,1
29638,ῥύσατ,1,0,1
29639,ζεύγνυσθ,1,0,1
29640,φέροντας,1,0,1
29641,Λάμπον,1,0,1
29642,Φαέθονθ,1,0,1
29643,ἀμέτρητος,1,0,1
29644,μαντεύσατο,1,0,1
29645,κατέβην,1,0,1
29646,λέκτρονδ,1,0,1
29647,κοιμηθέντε,1,0,1
29648,πεύσομαι,1,0,1
29649,ὀτρύνουσα,1,0,1
29650,κεχαρήσεται,1,0,1
29651,εὐῆρες,1,0,1
29652,εὐήρε,1,0,1
29653,κεύσω,1,0,1
29654,πήξαντ,1,0,1
29655,ἔρξανθ,1,0,1
29656,γήρας,1,0,1
29657,τελεῖσθαι,1,0,1
29658,τελέουσιν,1,0,1
29659,ὑπάλυξιν,1,0,1
29660,ἔντυον,1,0,1
29661,μαλακῆς,2,0,2
29662,κείουσα,1,0,1
29663,λέχοσδε,1,0,1
29664,θεσμόν,1,0,1
29665,ἐταρπήτην,1,0,1
29666,ἐνέποντε,1,0,1
29667,ἐσορῶσ,1,0,1
29668,πίθων,1,0,1
29669,ἠφύσσετο,1,0,1
29670,ὀϊζύσας,1,0,1
29671,ἔλεγ,1,0,1
29672,ἐτέρπετ,1,0,1
29673,ἀκούουσ,1,0,1
29674,πῖπτεν,1,0,1
29675,καταλέξαι,1,0,1
29676,ἤρξατο,1,0,1
29677,Κίκονας,1,0,1
29678,ἔρξε,1,0,1
29679,ἀπετίσατο,1,0,1
29680,ἤσθιεν,1,0,1
29681,Αἴολον,1,0,1
29682,ἀφίκανεν,1,0,1
29683,ὄλεσαν,2,0,2
29684,κατέλεξε,1,0,1
29685,πολυμηχανίην,1,0,1
29686,ἄλυξαν,1,0,1
29687,κατέπεφνον,2,0,2
29688,ψολόεντι,1,0,1
29689,ἔφθιθεν,1,0,1
29690,ἄλυξεν,1,0,1
29691,πέμψαν,1,0,1
29692,δεύτατον,1,0,1
29693,ἠριγένειαν,1,0,1
29694,ἔτελλεν,1,0,1
29695,κεκορήμεθ,1,0,1
29696,πολυκηδέα,1,0,1
29697,πεδάασκον,1,0,1
29698,κατέκειραν,1,0,1
29699,ληΐσσομαι,1,0,1
29700,ἐνιπλήσωσιν,1,0,1
29701,ἐπαύλους,1,0,1
29702,ἔπειμι,1,0,1
29703,ὀψόμενος,1,0,1
29704,ἀκάχηται,1,0,1
29705,πινυτῇ,1,0,1
29706,ἀπίθησαν,1,0,1
29707,ἐθωρήσσοντο,1,0,1
29708,ὤϊξαν,1,0,1
29709,ἤϊον,2,0,2
29710,κατακρύψασα,1,0,1
29711,Κυλλήνιος,1,0,1
29712,ἐξεκαλεῖτο,1,0,1
29713,τρίζουσαι,2,0,2
29714,νυκτερίδες,1,0,1
29715,ποτέονται,1,0,1
29716,ἀποπέσῃσιν,1,0,1
29717,ὁρμαθοῦ,1,0,1
29718,τετριγυῖαι,1,0,1
29719,Λευκάδα,1,0,1
29720,ἔφαμεν,1,0,1
29721,πολλοῖσίν,1,0,1
29722,ἄνασσες,2,0,2
29723,παραστήσεσθαι,1,0,1
29724,ἀπονήμενος,1,0,1
29725,ἤρα,1,0,1
29726,Ἀτρείδαο,1,0,1
29727,ὄλβιε,2,0,2
29728,ἐμαρνάμεθ,1,0,1
29729,παυσάμεθα,1,0,1
29730,πτολέμου,2,0,2
29731,ἐνείκαμεν,1,0,1
29732,κάτθεμεν,1,0,1
29733,καθήραντες,1,0,1
29734,ὕδατί,1,0,1
29735,ἀλείφατι,3,0,3
29736,κείροντό,1,0,1
29737,θρήνεον,1,0,1
29738,ἀδάκρυτόν,1,0,1
29739,ἐνόησας,1,0,1
29740,ὑπώρορε,1,0,1
29741,λίγεια,1,0,1
29742,κλαίομεν,1,0,1
29743,θνητοί,1,0,1
29744,ἔδομεν,1,0,1
29745,κατεκτάνομεν,1,0,1
29746,καίεο,1,0,1
29747,ἐσθῆτι,1,0,1
29748,λέγομεν,1,0,1
29749,ἀκρήτῳ,1,0,1
29750,ἀμφιφορῆα,1,0,1
29751,φάσκ,1,0,1
29752,μίγδα,1,0,1
29753,τῖες,1,0,1
29754,χεύαμεν,1,0,1
29755,ἱερός,1,0,1
29756,στρατός,1,0,1
29757,προὐχούσῃ,1,0,1
29758,τηλεφανής,1,0,1
29759,ποντόφιν,1,0,1
29760,αἰτήσασα,1,0,1
29761,τάφῳ,1,0,1
29762,ζώννυνταί,1,0,1
29763,ἐπεντύνονται,1,0,1
29764,θηήσαο,1,0,1
29765,ὤλεσας,1,0,1
29766,τολύπευσα,1,0,1
29767,δαμέντων,1,0,1
29768,θαμβήσαντ,1,0,1
29769,ἐσιδέσθην,1,0,1
29770,Μελανῆος,1,0,1
29771,Ἀμφίμεδον,1,0,1
29772,ἔδυτε,1,0,1
29773,ὁμήλικες,1,0,1
29774,λέξαιτο,1,0,1
29775,περιταμνομένους,1,0,1
29776,μαχεούμενοι,1,0,1
29777,μηνί,1,0,1
29778,οὔλῳ,1,0,1
29779,περήσαμεν,1,0,1
29780,Ἀμφιμέδοντος,1,0,1
29781,μνώμεθ,1,0,1
29782,ἐτελεύτα,1,0,1
29783,φραζομένη,1,0,1
29784,ὑφήνασα,1,0,1
29785,πλύνασ,1,0,1
29786,σελήνῃ,1,0,1
29787,ἀρτύναντε,1,0,1
29788,προφανέντ,1,0,1
29789,προγενέστεροι,1,0,1
29790,ἔπεσίν,1,0,1
29791,ἐνίσσομεν,1,0,1
29792,βολῇσιν,1,0,1
29793,βαλλόμενος,1,0,1
29794,ἐνισσόμενος,1,0,1
29795,νοός,1,0,1
29796,ἐκλήϊσεν,1,0,1
29797,πολυκερδείῃσιν,1,0,1
29798,ὁμοκλέομεν,1,0,1
29799,πολλ,1,0,1
29800,ἀγορεύοι,1,0,1
29801,σώματ,1,0,1
29802,ἀπονίψαντες,1,0,1
29803,ὠτειλέων,1,0,1
29804,κατθέμενοι,1,0,1
29805,γοάοιεν,1,0,1
29806,πάϊ,1,0,1
29807,ἐκτήσω,1,0,1
29808,ἀγαθαί,1,0,1
29809,μέμνητ,1,0,1
29810,κουριδίου,1,0,1
29811,κτείνασα,1,0,1
29812,ὀπάσσει,1,0,1
29813,κτεάτισσεν,1,0,1
29814,κλίσιον,1,0,1
29815,σιτέσκοντο,1,0,1
29816,ἵζανον,1,0,1
29817,ἀναγκαῖοι,2,0,2
29818,ἐργάζοντο,1,0,1
29819,Σικελή,3,0,3
29820,κομέεσκεν,2,0,2
29821,ἔλθετ,1,0,1
29822,ἱερεύσατε,1,0,1
29823,ἐπιγνώῃ,1,0,1
29824,ἀγνοιῇσι,1,0,1
29825,πολυκάρπου,1,0,1
29826,ὄρχατον,3,0,3
29827,ἐσκαταβαίνων,1,0,1
29828,λέξοντες,1,0,1
29829,λιστρεύοντα,1,0,1
29830,ῥαπτόν,1,0,1
29831,κνήμῃσι,1,0,1
29832,ῥαπτάς,1,0,1
29833,γραπτῦς,1,0,1
29834,χειρῖδάς,1,0,1
29835,βάτων,1,0,1
29836,αἰγείην,1,0,1
29837,βλωθρήν,1,0,1
29838,ὄγχνην,1,0,1
29839,κύσσαι,1,0,1
29840,περιφῦναι,1,0,1
29841,κατέχων,1,0,1
29842,ἀμφελάχαινε,1,0,1
29843,ἀδαημονίη,1,0,1
29844,συκέη,1,0,1
29845,ἄμπελος,1,0,1
29846,πρασιή,1,0,1
29847,αὐχμεῖς,1,0,1
29848,ἀεργίης,1,0,1
29849,κομίζει,1,0,1
29850,δούλειον,1,0,1
29851,ἐπιπρέπει,1,0,1
29852,τοιούτῳ,1,0,1
29853,λούσαιτο,1,0,1
29854,εὑδέμεναι,1,0,1
29855,δμώς,1,0,1
29856,ἀμφιπολεύεις,1,0,1
29857,ἀρτίφρων,1,0,1
29858,τόλμησεν,1,0,1
29859,Ἀρκεισιάδην,1,0,1
29860,εἰδαλίμας,1,0,1
29861,ἀτάσθαλοι,1,0,1
29862,ἐκίχεις,1,0,1
29863,δώροισιν,1,0,1
29864,ἀμειψάμενος,1,0,1
29865,ξενίῃ,2,0,2
29866,ἀγαθῇ,1,0,1
29867,ὑπάρξῃ,1,0,1
29868,πόστον,1,0,1
29869,ξείνισσας,1,0,1
29870,θηρσί,1,0,1
29871,κλαῦσε,1,0,1
29872,περιστείλασα,1,0,1
29873,κώκυσ,1,0,1
29874,ἐπεῴκει,1,0,1
29875,καθελοῦσα,1,0,1
29876,θοή,1,0,1
29877,ἀντιθέους,1,0,1
29878,ἐκβήσαντες,1,0,1
29879,Ἀλύβαντος,1,0,1
29880,ναίω,1,0,1
29881,Ἀφείδαντος,1,0,1
29882,Πολυπημονίδαο,1,0,1
29883,Ἐπήριτος,1,0,1
29884,πλάγξ,1,0,1
29885,Σικανίης,1,0,1
29886,δεξιοί,1,0,1
29887,διδώσειν,1,0,1
29888,προὔτυψε,1,0,1
29889,ἐπιάλμενος,1,0,1
29890,σπευδέμεν,1,0,1
29891,τινύμενος,1,0,1
29892,πεποίθω,1,0,1
29893,Παρνησῷ,1,0,1
29894,οἰχόμενον,1,0,1
29895,προΐεις,1,0,1
29896,Αὐτόλυκον,1,0,1
29897,δένδρε,1,0,1
29898,ᾔτεόν,1,0,1
29899,ἱκνεύμεσθα,1,0,1
29900,ὠνόμασας,1,0,1
29901,ὄγχνας,1,0,1
29902,μηλέας,1,0,1
29903,συκέας,1,0,1
29904,τεσσαράκοντ,1,0,1
29905,ὄρχους,1,0,1
29906,ὀνόμηνας,1,0,1
29907,διατρύγιος,1,0,1
29908,σταφυλαί,1,0,1
29909,ἔασιν—,1,0,1
29910,ἐπιβρίσειαν,1,0,1
29911,ἀναγνόντος,1,0,1
29912,ἀποψύχοντα,1,0,1
29913,ἐπέλθωσιν,1,0,1
29914,ἐποτρύνωσι,1,0,1
29915,πολίεσσι,1,0,1
29916,ὀρχάτου,1,0,1
29917,προὔπεμψ,1,0,1
29918,ἐφοπλίσσωσι,1,0,1
29919,ταμνομένους,1,0,1
29920,κερῶντάς,1,0,1
29921,Νήρικον,1,0,1
29922,Κεφαλλήνεσσιν,1,0,1
29923,ἐφεστάμεναι,1,0,1
29924,ἐγήθεις,1,0,1
29925,ἐπεχείρεον,1,0,1
29926,κάλεσσεν,1,0,1
29927,ἔμαρψεν,1,0,1
29928,ἵζ,1,0,1
29929,ἀπεκλελάθεσθε,1,0,1
29930,θάμβευς,1,0,1
29931,ἐπιχειρήσειν,1,0,1
29932,Ὀδυσεῦς,1,0,1
29933,νόστησας,1,0,1
29934,ὀϊομένοισι,1,0,1
29935,οὖλέ,1,0,1
29936,νοστήσαντά,1,0,1
29937,ὀτρύνωμεν,1,0,1
29938,Δολίου,2,0,2
29939,φύοντο,1,0,1
29940,σφόν,1,0,1
29941,Ὄσσα,1,0,1
29942,ἐνέπουσα,1,0,1
29943,μυχμῷ,1,0,1
29944,προπάροιθ,2,0,2
29945,οἴκων,1,0,1
29946,ἁλιεῦσι,1,0,1
29947,Εὐπείθης,2,0,2
29948,Ἀντινόου,1,0,1
29949,ἐμήσατ,1,0,1
29950,κατηφέες,1,0,1
29951,ἐσσόμεθ,1,0,1
29952,φονῆας,1,0,1
29953,ζωέμεν,1,0,1
29954,φθιμένοισι,1,0,1
29955,φθέωσι,1,0,1
29956,περαιωθέντες,1,0,1
29957,ὀρίνων,1,0,1
29958,πείθεσθ,1,0,1
29959,ὑμετέρους,1,0,1
29960,ἔρεξαν,1,0,1
29961,φάντο,1,0,1
29962,ἡμίσεων,1,0,1
29963,πλείους,1,0,1
29964,Εὐπείθει,1,0,1
29965,πείθοντ,1,0,1
29966,ἐφέψειν,1,0,1
29967,εἰρομένῃ,1,0,1
29968,κεύθει,1,0,1
29969,τεύξεις,1,0,1
29970,βασιλευέτω,1,0,1
29971,ἔκλησιν,1,0,1
29972,θέωμεν,1,0,1
29973,φιλεόντων,1,0,1
29974,πλοῦτος,1,0,1
29975,εἰρήνη,1,0,1
29976,μελίφρονος,1,0,1
29977,ὦσι,1,0,1
29978,ἔσιδε,1,0,1
29979,ὁπλιζώμεθα,1,0,1
29980,τεύχεσσι,1,0,1
29981,πολιοί,1,0,1
29982,πολεμισταί,1,0,1
29983,ὤϊξάν,1,0,1
29984,καταισχύνειν,1,0,1
29985,ἀλκῇ,1,0,1
29986,κεκάσμεθα,1,0,1
29987,καταισχύνοντα,1,0,1
29988,Ἀρκεισιάδη,1,0,1
29989,μαλ,1,0,1
29990,Εὐπείθεα,1,0,1
29991,ἀνόστους,1,0,1
29992,ἴσχεσθε,1,0,1
29993,διακρινθῆτε,1,0,1
29994,τρωπῶντο,1,0,1
29995,ψολόεντα,1,0,1
